/*--------------------------------*- C++ -*----------------------------------*\
| =========                 |                                                 |
| \\      /  F ield         | OpenFOAM: The Open Source CFD Toolbox           |
|  \\    /   O peration     | Version:  5.x                                   |
|   \\  /    A nd           | Web:      www.OpenFOAM.org                      |
|    \\/     M anipulation  |                                                 |
\*---------------------------------------------------------------------------*/
FoamFile
{
    version     2.0;
    format      ascii;
    class       surfaceScalarField;
    location    "8.9";
    object      phi;
}
// * * * * * * * * * * * * * * * * * * * * * * * * * * * * * * * * * * * * * //

dimensions      [0 3 -1 0 0 0 0];

internalField   nonuniform List<scalar> 
760
(
-9.84254e-07
9.84254e-07
-1.7327e-06
7.48445e-07
-2.12658e-06
3.93878e-07
-2.2083e-06
8.17216e-08
-2.20739e-06
-9.11437e-10
-2.17466e-06
-3.27292e-08
-2.2451e-06
7.04406e-08
-2.36725e-06
1.22152e-07
-2.23768e-06
-1.29571e-07
-2.26054e-06
2.28607e-08
-2.38738e-06
1.26839e-07
-2.34889e-06
-3.84916e-08
-2.37106e-06
2.21764e-08
-2.34914e-06
-2.19188e-08
-2.34897e-06
-1.76579e-10
-2.28269e-06
-6.62821e-08
-2.20738e-06
-7.5301e-08
-1.89072e-06
-3.1666e-07
-1.24053e-06
-6.50194e-07
-1.24053e-06
-6.54946e-07
1.6392e-06
-1.19201e-06
1.2855e-06
-1.50091e-06
7.02779e-07
-1.57451e-06
1.55329e-07
-1.42551e-06
-1.4991e-07
-1.2751e-06
-1.83148e-07
-1.07935e-06
-1.2531e-07
-9.07435e-07
-4.97583e-08
-9.60538e-07
-7.64688e-08
-9.31202e-07
-6.47506e-09
-8.83664e-07
7.93015e-08
-9.26917e-07
4.7609e-09
-9.64025e-07
5.92841e-08
-9.5366e-07
-3.22829e-08
-9.9007e-07
3.62334e-08
-9.60036e-07
-9.63163e-08
-9.91908e-07
-4.34289e-08
-1.03192e-06
-2.76653e-07
-8.95074e-07
-7.87036e-07
-2.1356e-06
-5.4863e-07
2.18783e-06
-9.77581e-07
1.71446e-06
-1.21097e-06
9.3617e-07
-1.23666e-06
1.81017e-07
-1.08772e-06
-2.98852e-07
-8.83248e-07
-3.87617e-07
-6.74936e-07
-3.33623e-07
-5.05603e-07
-2.19092e-07
-4.04265e-07
-1.77807e-07
-2.99496e-07
-1.11244e-07
-2.09334e-07
-1.08606e-08
-1.70301e-07
-3.42724e-08
-1.30391e-07
1.93747e-08
-1.27899e-07
-3.4775e-08
-1.01527e-07
9.86179e-09
-8.5952e-08
-1.11892e-07
-7.60058e-08
-5.33752e-08
-1.06727e-07
-2.45931e-07
-2.29991e-07
-6.63772e-07
-2.3656e-06
-4.02004e-07
2.58983e-06
-7.11476e-07
2.02393e-06
-8.81722e-07
1.10642e-06
-8.75858e-07
1.75153e-07
-7.28459e-07
-4.46251e-07
-5.48356e-07
-5.6772e-07
-3.96486e-07
-4.85493e-07
-2.59167e-07
-3.5641e-07
-1.8674e-07
-2.50234e-07
-1.32164e-07
-1.6582e-07
-7.44034e-08
-6.86213e-08
-4.80121e-08
-6.06637e-08
-3.52191e-08
6.58172e-09
-3.42029e-08
-3.57912e-08
-5.87433e-08
3.44022e-08
-9.78559e-08
-7.27791e-08
-1.54477e-07
3.24604e-09
-1.95433e-07
-2.04975e-07
-1.5289e-07
-7.06315e-07
-2.51849e-06
-2.47431e-07
2.83726e-06
-4.42115e-07
2.21861e-06
-5.33512e-07
1.19781e-06
-4.79066e-07
1.20708e-07
-3.80738e-07
-5.44579e-07
-2.9222e-07
-6.56238e-07
-2.33429e-07
-5.44284e-07
-1.88741e-07
-4.01098e-07
-1.6138e-07
-2.77595e-07
-1.24648e-07
-2.02552e-07
-7.7014e-08
-1.16256e-07
-4.00526e-08
-9.76251e-08
2.8306e-09
-3.63015e-08
3.39071e-08
-6.68677e-08
5.56821e-08
1.26271e-08
7.37755e-08
-9.08724e-08
5.53751e-08
2.16464e-08
3.21483e-08
-1.81749e-07
-1.21574e-08
-6.62009e-07
-2.53064e-06
-1.10197e-08
2.84828e-06
-9.03387e-08
2.29793e-06
-8.12143e-08
1.18869e-06
-7.95135e-09
4.74446e-08
1.45115e-08
-5.67042e-07
7.20201e-09
-6.48928e-07
4.92438e-09
-5.42007e-07
4.48492e-09
-4.00659e-07
1.5534e-08
-2.88644e-07
1.4533e-08
-2.01551e-07
2.27565e-08
-1.24479e-07
2.31515e-08
-9.80201e-08
2.46304e-08
-3.77803e-08
1.76204e-08
-5.98577e-08
2.25805e-08
7.66705e-09
-2.51569e-09
-6.57763e-08
1.33405e-08
5.79023e-09
4.75274e-09
-1.73161e-07
1.65117e-09
-6.58908e-07
-2.52899e-06
2.29415e-07
2.61887e-06
2.37698e-07
2.28965e-06
3.31605e-07
1.09478e-06
3.98133e-07
-1.90835e-08
3.53627e-07
-5.22536e-07
2.77792e-07
-5.73093e-07
2.00539e-07
-4.64754e-07
1.46428e-07
-3.46549e-07
1.05663e-07
-2.47878e-07
8.58687e-08
-1.81756e-07
7.64104e-08
-1.15021e-07
7.46589e-08
-9.62686e-08
7.19831e-08
-3.51045e-08
7.46363e-08
-6.25109e-08
6.6786e-08
1.55173e-08
5.98363e-08
-5.88265e-08
3.73893e-08
2.82372e-08
7.7899e-09
-1.43562e-07
-1.3295e-08
-6.37823e-07
-2.54229e-06
3.27163e-07
2.29171e-06
5.49153e-07
2.06766e-06
7.59086e-07
8.84848e-07
7.63276e-07
-2.32736e-08
6.11693e-07
-3.70952e-07
4.34705e-07
-3.96106e-07
2.93158e-07
-3.23206e-07
2.04605e-07
-2.57996e-07
1.45652e-07
-1.88925e-07
1.09706e-07
-1.4581e-07
8.42338e-08
-8.95489e-08
6.66373e-08
-7.86722e-08
5.78256e-08
-2.62928e-08
4.64999e-08
-5.11852e-08
4.62533e-08
1.57639e-08
3.46824e-08
-4.72556e-08
2.9881e-08
3.30386e-08
2.70104e-08
-1.40691e-07
2.01066e-08
-6.30919e-07
-2.52218e-06
3.67196e-07
1.92451e-06
7.94884e-07
1.63997e-06
1.00997e-06
6.69761e-07
9.52428e-07
3.4269e-08
7.81174e-07
-1.99698e-07
6.04088e-07
-2.1902e-07
4.54016e-07
-1.73134e-07
3.39773e-07
-1.43752e-07
2.52248e-07
-1.01401e-07
1.96863e-07
-9.04255e-08
1.58312e-07
-5.09973e-08
1.36008e-07
-5.63684e-08
1.15326e-07
-5.61112e-09
9.59253e-08
-3.17844e-08
7.57356e-08
3.59537e-08
5.19046e-08
-2.34246e-08
3.03002e-08
5.46429e-08
-1.35722e-08
-9.68185e-08
-4.25755e-08
-6.01916e-07
-2.56476e-06
5.23795e-07
1.40071e-06
1.00805e-06
1.15572e-06
1.0988e-06
5.7901e-07
9.25541e-07
2.07527e-07
6.75164e-07
5.06785e-08
4.84463e-07
-2.83186e-08
3.59526e-07
-4.81979e-08
2.81988e-07
-6.62139e-08
2.21732e-07
-4.11449e-08
1.7211e-07
-4.08028e-08
1.34662e-07
-1.35497e-08
9.52363e-08
-1.69426e-08
8.58917e-08
3.73345e-09
5.62389e-08
-2.1316e-09
7.03992e-08
2.17934e-08
8.23248e-08
-3.53502e-08
5.86883e-08
7.82795e-08
5.092e-08
-8.90502e-08
2.60476e-08
-5.77043e-07
-2.53871e-06
5.70671e-07
8.30044e-07
9.00978e-07
8.2541e-07
9.6754e-07
5.12449e-07
8.91812e-07
2.83255e-07
7.6628e-07
1.7621e-07
6.07482e-07
1.3048e-07
4.63547e-07
9.57365e-08
3.38537e-07
5.87966e-08
2.57813e-07
3.95789e-08
1.98956e-07
1.80539e-08
1.73772e-07
1.16347e-08
1.48638e-07
8.19178e-09
1.38911e-07
1.34599e-08
1.24335e-07
1.24446e-08
8.86023e-08
5.7526e-08
3.68267e-08
1.64254e-08
3.98315e-08
7.52747e-08
-4.96353e-09
-4.42552e-08
-4.10698e-08
-5.40937e-07
-2.57978e-06
6.842e-07
1.45843e-07
8.11441e-07
6.98169e-07
7.66722e-07
5.57168e-07
6.79063e-07
3.70915e-07
6.23176e-07
2.32097e-07
5.86169e-07
1.67487e-07
4.99747e-07
1.82158e-07
4.03774e-07
1.5477e-07
3.01258e-07
1.42094e-07
2.30305e-07
8.90069e-08
1.61755e-07
8.01846e-08
1.14165e-07
5.57823e-08
6.56331e-08
6.19917e-08
-1.67502e-08
9.48278e-08
4.277e-08
-1.99413e-09
-8.03002e-09
6.72254e-08
2.09213e-08
4.63234e-08
5.30738e-08
-7.64077e-08
2.02362e-08
-5.08099e-07
-2.55954e-06
5.0509e-07
-3.59247e-07
7.24224e-07
4.79035e-07
7.32037e-07
5.49355e-07
5.20028e-07
5.82923e-07
2.89914e-07
4.6221e-07
1.48546e-07
3.08855e-07
9.64835e-08
2.34221e-07
7.37402e-08
1.77514e-07
9.3455e-08
1.22379e-07
7.41208e-08
1.08341e-07
1.13333e-07
4.09726e-08
4.56318e-08
1.23483e-07
1.33366e-07
-2.57421e-08
1.12847e-07
1.15346e-07
9.48505e-08
1.60028e-08
8.00084e-08
8.20676e-08
1.01875e-07
2.44566e-08
1.03275e-07
-7.7808e-08
-1.69176e-08
-3.87906e-07
-2.57646e-06
1.63856e-07
-5.23103e-07
3.01026e-07
3.41865e-07
4.59997e-07
3.90384e-07
6.09228e-07
4.33692e-07
6.78917e-07
3.92522e-07
6.5871e-07
3.29062e-07
6.28329e-07
2.64601e-07
5.52498e-07
2.53345e-07
4.83226e-07
1.91652e-07
3.93759e-07
1.97808e-07
3.41431e-07
9.3301e-08
2.77462e-07
1.87452e-07
1.60375e-07
9.1345e-08
1.01996e-07
1.73725e-07
-1.36591e-07
2.5459e-07
-3.81409e-07
3.26885e-07
-1.40637e-07
-2.16316e-07
-1.52954e-08
-2.03149e-07
3.55936e-08
-4.38795e-07
-2.54087e-06
2.00043e-07
-7.23145e-07
2.49459e-07
2.92448e-07
1.2605e-07
5.13794e-07
1.11517e-07
4.48224e-07
8.83441e-08
4.15695e-07
9.77537e-08
3.19653e-07
1.54867e-08
3.46868e-07
4.94071e-09
2.63891e-07
-7.69276e-08
2.7352e-07
-8.04666e-08
2.01347e-07
-1.5605e-07
1.68884e-07
-1.85938e-07
2.1734e-07
-1.80483e-07
8.58892e-08
-2.88022e-07
2.81264e-07
2.76062e-09
-3.61925e-08
1.20083e-07
2.09563e-07
1.70024e-08
-1.13235e-07
-1.78252e-07
-7.89499e-09
-7.46653e-08
-5.42382e-07
-2.61553e-06
1.94615e-08
-7.42607e-07
4.73159e-08
2.64593e-07
1.15623e-07
4.45487e-07
2.90373e-07
2.73475e-07
2.89958e-07
4.16109e-07
3.44659e-07
2.64952e-07
3.80326e-07
3.11201e-07
3.94798e-07
2.49419e-07
4.43377e-07
2.24941e-07
4.34998e-07
2.09725e-07
4.67792e-07
1.3609e-07
3.86593e-07
2.9854e-07
4.75626e-07
-3.1446e-09
3.80277e-07
3.76614e-07
3.03318e-07
4.07662e-08
3.7344e-07
1.39441e-07
2.18004e-07
4.22013e-08
4.16703e-08
1.68438e-07
7.75093e-08
-5.78221e-07
-2.53802e-06
-3.53321e-07
-3.89285e-07
-5.9896e-07
5.10232e-07
-3.861e-07
2.32628e-07
-3.49144e-07
2.36518e-07
-2.94812e-07
3.61777e-07
-2.54699e-07
2.24839e-07
-1.85626e-07
2.42128e-07
-1.87054e-07
2.50847e-07
-1.39958e-07
1.77845e-07
-1.28302e-07
1.9807e-07
-1.27247e-07
1.35035e-07
-1.54262e-08
1.86719e-07
-1.24548e-07
1.05977e-07
-3.42852e-08
2.86351e-07
-8.89251e-08
9.54061e-08
-2.77271e-07
3.27787e-07
1.62118e-07
-3.97188e-07
2.28975e-07
1.01581e-07
3.835e-08
-3.87596e-07
-2.49967e-06
-5.046e-08
-3.38825e-07
2.74532e-07
1.8524e-07
2.9054e-07
2.16619e-07
2.75593e-07
2.51466e-07
3.55288e-07
2.82083e-07
3.85064e-07
1.95062e-07
4.33631e-07
1.93561e-07
5.0045e-07
1.84028e-07
5.01671e-07
1.76624e-07
5.58832e-07
1.40908e-07
5.10653e-07
1.83214e-07
5.43858e-07
1.53515e-07
5.66299e-07
8.35355e-08
4.89817e-07
3.62834e-07
6.56594e-07
-7.13707e-08
5.45013e-07
4.39367e-07
4.45674e-07
-2.97848e-07
2.66114e-07
2.81141e-07
2.35483e-07
-3.56964e-07
-2.26419e-06
-7.38966e-07
4.00141e-07
-8.54437e-07
3.0071e-07
-8.60737e-07
2.2292e-07
-7.90029e-07
1.80757e-07
-6.883e-07
1.80354e-07
-6.32233e-07
1.38995e-07
-5.98108e-07
1.59437e-07
-5.3569e-07
1.21609e-07
-4.90905e-07
1.3184e-07
-4.56748e-07
1.06751e-07
-3.77013e-07
1.0348e-07
-3.23091e-07
9.95919e-08
-2.93145e-07
5.35904e-08
-1.06443e-07
1.76131e-07
-2.53281e-07
7.5468e-08
3.76015e-08
1.48484e-07
-2.18926e-07
-4.13203e-08
1.14939e-07
-5.27236e-08
7.31063e-07
-9.73089e-07
-1.53313e-06
4.00141e-07
7.00851e-07
9.23771e-07
1.10453e-06
1.28488e-06
1.42388e-06
1.58331e-06
1.70492e-06
1.83676e-06
1.94351e-06
2.04699e-06
2.14659e-06
2.20018e-06
2.37631e-06
2.45177e-06
2.60026e-06
2.55894e-06
2.50621e-06
1.53313e-06
)
;

boundaryField
{
    movingWall
    {
        type            calculated;
        value           uniform 0;
    }
    fixedWalls
    {
        type            calculated;
        value           uniform 0;
    }
    frontAndBack
    {
        type            empty;
        value           nonuniform 0();
    }
}


// ************************************************************************* //
