/*--------------------------------*- C++ -*----------------------------------*\
| =========                 |                                                 |
| \\      /  F ield         | OpenFOAM: The Open Source CFD Toolbox           |
|  \\    /   O peration     | Version:  5.x                                   |
|   \\  /    A nd           | Web:      www.OpenFOAM.org                      |
|    \\/     M anipulation  |                                                 |
\*---------------------------------------------------------------------------*/
FoamFile
{
    version     2.0;
    format      ascii;
    class       volScalarField;
    location    "9.1";
    object      p;
}
// * * * * * * * * * * * * * * * * * * * * * * * * * * * * * * * * * * * * * //

dimensions      [0 2 -2 0 0 0 0];

internalField   nonuniform List<scalar> 
400
(
4.78659e-11
-0.000414987
-0.000799938
-0.0010187
-0.00112691
-0.00118849
-0.00124486
-0.00125796
-0.00120044
-0.00123388
-0.00129204
-0.00123535
-0.00124572
-0.00124327
-0.00122079
-0.00117484
-0.00105542
-0.000845147
-0.000637301
0.000258388
-0.000395369
-0.000706714
-0.000983591
-0.00114591
-0.00120899
-0.00124644
-0.00127835
-0.00127903
-0.00120716
-0.00121384
-0.00130917
-0.00123661
-0.00124841
-0.00125635
-0.00124504
-0.00121659
-0.001205
-0.0011542
-0.0010702
-0.000463751
-0.000742079
-0.000979691
-0.00120997
-0.00132016
-0.00131338
-0.00128406
-0.0012695
-0.00124669
-0.00122758
-0.00122312
-0.00126164
-0.00123171
-0.00125266
-0.00123903
-0.00124181
-0.00122339
-0.00121664
-0.00119461
-0.00114007
-0.000865806
-0.00109541
-0.00129493
-0.00148904
-0.00154745
-0.00148255
-0.00139184
-0.00133606
-0.00129407
-0.00126967
-0.00124093
-0.00125894
-0.00123835
-0.00123801
-0.00122938
-0.00122837
-0.00120992
-0.00121341
-0.00118963
-0.00121961
-0.00109621
-0.00140766
-0.00158545
-0.00176565
-0.00176526
-0.00163935
-0.00148256
-0.00138606
-0.00131801
-0.00127985
-0.00125103
-0.00125498
-0.00123325
-0.00124568
-0.00122639
-0.00124408
-0.00122212
-0.0012428
-0.0012252
-0.00123353
-0.00115807
-0.00165633
-0.00181389
-0.00200513
-0.00195612
-0.0017652
-0.0015545
-0.00142543
-0.00133932
-0.00129655
-0.00125866
-0.00125431
-0.00122778
-0.0012345
-0.0012118
-0.00122317
-0.00119877
-0.00121753
-0.00117917
-0.00121604
-0.00117933
-0.00176448
-0.00191758
-0.00212166
-0.00202943
-0.0017903
-0.00156407
-0.00142986
-0.00134051
-0.0012989
-0.00125864
-0.00125353
-0.00122893
-0.0012382
-0.00121606
-0.00123581
-0.00120787
-0.00123449
-0.00120313
-0.00123641
-0.00118727
-0.00165889
-0.00184051
-0.0020062
-0.00196332
-0.00172586
-0.00152627
-0.00140153
-0.00132158
-0.00128341
-0.0012448
-0.0012392
-0.00121317
-0.00122067
-0.00119685
-0.00121033
-0.00118566
-0.00121269
-0.00117221
-0.00121534
-0.00118389
-0.00140106
-0.00158804
-0.00175999
-0.00174961
-0.0015741
-0.0014341
-0.00134599
-0.00129024
-0.00126163
-0.00123642
-0.00123175
-0.00121408
-0.00122201
-0.0012029
-0.00122484
-0.00119212
-0.00122716
-0.00118697
-0.00124176
-0.00118649
-0.00110702
-0.00127777
-0.00146089
-0.00148353
-0.00140168
-0.00132429
-0.00127781
-0.00124456
-0.00122693
-0.00120702
-0.00120555
-0.0011893
-0.00119717
-0.00117779
-0.00119446
-0.00117256
-0.00120609
-0.00116201
-0.00121343
-0.00117162
-0.000861213
-0.0010347
-0.00120796
-0.00126095
-0.00125567
-0.00124052
-0.00122393
-0.0012137
-0.00120928
-0.00119992
-0.00120063
-0.00119179
-0.00120151
-0.00118685
-0.001209
-0.00117519
-0.00121371
-0.00116201
-0.00122376
-0.00116416
-0.00073487
-0.000928939
-0.00106408
-0.00112129
-0.00114007
-0.00114291
-0.00115658
-0.00115728
-0.00115818
-0.00115723
-0.00116393
-0.00115879
-0.00116536
-0.00115556
-0.00117351
-0.00115405
-0.00120098
-0.00114793
-0.00120032
-0.00114004
-0.000810598
-0.000976366
-0.00103297
-0.00106733
-0.00109404
-0.00113374
-0.00115843
-0.0011694
-0.00117006
-0.00117489
-0.00117452
-0.00117938
-0.00118794
-0.00117727
-0.00119986
-0.00115184
-0.00119516
-0.00114629
-0.00120662
-0.00112165
-0.000955216
-0.00107385
-0.00102699
-0.00106715
-0.00109089
-0.00110972
-0.00112846
-0.00113098
-0.00113264
-0.0011326
-0.00113777
-0.00114568
-0.00114602
-0.00114182
-0.00113066
-0.00115928
-0.00118578
-0.00109064
-0.00114883
-0.00112256
-0.00102477
-0.0010967
-0.00106312
-0.00106537
-0.00107278
-0.0010789
-0.00109412
-0.00110776
-0.00112465
-0.00113787
-0.00114347
-0.00117414
-0.00114455
-0.00119362
-0.00119779
-0.00118392
-0.00124772
-0.00116989
-0.00126546
-0.00115778
-0.00121166
-0.00114207
-0.00109734
-0.00109368
-0.00109522
-0.00108003
-0.00111597
-0.00110313
-0.00112568
-0.00112172
-0.00113446
-0.0011356
-0.00114121
-0.00117728
-0.00114793
-0.00113868
-0.00113807
-0.00114716
-0.00117816
-0.00112097
-0.000988459
-0.00112323
-0.00109177
-0.00107441
-0.00108451
-0.00107863
-0.00109555
-0.00109002
-0.0011254
-0.00111178
-0.00116271
-0.00113633
-0.00114631
-0.00118156
-0.00111304
-0.00121785
-0.00124669
-0.0011487
-0.00125961
-0.00104865
-0.000964832
-0.00111514
-0.00109539
-0.00107741
-0.00107381
-0.00107664
-0.00108781
-0.00110014
-0.00111159
-0.0011171
-0.00113024
-0.00110092
-0.00113982
-0.00112963
-0.00115385
-0.00123591
-0.0011847
-0.00105449
-0.00102201
-0.000870814
-0.000937471
-0.00106818
-0.00109508
-0.00109372
-0.00107422
-0.00106285
-0.00108438
-0.00109539
-0.00110203
-0.0011174
-0.00115094
-0.00110604
-0.00118158
-0.00112019
-0.00117559
-0.00121633
-0.00114017
-0.00128123
-0.00102604
-0.000614172
-0.00108411
-0.00107179
-0.0010297
-0.00106758
-0.00105652
-0.00106263
-0.0010799
-0.00109597
-0.00109317
-0.001117
-0.00110835
-0.00110485
-0.00110564
-0.0010767
-0.0011248
-0.00114276
-0.00114263
-0.000919677
-0.000437942
0.000804575
)
;

boundaryField
{
    movingWall
    {
        type            zeroGradient;
    }
    fixedWalls
    {
        type            zeroGradient;
    }
    frontAndBack
    {
        type            empty;
    }
}


// ************************************************************************* //
