/*--------------------------------*- C++ -*----------------------------------*\
| =========                 |                                                 |
| \\      /  F ield         | OpenFOAM: The Open Source CFD Toolbox           |
|  \\    /   O peration     | Version:  5.x                                   |
|   \\  /    A nd           | Web:      www.OpenFOAM.org                      |
|    \\/     M anipulation  |                                                 |
\*---------------------------------------------------------------------------*/
FoamFile
{
    version     2.0;
    format      ascii;
    class       surfaceScalarField;
    location    "11.4";
    object      phi;
}
// * * * * * * * * * * * * * * * * * * * * * * * * * * * * * * * * * * * * * //

dimensions      [0 3 -1 0 0 0 0];

internalField   nonuniform List<scalar> 
760
(
-1.01101e-06
1.01101e-06
-1.81477e-06
8.03763e-07
-2.08528e-06
2.70509e-07
-2.26166e-06
1.76381e-07
-2.30566e-06
4.39946e-08
-2.3629e-06
5.72392e-08
-2.36852e-06
5.62839e-09
-2.37367e-06
5.14897e-09
-2.41585e-06
4.21747e-08
-2.40764e-06
-8.21097e-09
-2.40015e-06
-7.49023e-09
-2.37669e-06
-2.34553e-08
-2.39167e-06
1.49831e-08
-2.34939e-06
-4.22871e-08
-2.35685e-06
7.46435e-09
-2.33021e-06
-2.6644e-08
-2.28045e-06
-4.97538e-08
-1.90985e-06
-3.70607e-07
-1.22564e-06
-6.84207e-07
-1.22564e-06
-6.69178e-07
1.68019e-06
-8.89997e-07
1.02458e-06
-9.84036e-07
3.64548e-07
-1.02362e-06
2.1597e-07
-1.0345e-06
5.48712e-08
-1.04199e-06
6.4725e-08
-1.04408e-06
7.71846e-09
-1.04913e-06
1.01979e-08
-1.01784e-06
1.0886e-08
-9.90143e-07
-3.59056e-08
-9.84839e-07
-1.27938e-08
-9.54209e-07
-5.40856e-08
-9.35828e-07
-3.39758e-09
-9.33104e-07
-4.50115e-08
-9.83145e-07
5.75056e-08
-9.93828e-07
-1.5961e-08
-1.03777e-06
-5.817e-09
-1.06355e-06
-3.44825e-07
-9.63308e-07
-7.84446e-07
-2.18895e-06
-2.91798e-07
1.97198e-06
-3.91064e-07
1.12385e-06
-3.62144e-07
3.35627e-07
-3.36809e-07
1.90636e-07
-3.36437e-07
5.44986e-08
-3.24376e-07
5.26641e-08
-3.06528e-07
-1.01293e-08
-2.89699e-07
-6.63122e-09
-2.6323e-07
-1.55831e-08
-2.4889e-07
-5.02451e-08
-2.18097e-07
-4.35867e-08
-2.21554e-07
-5.06286e-08
-2.03032e-07
-2.19196e-08
-2.22029e-07
-2.60148e-08
-2.294e-07
6.48771e-08
-2.55115e-07
9.75373e-09
-2.29964e-07
-3.09683e-08
-1.39925e-07
-4.34864e-07
-2.08201e-07
-7.16171e-07
-2.39715e-06
-1.35924e-07
2.10791e-06
-1.21939e-07
1.10986e-06
-1.0432e-07
3.18008e-07
-1.06529e-07
1.92845e-07
-1.63545e-07
1.11514e-07
-1.90582e-07
7.97014e-08
-2.0058e-07
-1.32221e-10
-2.08771e-07
1.56076e-09
-1.95916e-07
-2.8439e-08
-1.98331e-07
-4.78301e-08
-2.00551e-07
-4.13662e-08
-2.03549e-07
-4.7631e-08
-2.23138e-07
-2.32977e-09
-2.15175e-07
-3.39778e-08
-2.17023e-07
6.67246e-08
-1.2623e-07
-8.10397e-08
-1.06711e-07
-5.04872e-08
-2.45115e-07
-2.96459e-07
-2.32457e-07
-7.28829e-07
-2.6296e-06
-1.75908e-08
2.1255e-06
1.11658e-08
1.08111e-06
-3.74592e-08
3.66633e-07
-1.09616e-07
2.65002e-07
-1.84741e-07
1.86639e-07
-2.25998e-07
1.20958e-07
-2.43441e-07
1.73106e-08
-2.35202e-07
-6.67775e-09
-2.06968e-07
-5.6673e-08
-1.85354e-07
-6.94447e-08
-1.51463e-07
-7.52563e-08
-1.15291e-07
-8.38039e-08
-7.1506e-08
-4.61143e-08
-1.51638e-08
-9.032e-08
4.75903e-08
3.97047e-09
1.2664e-07
-1.60089e-07
1.14432e-07
-3.82787e-08
6.79261e-08
-2.49954e-07
2.06712e-08
-6.81574e-07
-2.60893e-06
2.66719e-09
2.12283e-06
2.34153e-09
1.08143e-06
-1.21054e-07
4.90029e-07
-1.78377e-07
3.22325e-07
-2.35453e-07
2.43716e-07
-2.63833e-07
1.49337e-07
-2.69013e-07
2.24906e-08
-2.50743e-07
-2.4947e-08
-2.21906e-07
-8.55105e-08
-1.95373e-07
-9.59775e-08
-1.76452e-07
-9.41774e-08
-1.4982e-07
-1.10436e-07
-1.3956e-07
-5.6374e-08
-1.14735e-07
-1.15145e-07
-9.60001e-08
-1.47645e-08
-1.12376e-07
-1.43713e-07
-7.12877e-08
-7.93672e-08
-6.0348e-08
-2.60893e-07
-5.38938e-08
-6.88028e-07
-2.66283e-06
1.40169e-08
2.10881e-06
6.44132e-08
1.03104e-06
-8.56913e-08
6.40133e-07
-2.44022e-07
4.80655e-07
-3.3036e-07
3.30054e-07
-3.60125e-07
1.79103e-07
-3.39162e-07
1.52705e-09
-3.00773e-07
-6.33355e-08
-2.43403e-07
-1.42881e-07
-1.95919e-07
-1.43461e-07
-1.37923e-07
-1.52174e-07
-9.5398e-08
-1.5296e-07
-4.14505e-08
-1.10322e-07
8.37393e-09
-1.6497e-07
4.95445e-08
-5.59351e-08
1.01371e-07
-1.9554e-07
9.1304e-08
-6.93003e-08
4.12257e-08
-2.10815e-07
-6.5242e-09
-6.40278e-07
-2.66935e-06
-2.5989e-08
2.1348e-06
-1.517e-07
1.15675e-06
-3.0231e-07
7.90743e-07
-4.34414e-07
6.12759e-07
-5.17201e-07
4.12841e-07
-5.08843e-07
1.70744e-07
-4.21094e-07
-8.6222e-08
-3.53126e-07
-1.31303e-07
-2.83989e-07
-2.12018e-07
-2.25852e-07
-2.01598e-07
-1.8118e-07
-1.96847e-07
-1.47268e-07
-1.86872e-07
-1.11764e-07
-1.45825e-07
-9.8689e-08
-1.78045e-07
-6.18948e-08
-9.27293e-08
-6.30141e-08
-1.94421e-07
-5.74302e-08
-7.48841e-08
-1.99631e-09
-2.66249e-07
2.29497e-08
-6.65224e-07
-2.6464e-06
-5.44851e-08
2.18929e-06
-2.20405e-07
1.32267e-06
-4.25031e-07
9.95369e-07
-5.84631e-07
7.72359e-07
-7.25609e-07
5.53819e-07
-6.99568e-07
1.44703e-07
-5.09834e-07
-2.75956e-07
-3.66533e-07
-2.74604e-07
-2.51342e-07
-3.27209e-07
-1.93407e-07
-2.59533e-07
-1.21554e-07
-2.68699e-07
-9.01167e-08
-2.18309e-07
-4.06684e-08
-1.95274e-07
-3.09366e-08
-1.87776e-07
3.8656e-08
-1.62322e-07
1.08996e-07
-2.64761e-07
9.32388e-08
-5.91266e-08
5.49159e-08
-2.27926e-07
-2.61577e-08
-5.84151e-07
-2.67256e-06
6.55008e-08
2.12379e-06
-1.81923e-07
1.57009e-06
-5.08942e-07
1.32239e-06
-8.16186e-07
1.0796e-06
-9.50222e-07
6.87855e-07
-9.15513e-07
1.09994e-07
-7.14501e-07
-4.76968e-07
-4.43826e-07
-5.45279e-07
-2.39767e-07
-5.31268e-07
-1.90675e-07
-3.08626e-07
-1.39115e-07
-3.20259e-07
-1.23362e-07
-2.34062e-07
-8.40062e-08
-2.3463e-07
-1.00309e-07
-1.71474e-07
-2.69074e-08
-2.35723e-07
8.8447e-09
-3.00513e-07
-2.09967e-08
-2.92852e-08
1.40468e-08
-2.6297e-07
3.60595e-08
-6.06163e-07
-2.6365e-06
-1.26178e-07
2.24997e-06
-3.10866e-07
1.75478e-06
-6.14671e-07
1.62619e-06
-7.95121e-07
1.26005e-06
-8.50672e-07
7.43406e-07
-8.50463e-07
1.09785e-07
-7.12214e-07
-6.15217e-07
-4.15012e-07
-8.4248e-07
-1.55514e-07
-7.90766e-07
-7.92666e-08
-3.84873e-07
-6.68763e-09
-3.92838e-07
-1.17189e-08
-2.29031e-07
-4.65749e-08
-1.99774e-07
-1.18738e-07
-9.93114e-08
-3.5111e-08
-3.1935e-07
-5.57662e-08
-2.79858e-07
4.50058e-08
-1.30057e-07
1.37036e-07
-3.54999e-07
-2.13012e-08
-4.47827e-07
-2.6578e-06
3.64863e-08
2.21348e-06
-1.18911e-07
1.91018e-06
-2.34123e-07
1.74141e-06
-2.62559e-07
1.28849e-06
-3.94948e-07
8.75795e-07
-4.41854e-07
1.56691e-07
-3.06509e-07
-7.50562e-07
-9.70612e-08
-1.05193e-06
-2.1358e-08
-8.66469e-07
-7.26139e-09
-3.98969e-07
-3.01074e-09
-3.97089e-07
-5.79176e-08
-1.74124e-07
-9.98979e-08
-1.57794e-07
-2.17363e-07
1.81533e-08
-1.02569e-07
-4.34143e-07
-1.15431e-07
-2.66996e-07
-8.23028e-08
-1.63185e-07
3.272e-08
-4.70022e-07
4.03688e-08
-4.55475e-07
-2.61743e-06
1.09075e-07
2.1044e-06
1.92026e-07
1.82723e-06
1.93421e-07
1.74001e-06
2.95767e-07
1.18614e-06
3.4781e-07
8.23752e-07
3.63421e-07
1.4108e-07
3.04962e-07
-6.92103e-07
3.66054e-07
-1.11302e-06
5.35658e-07
-1.03607e-06
5.48647e-07
-4.11959e-07
5.00231e-07
-3.48672e-07
3.22372e-07
3.73461e-09
2.88753e-07
-1.24174e-07
2.90637e-07
1.6269e-08
1.15816e-07
-2.59322e-07
-6.12541e-09
-1.45054e-07
-6.98361e-08
-9.94743e-08
-1.48193e-07
-3.91665e-07
-7.0129e-08
-5.33539e-07
-2.68756e-06
2.90046e-07
1.81436e-06
4.43309e-07
1.67396e-06
7.011e-07
1.48222e-06
8.21059e-07
1.06618e-06
9.31557e-07
7.13253e-07
9.95493e-07
7.71446e-08
8.8357e-07
-5.80181e-07
5.20123e-07
-7.49573e-07
3.24772e-07
-8.40722e-07
5.33392e-07
-6.2058e-07
6.57528e-07
-4.72808e-07
7.91061e-07
-1.29799e-07
8.18105e-07
-1.51218e-07
8.44682e-07
-1.03074e-08
4.80904e-07
1.04455e-07
-1.06597e-08
3.46509e-07
-4.54033e-08
-6.47307e-08
-9.32069e-08
-3.43862e-07
6.09265e-08
-6.87673e-07
-2.62663e-06
6.13866e-07
1.20049e-06
8.80515e-07
1.40731e-06
1.21701e-06
1.14572e-06
1.53533e-06
7.47869e-07
1.61928e-06
6.29307e-07
1.65609e-06
4.03343e-08
1.53752e-06
-4.61613e-07
1.07784e-06
-2.89898e-07
3.48901e-07
-1.11779e-07
-5.60366e-08
-2.15642e-07
-2.72876e-07
-2.55969e-07
-1.95325e-07
-2.0735e-07
-1.23459e-07
-2.23084e-07
-1.22728e-07
-1.10386e-08
1.23864e-07
-1.42137e-07
1.59796e-07
3.10577e-07
3.28588e-07
-2.33523e-07
9.49763e-08
-1.1025e-07
-5.09981e-08
-5.41698e-07
-2.67763e-06
7.18918e-07
4.81574e-07
1.25752e-06
8.68716e-07
1.58052e-06
8.22719e-07
1.83608e-06
4.9231e-07
1.99734e-06
4.68041e-07
2.11311e-06
-7.54313e-08
1.91186e-06
-2.60363e-07
1.83969e-06
-2.17728e-07
1.82012e-06
-9.22113e-08
1.52735e-06
7.71321e-08
1.19803e-06
7.33432e-08
7.86972e-07
2.03712e-07
5.45296e-07
1.85919e-08
3.51393e-07
1.82865e-07
1.15168e-07
9.4088e-08
1.54531e-07
2.71214e-07
3.06911e-07
-3.85902e-07
1.68505e-07
2.81557e-08
1.27995e-07
-5.01189e-07
-2.54964e-06
6.0961e-07
-1.28036e-07
8.30513e-07
6.47813e-07
1.04088e-06
6.12348e-07
1.11977e-06
4.1342e-07
1.07923e-06
5.08581e-07
7.63281e-07
2.40522e-07
4.65576e-07
3.73418e-08
2.59371e-07
-1.15228e-08
1.73534e-07
-6.37476e-09
1.93915e-07
5.67514e-08
9.52325e-08
1.72026e-07
1.77971e-07
1.20974e-07
-7.0215e-10
1.97265e-07
-4.68568e-08
2.29019e-07
-1.17194e-08
5.89506e-08
-1.87928e-07
4.47422e-07
2.52823e-08
-5.99112e-07
6.81535e-08
-1.47154e-08
-1.9815e-08
-4.1322e-07
-2.56945e-06
1.36451e-07
-2.64486e-07
5.52149e-07
2.32115e-07
6.88265e-07
4.76232e-07
8.2996e-07
2.71726e-07
1.03672e-06
3.01816e-07
1.06475e-06
2.12492e-07
1.01002e-06
9.20744e-08
9.24698e-07
7.38008e-08
8.34096e-07
8.42273e-08
8.08123e-07
8.27251e-08
7.71965e-07
2.08183e-07
7.80623e-07
1.12317e-07
8.13397e-07
1.64491e-07
7.0632e-07
3.36096e-07
8.43739e-07
-7.8468e-08
8.59406e-07
4.31755e-07
6.4232e-07
-3.82027e-07
3.7837e-07
2.49235e-07
2.9643e-07
-3.31281e-07
-2.27302e-06
-6.26133e-07
3.61647e-07
-6.68292e-07
2.74273e-07
-5.22749e-07
3.30689e-07
-4.36939e-07
1.85917e-07
-3.33368e-07
1.98245e-07
-2.74806e-07
1.53929e-07
-3.2913e-07
1.46399e-07
-3.58797e-07
1.03468e-07
-3.95169e-07
1.20599e-07
-4.05189e-07
9.27452e-08
-3.07822e-07
1.10816e-07
-2.96903e-07
1.01397e-07
-2.01254e-07
6.88417e-08
-4.40669e-08
1.78909e-07
-2.65584e-07
1.43049e-07
7.66208e-08
8.95511e-08
-2.54633e-07
-5.07729e-08
4.39233e-08
-4.93212e-08
7.29509e-07
-1.01687e-06
-1.54351e-06
3.61647e-07
6.3592e-07
9.66608e-07
1.15253e-06
1.35077e-06
1.5047e-06
1.6511e-06
1.75457e-06
1.87516e-06
1.96791e-06
2.07873e-06
2.18012e-06
2.24897e-06
2.42787e-06
2.57092e-06
2.66047e-06
2.6097e-06
2.56038e-06
1.54351e-06
)
;

boundaryField
{
    movingWall
    {
        type            calculated;
        value           uniform 0;
    }
    fixedWalls
    {
        type            calculated;
        value           uniform 0;
    }
    frontAndBack
    {
        type            empty;
        value           nonuniform 0();
    }
}


// ************************************************************************* //
