/*--------------------------------*- C++ -*----------------------------------*\
| =========                 |                                                 |
| \\      /  F ield         | OpenFOAM: The Open Source CFD Toolbox           |
|  \\    /   O peration     | Version:  5.x                                   |
|   \\  /    A nd           | Web:      www.OpenFOAM.org                      |
|    \\/     M anipulation  |                                                 |
\*---------------------------------------------------------------------------*/
FoamFile
{
    version     2.0;
    format      ascii;
    class       surfaceScalarField;
    location    "12.1";
    object      phi;
}
// * * * * * * * * * * * * * * * * * * * * * * * * * * * * * * * * * * * * * //

dimensions      [0 3 -1 0 0 0 0];

internalField   nonuniform List<scalar> 
760
(
-9.69997e-07
9.69997e-07
-1.78063e-06
8.10635e-07
-2.06333e-06
2.82703e-07
-2.29186e-06
2.28522e-07
-2.32114e-06
2.92784e-08
-2.39033e-06
6.919e-08
-2.36135e-06
-2.89762e-08
-2.37369e-06
1.23397e-08
-2.38504e-06
1.13473e-08
-2.40484e-06
1.98061e-08
-2.4242e-06
1.93565e-08
-2.43996e-06
1.57574e-08
-2.46123e-06
2.12729e-08
-2.39683e-06
-6.43941e-08
-2.385e-06
-1.18322e-08
-2.33228e-06
-5.27242e-08
-2.2866e-06
-4.56805e-08
-1.93332e-06
-3.53279e-07
-1.21552e-06
-7.17796e-07
-1.21552e-06
-6.44621e-07
1.61462e-06
-9.48351e-07
1.11437e-06
-1.05027e-06
3.84619e-07
-1.05758e-06
2.35831e-07
-1.07535e-06
4.70558e-08
-1.04712e-06
4.09576e-08
-1.05478e-06
-2.13174e-08
-1.0396e-06
-2.8402e-09
-1.01118e-06
-1.7076e-08
-9.75079e-07
-1.62916e-08
-9.68248e-07
1.25263e-08
-9.29554e-07
-2.29367e-08
-9.33249e-07
2.49673e-08
-9.59475e-07
-3.8168e-08
-1.03188e-06
6.05732e-08
-1.05678e-06
-2.78244e-08
-1.04914e-06
-5.33158e-08
-1.03893e-06
-3.63494e-07
-9.66379e-07
-7.90347e-07
-2.1819e-06
-4.05797e-07
2.02041e-06
-4.09049e-07
1.11762e-06
-3.87325e-07
3.62894e-07
-3.56486e-07
2.04993e-07
-3.29447e-07
2.00166e-08
-3.21216e-07
3.2727e-08
-2.97569e-07
-4.49647e-08
-2.93164e-07
-7.24497e-09
-2.66667e-07
-4.35731e-08
-2.5298e-07
-2.99783e-08
-2.24606e-07
-1.5848e-08
-2.24386e-07
-2.31567e-08
-2.17326e-07
1.7907e-08
-2.60133e-07
4.63905e-09
-2.8682e-07
8.72609e-08
-2.98345e-07
-1.62996e-08
-2.24891e-07
-1.2677e-07
-1.18608e-07
-4.69776e-07
-2.10915e-07
-6.9804e-07
-2.39282e-06
-9.44281e-08
2.11484e-06
-1.60373e-07
1.18356e-06
-1.43517e-07
3.46039e-07
-1.2008e-07
1.81556e-07
-1.67273e-07
6.72098e-08
-1.84555e-07
5.00092e-08
-2.10819e-07
-1.87008e-08
-2.2514e-07
7.07602e-09
-2.32462e-07
-3.6251e-08
-2.34771e-07
-2.76701e-08
-2.29689e-07
-2.09296e-08
-2.29947e-07
-2.28987e-08
-2.27296e-07
1.5256e-08
-1.99151e-07
-2.35067e-08
-1.69454e-07
5.7564e-08
-5.86847e-08
-1.27069e-07
-8.59799e-08
-9.94753e-08
-2.51249e-07
-3.04507e-07
-2.1927e-07
-7.30019e-07
-2.61209e-06
-9.28594e-08
2.2077e-06
-4.63684e-08
1.13707e-06
-2.55979e-08
3.25268e-07
-7.912e-08
2.35078e-07
-1.59204e-07
1.47294e-07
-2.07105e-07
9.79106e-08
-2.36994e-07
1.11881e-08
-2.36777e-07
6.85867e-09
-2.1648e-07
-5.65478e-08
-1.98852e-07
-4.5298e-08
-1.60635e-07
-5.91465e-08
-1.2087e-07
-6.26636e-08
-7.0126e-08
-3.54884e-08
-1.18243e-08
-8.18084e-08
4.85617e-08
-2.82193e-09
1.21713e-07
-2.00219e-07
1.09419e-07
-8.71819e-08
8.10845e-08
-2.76172e-07
3.44561e-08
-6.83391e-07
-2.57763e-06
-2.65731e-08
2.23428e-06
-5.99863e-08
1.17048e-06
-1.16324e-07
3.81606e-07
-1.46422e-07
2.65176e-07
-2.08405e-07
2.09276e-07
-2.43911e-07
1.33417e-07
-2.65134e-07
3.24109e-08
-2.63e-07
4.7249e-09
-2.41318e-07
-7.82297e-08
-2.23991e-07
-6.26256e-08
-1.98341e-07
-8.47956e-08
-1.69406e-07
-9.15989e-08
-1.49039e-07
-5.58557e-08
-1.11609e-07
-1.19238e-07
-9.5563e-08
-1.8868e-08
-1.16357e-07
-1.79425e-07
-6.14809e-08
-1.42058e-07
-4.58708e-08
-2.91782e-07
-6.88944e-08
-6.60367e-07
-2.64653e-06
-2.73572e-08
2.26163e-06
-2.47036e-08
1.16783e-06
-9.45687e-08
4.51471e-07
-1.68097e-07
3.38704e-07
-2.4932e-07
2.90499e-07
-3.05081e-07
1.89178e-07
-3.1689e-07
4.42199e-08
-3.02779e-07
-9.38634e-09
-2.49661e-07
-1.31348e-07
-2.18642e-07
-9.36449e-08
-1.59702e-07
-1.43736e-07
-1.16967e-07
-1.34334e-07
-5.36211e-08
-1.19201e-07
2.55284e-09
-1.75412e-07
5.26031e-08
-6.89182e-08
1.22363e-07
-2.49186e-07
1.05266e-07
-1.2496e-07
7.76666e-08
-2.64183e-07
3.0681e-08
-6.13382e-07
-2.61584e-06
3.28557e-08
2.22878e-06
8.75106e-08
1.11318e-06
-5.72221e-08
5.96203e-07
-2.51221e-07
5.32703e-07
-3.6179e-07
4.01068e-07
-4.10969e-07
2.38357e-07
-4.01025e-07
3.42762e-08
-3.78581e-07
-3.18297e-08
-3.00712e-07
-2.09217e-07
-2.66891e-07
-1.27466e-07
-2.19656e-07
-1.90971e-07
-1.84428e-07
-1.69563e-07
-1.44018e-07
-1.59611e-07
-1.35212e-07
-1.84219e-07
-8.17281e-08
-1.22402e-07
-7.11703e-08
-2.59744e-07
-7.02589e-08
-1.25872e-07
-1.2501e-09
-3.33192e-07
5.4783e-09
-6.2011e-07
-2.61037e-06
1.68332e-08
2.21194e-06
-2.87569e-08
1.15877e-06
-2.15438e-07
7.82885e-07
-3.61467e-07
6.78732e-07
-5.0547e-07
5.45071e-07
-5.5524e-07
2.88127e-07
-5.07843e-07
-1.31211e-08
-3.93639e-07
-1.46034e-07
-2.73096e-07
-3.2976e-07
-2.5843e-07
-1.42132e-07
-1.72719e-07
-2.76682e-07
-1.43926e-07
-1.98355e-07
-8.95215e-08
-2.14016e-07
-8.76843e-08
-1.86056e-07
1.71894e-08
-2.27276e-07
1.2641e-07
-3.68964e-07
9.59678e-08
-9.54298e-08
7.03401e-08
-3.07564e-07
-7.24585e-09
-5.42524e-07
-2.61761e-06
-1.74025e-08
2.22935e-06
-9.40644e-08
1.23543e-06
-2.2366e-07
9.1248e-07
-5.3035e-07
9.85423e-07
-8.10364e-07
8.25085e-07
-8.74382e-07
3.52146e-07
-7.74097e-07
-1.13406e-07
-4.8976e-07
-4.30371e-07
-3.17067e-07
-5.02452e-07
-2.88127e-07
-1.71072e-07
-1.97943e-07
-3.66866e-07
-1.77159e-07
-2.19139e-07
-1.47678e-07
-2.43496e-07
-1.89763e-07
-1.43971e-07
-1.12688e-07
-3.0435e-07
-8.60001e-08
-3.95652e-07
-7.87967e-08
-1.02633e-07
1.12869e-09
-3.8749e-07
2.17178e-08
-5.63113e-07
-2.59589e-06
2.52544e-08
2.20409e-06
-1.15022e-07
1.3757e-06
-4.38813e-07
1.23627e-06
-7.24922e-07
1.27153e-06
-9.04981e-07
1.00514e-06
-9.96832e-07
4.43996e-07
-9.21946e-07
-1.88292e-07
-6.43996e-07
-7.08321e-07
-3.65228e-07
-7.8122e-07
-1.82355e-07
-3.53945e-07
-6.28516e-08
-4.86369e-07
-8.04865e-08
-2.01504e-07
-1.26538e-07
-1.97445e-07
-2.12928e-07
-5.75815e-08
-1.44242e-07
-3.73036e-07
-1.75212e-07
-3.64682e-07
-2.35742e-08
-2.54271e-07
1.06671e-07
-5.17734e-07
-1.65793e-08
-4.39863e-07
-2.61247e-06
-1.02161e-07
2.30625e-06
-1.7877e-07
1.45231e-06
-3.92946e-07
1.45045e-06
-5.90481e-07
1.46907e-06
-6.87563e-07
1.10223e-06
-7.9432e-07
5.50752e-07
-7.63046e-07
-2.19565e-07
-6.3515e-07
-8.36217e-07
-3.86646e-07
-1.02972e-06
-5.78631e-08
-6.82728e-07
3.41639e-08
-5.78396e-07
-2.77358e-08
-1.39604e-07
-5.40342e-08
-1.71147e-07
-1.58004e-07
4.63883e-08
-1.8485e-07
-3.4619e-07
-2.00774e-07
-3.48758e-07
-1.91377e-07
-2.63668e-07
-1.7348e-07
-5.35632e-07
1.61369e-08
-6.2948e-07
-2.59634e-06
7.13972e-08
2.23486e-06
-5.45607e-08
1.57827e-06
-1.50614e-07
1.5465e-06
-1.03008e-07
1.42146e-06
-1.00661e-07
1.09988e-06
-9.55381e-08
5.45629e-07
-3.23815e-09
-3.11865e-07
4.24211e-09
-8.43698e-07
2.42767e-09
-1.02791e-06
1.92685e-07
-8.72985e-07
3.89501e-07
-7.75212e-07
4.07944e-07
-1.58047e-07
4.23765e-07
-1.86968e-07
4.75235e-07
-5.08167e-09
3.31133e-07
-2.02087e-07
1.59651e-07
-1.77277e-07
1.16451e-08
-1.15661e-07
-1.55411e-07
-3.68576e-07
-6.19119e-08
-7.22979e-07
-2.65825e-06
1.96759e-07
2.0381e-06
2.93571e-07
1.48146e-06
3.50318e-07
1.48975e-06
3.95241e-07
1.37654e-06
5.40469e-07
9.54652e-07
6.51676e-07
4.34423e-07
5.68515e-07
-2.28704e-07
6.99439e-07
-9.74622e-07
6.50555e-07
-9.79026e-07
4.05364e-07
-6.27795e-07
1.19782e-07
-4.8963e-07
2.35967e-07
-2.74232e-07
3.16547e-07
-2.67547e-07
5.00054e-07
-1.88589e-07
5.72645e-07
-2.74678e-07
2.6118e-07
1.34188e-07
1.77032e-07
-3.15138e-08
8.71158e-08
-2.78659e-07
1.03245e-07
-7.39108e-07
-2.555e-06
2.6844e-07
1.76966e-06
4.2836e-07
1.32154e-06
5.4983e-07
1.36828e-06
7.4888e-07
1.17749e-06
1.02707e-06
6.76466e-07
1.14828e-06
3.13209e-07
1.22402e-06
-3.0445e-07
1.21893e-06
-9.69526e-07
1.18207e-06
-9.42167e-07
9.47833e-07
-3.93559e-07
4.36585e-07
2.16187e-08
9.01118e-08
7.22412e-08
-8.15164e-08
-9.5919e-08
-1.88046e-07
-8.20594e-08
5.33448e-08
-5.16069e-07
6.88919e-08
1.18641e-07
3.22758e-07
-2.8538e-07
3.03112e-07
-2.59014e-07
-2.22021e-08
-4.13794e-07
-2.57721e-06
4.90244e-07
1.27941e-06
7.41455e-07
1.07033e-06
8.31697e-07
1.27804e-06
1.09282e-06
9.16369e-07
1.36883e-06
4.00447e-07
1.52234e-06
1.59707e-07
1.67482e-06
-4.56934e-07
1.47134e-06
-7.66051e-07
1.19062e-06
-6.61444e-07
1.31617e-06
-5.19105e-07
1.65019e-06
-3.12404e-07
1.66072e-06
6.17165e-08
1.49373e-06
7.10663e-08
1.11591e-06
2.95762e-07
4.73287e-07
1.26553e-07
1.52505e-07
4.39423e-07
1.42819e-07
-2.75694e-07
8.36157e-08
-1.9981e-07
1.20683e-07
-4.50862e-07
-2.45652e-06
7.96353e-07
4.83059e-07
9.94724e-07
8.71959e-07
1.09224e-06
1.18052e-06
1.35357e-06
6.55037e-07
1.49079e-06
2.63225e-07
1.59352e-06
5.698e-08
1.19387e-06
-5.72814e-08
5.28028e-07
-1.00209e-07
4.596e-08
-1.79376e-07
-1.44307e-07
-3.28838e-07
-2.14324e-07
-2.42388e-07
1.60698e-08
-1.68677e-07
-6.25172e-08
1.49653e-07
-7.64611e-08
3.09706e-07
-4.44902e-08
9.45822e-08
-1.49295e-07
5.44228e-07
4.75305e-08
-4.72519e-07
-6.17177e-08
-9.05622e-08
-9.56929e-08
-4.16887e-07
-2.55222e-06
5.08879e-07
-2.58197e-08
9.7952e-07
4.01317e-07
1.35658e-06
8.03466e-07
1.57185e-06
4.39763e-07
1.64824e-06
1.86833e-07
1.69897e-06
6.25268e-09
1.68049e-06
-3.87991e-08
1.58653e-06
-6.24732e-09
1.47545e-06
-6.82965e-08
1.23243e-06
-8.58244e-08
9.00747e-07
8.93001e-08
7.37975e-07
-5.90562e-09
6.68905e-07
2.18723e-07
6.02184e-07
3.76427e-07
7.90893e-07
-9.41267e-08
8.11245e-07
5.23876e-07
7.16082e-07
-3.77356e-07
4.36961e-07
1.88558e-07
2.89825e-07
-2.69751e-07
-2.26239e-06
-3.82118e-07
3.56299e-07
-1.45203e-07
1.64402e-07
1.54784e-07
5.03478e-07
1.87083e-07
4.07464e-07
7.39909e-08
2.99925e-07
-7.34375e-08
1.53681e-07
-1.84082e-07
7.18455e-08
-2.42712e-07
5.2383e-08
-3.95195e-07
8.41867e-08
-5.43318e-07
6.22979e-08
-5.08913e-07
5.48955e-08
-5.33547e-07
1.87278e-08
-3.27627e-07
1.28039e-08
-7.5804e-08
1.24604e-07
-2.96628e-07
1.26697e-07
7.95426e-08
1.47706e-07
-2.73243e-07
-2.45707e-08
1.66198e-08
-1.01304e-07
7.41137e-07
-9.94268e-07
-1.52125e-06
3.56299e-07
5.20701e-07
1.02418e-06
1.43164e-06
1.73157e-06
1.88525e-06
1.95709e-06
2.00948e-06
2.09366e-06
2.15596e-06
2.21086e-06
2.22959e-06
2.24239e-06
2.36699e-06
2.49369e-06
2.6414e-06
2.61683e-06
2.51552e-06
1.52125e-06
)
;

boundaryField
{
    movingWall
    {
        type            calculated;
        value           uniform 0;
    }
    fixedWalls
    {
        type            calculated;
        value           uniform 0;
    }
    frontAndBack
    {
        type            empty;
        value           nonuniform 0();
    }
}


// ************************************************************************* //
