/*--------------------------------*- C++ -*----------------------------------*\
| =========                 |                                                 |
| \\      /  F ield         | OpenFOAM: The Open Source CFD Toolbox           |
|  \\    /   O peration     | Version:  5.x                                   |
|   \\  /    A nd           | Web:      www.OpenFOAM.org                      |
|    \\/     M anipulation  |                                                 |
\*---------------------------------------------------------------------------*/
FoamFile
{
    version     2.0;
    format      ascii;
    class       volVectorField;
    location    "12.1";
    object      U;
}
// * * * * * * * * * * * * * * * * * * * * * * * * * * * * * * * * * * * * * //

dimensions      [0 1 -1 0 0 0 0];

internalField   nonuniform List<vector> 
400
(
(-0.00880389 0.00687407 0)
(-0.0332525 0.00631945 0)
(-0.0377448 0.00112501 0)
(-0.0450584 0.00194804 0)
(-0.044655 -0.00175674 0)
(-0.0479517 0.000620862 0)
(-0.0464604 -0.00250226 0)
(-0.048238 -0.000401548 0)
(-0.046114 -0.000729882 0)
(-0.0489607 -0.000182044 0)
(-0.0478811 -0.000679289 0)
(-0.0482719 -0.000304496 0)
(-0.0498292 -0.000609661 0)
(-0.0480243 -0.00182615 0)
(-0.0492372 -0.000969624 0)
(-0.0474607 -0.00104878 0)
(-0.0473216 -0.000816748 0)
(-0.041102 -0.00547932 0)
(-0.0419425 -0.00992222 0)
(-0.000211162 -0.0143691 0)
(-0.0079294 0.0282012 0)
(-0.0203525 0.0230685 0)
(-0.0164784 0.00875113 0)
(-0.0250344 0.00619184 0)
(-0.0166982 0.00265948 0)
(-0.0254133 0.00187389 0)
(-0.0174256 0.00118472 0)
(-0.0235621 0.000972684 0)
(-0.0190554 0.00113415 0)
(-0.0203414 0.00109006 0)
(-0.0196744 0.00148683 0)
(-0.0181432 0.000973352 0)
(-0.0199443 0.00141054 0)
(-0.0165962 -0.000847546 0)
(-0.0224031 0.000431987 0)
(-0.0181867 -0.0013997 0)
(-0.0257301 -0.00160003 0)
(-0.0145114 -0.0107704 0)
(-0.030637 -0.0223017 0)
(-0.00309585 -0.0392887 0)
(-0.00802511 0.038411 0)
(-0.0100731 0.0226837 0)
(-0.00518387 0.0074065 0)
(-0.0100049 0.00385 0)
(-0.00448374 -0.000564622 0)
(-0.00821468 -7.76208e-05 0)
(-0.00506228 -0.0019237 0)
(-0.00637615 -0.0011299 0)
(-0.00580419 -0.00181796 0)
(-0.00435841 -0.00182955 0)
(-0.00630876 -0.00104703 0)
(-0.00214189 -0.00193649 0)
(-0.00738347 -0.000472847 0)
(-0.000797 -0.000726565 0)
(-0.0101087 0.0019464 0)
(-0.000817994 0.000464026 0)
(-0.0118617 -9.8703e-05 0)
(0.00329879 -0.00235034 0)
(-0.00869905 -0.00651068 0)
(0.00168193 -0.0456389 0)
(-0.00133393 0.0422442 0)
(-0.00320165 0.0229092 0)
(-0.00255933 0.00728235 0)
(-0.00298107 0.00430411 0)
(-0.00206572 0.00130382 0)
(-0.0042802 0.00138785 0)
(-0.00344788 3.02627e-05 0)
(-0.00463406 0.000871275 0)
(-0.00469744 0.000160691 0)
(-0.00425974 0.000604077 0)
(-0.0054788 0.00050403 0)
(-0.00333062 0.00103323 0)
(-0.00632326 0.00127811 0)
(-0.00223892 0.000954192 0)
(-0.00622514 0.00168721 0)
(-0.000193525 -0.00113377 0)
(-0.00228269 -0.00466277 0)
(-0.000874939 -0.0165768 0)
(-0.0102493 -0.0233841 0)
(0.00269159 -0.0513294 0)
(-0.00273777 0.0416646 0)
(-0.00148578 0.02542 0)
(-9.24448e-05 0.00719357 0)
(-0.000983394 0.00326785 0)
(-0.00226329 0.00161534 0)
(-0.00398763 0.000715958 0)
(-0.00452067 -0.000703844 0)
(-0.00468505 -0.000565019 0)
(-0.00510214 -0.00165627 0)
(-0.00316909 -0.00164649 0)
(-0.0052213 -0.00144439 0)
(-0.000765799 -0.00191187 0)
(-0.00446428 -0.00075616 0)
(0.00195847 -0.00199885 0)
(-0.00254114 0.0004864 0)
(0.0046638 -0.00421277 0)
(-7.32528e-05 0.000376043 0)
(0.00461077 0.00414884 0)
(-0.00155894 -0.00385179 0)
(0.00316238 -0.0499741 0)
(-0.000163752 0.0484131 0)
(-0.000951599 0.0212585 0)
(-0.00163323 0.00542355 0)
(-0.00270614 0.00593976 0)
(-0.00344204 0.00396036 0)
(-0.00462997 0.00305464 0)
(-0.00539874 0.00109719 0)
(-0.00495655 0.000818225 0)
(-0.00580168 -0.000551235 0)
(-0.0035776 -0.000229388 0)
(-0.00567639 -0.000756727 0)
(-0.00192481 -0.000591264 0)
(-0.00520124 -0.000523074 0)
(-0.000396321 -0.00107564 0)
(-0.00439562 -0.000557724 0)
(0.000905259 -0.00331584 0)
(-0.0060024 -0.0036456 0)
(0.0039273 -0.0145265 0)
(-0.00612465 -0.0247379 0)
(0.00375194 -0.0544556 0)
(-0.00180222 0.0408285 0)
(0.000527333 0.024135 0)
(-0.00140061 0.00998624 0)
(-0.00237526 0.00468095 0)
(-0.00444086 0.0047458 0)
(-0.00568733 0.00248675 0)
(-0.00661159 0.000304184 0)
(-0.00589255 -0.000599817 0)
(-0.0064074 -0.00256327 0)
(-0.00329858 -0.00221333 0)
(-0.00578892 -0.00281784 0)
(-0.000234206 -0.00315734 0)
(-0.00477991 -0.00189587 0)
(0.00286797 -0.00395187 0)
(-0.00281629 -0.000318877 0)
(0.0051155 -0.00437299 0)
(-0.000494862 -0.00226737 0)
(0.00497072 0.00206784 0)
(-0.0021729 -0.00177593 0)
(0.00361863 -0.0496829 0)
(-0.000594992 0.0491317 0)
(0.00206672 0.023651 0)
(0.00131775 0.0085296 0)
(-0.00352753 0.00931435 0)
(-0.00682567 0.00670996 0)
(-0.0077221 0.00500564 0)
(-0.00865323 0.00143883 0)
(-0.00732372 0.000186974 0)
(-0.00760126 -0.00259324 0)
(-0.00433551 -0.00144217 0)
(-0.00654221 -0.00269678 0)
(-0.0019546 -0.00205832 0)
(-0.00573545 -0.00259292 0)
(0.000299266 -0.00275608 0)
(-0.00609546 -0.00221332 0)
(0.00318502 -0.00495597 0)
(-0.00641712 -0.00246126 0)
(0.00400121 -0.0118719 0)
(-0.00409385 -0.0217386 0)
(0.00436507 -0.0552326 0)
(-0.00193676 0.0423987 0)
(0.00266581 0.0214784 0)
(-0.0037708 0.0156593 0)
(-0.00510854 0.0121344 0)
(-0.00915725 0.00997625 0)
(-0.0113221 0.00502812 0)
(-0.0110443 6.48351e-05 0)
(-0.00883027 -0.0013323 0)
(-0.00665028 -0.00566626 0)
(-0.00446524 -0.00380237 0)
(-0.00598188 -0.005208 0)
(-0.000673018 -0.00497873 0)
(-0.00540167 -0.0041264 0)
(0.00211419 -0.00490315 0)
(-0.00592744 -0.0029594 0)
(0.00675016 -0.006058 0)
(-0.00211225 -0.00289475 0)
(0.00639948 -0.00229788 0)
(-0.00404457 -0.00441062 0)
(0.00389784 -0.0497122 0)
(-0.000976534 0.0442067 0)
(0.000163886 0.0235827 0)
(-0.0036219 0.015134 0)
(-0.00559967 0.015631 0)
(-0.0162294 0.0120664 0)
(-0.0168504 0.00695016 0)
(-0.017578 -0.000439067 0)
(-0.0126483 -0.00411352 0)
(-0.00662218 -0.00714127 0)
(-0.00637374 -0.00169302 0)
(-0.00521773 -0.00553266 0)
(-0.00245714 -0.00261602 0)
(-0.00495308 -0.00402626 0)
(-0.000632641 -0.00222578 0)
(-0.00741456 -0.00573557 0)
(0.00329592 -0.00810931 0)
(-0.00715435 -0.000612709 0)
(0.00447172 -0.0091106 0)
(-0.00448538 -0.0158943 0)
(0.00552893 -0.0534921 0)
(-0.00143391 0.0452162 0)
(0.00252358 0.0267061 0)
(-0.00680364 0.0218387 0)
(-0.0114689 0.0230085 0)
(-0.0181111 0.0206561 0)
(-0.0193171 0.00748374 0)
(-0.0198657 -0.00385818 0)
(-0.0158333 -0.0132713 0)
(-0.0091521 -0.0133873 0)
(-0.00584313 -0.0055013 0)
(-0.0016429 -0.00973404 0)
(-0.000783947 -0.00658833 0)
(-0.00266646 -0.00624046 0)
(-0.00206924 -0.00373391 0)
(-0.00702468 -0.00676938 0)
(0.00182587 -0.00832943 0)
(-0.00948611 -0.00393224 0)
(0.00876495 -0.00747177 0)
(-0.00504722 -0.00813108 0)
(0.00459846 -0.0508493 0)
(-0.00387543 0.0435876 0)
(-0.000593778 0.0272466 0)
(-0.00583671 0.0268928 0)
(-0.0107391 0.0269195 0)
(-0.0134594 0.0180462 0)
(-0.0157125 0.00866578 0)
(-0.0156194 -0.0047307 0)
(-0.0133526 -0.0167472 0)
(-0.0108258 -0.0182479 0)
(-0.00500744 -0.00818959 0)
(0.00251614 -0.00878379 0)
(-0.00133101 -0.000922196 0)
(0.000348303 -0.00107786 0)
(-0.00269265 0.00156591 0)
(-0.00420859 -0.00814388 0)
(-0.00233655 -0.00545557 0)
(-0.00636447 -0.00524029 0)
(-0.000901447 -0.0119268 0)
(-0.00620014 -0.00794876 0)
(0.00674015 -0.053262 0)
(0.0015237 0.0462354 0)
(0.00114352 0.0294519 0)
(-0.0029922 0.0292817 0)
(-0.00363686 0.029421 0)
(-0.000815467 0.0239702 0)
(-0.00359569 0.0132615 0)
(-0.000738655 -0.00446254 0)
(0.000743776 -0.0170961 0)
(-0.000467644 -0.0243205 0)
(0.000615513 -0.0197058 0)
(0.00637063 -0.0151312 0)
(0.00870566 -0.00506061 0)
(0.00825398 -0.0062332 0)
(0.00791755 -5.69983e-05 0)
(0.0104182 -0.00630658 0)
(0.00399524 -0.00942921 0)
(0.00155772 -0.00658007 0)
(-0.000903974 -0.0110162 0)
(-0.00609602 -0.0193891 0)
(0.00407696 -0.0526127 0)
(0.00165598 0.0440073 0)
(0.0059414 0.0339526 0)
(0.00579767 0.0333297 0)
(0.00766747 0.0293597 0)
(0.0073281 0.0217935 0)
(0.0137503 0.00976452 0)
(0.0104658 -0.0078869 0)
(0.013989 -0.0161757 0)
(0.0158554 -0.0155711 0)
(0.00975516 -0.0161414 0)
(0.00526027 -0.0176921 0)
(-0.000326333 -0.00180444 0)
(0.00983002 -0.00100959 0)
(0.00362867 2.7499e-05 0)
(0.0149716 -0.00103872 0)
(0.00944584 0.0030456 0)
(0.00033685 0.00291756 0)
(0.00688226 -0.00239852 0)
(-0.00345576 -0.00692895 0)
(0.00748935 -0.0517779 0)
(0.000965089 0.0381243 0)
(0.00912614 0.026459 0)
(0.008176 0.0275851 0)
(0.0128106 0.0249259 0)
(0.0177278 0.016454 0)
(0.0218082 0.00694159 0)
(0.0230053 -0.000694095 0)
(0.0275455 -0.022213 0)
(0.0234418 -0.0223689 0)
(0.0239871 -0.00725625 0)
(0.0154732 0.000801534 0)
(0.000630995 -0.00744244 0)
(0.00297326 -0.00933364 0)
(-0.00662745 -0.00880823 0)
(-0.000410925 -0.0112034 0)
(0.00308023 0.00142386 0)
(-0.0010511 -0.00476697 0)
(0.0154423 -0.0101026 0)
(-0.00496929 -0.0256593 0)
(0.00454034 -0.0516995 0)
(0.00251629 0.0348404 0)
(0.0156422 0.0276128 0)
(0.014354 0.027276 0)
(0.0195009 0.0234197 0)
(0.0229922 0.0115176 0)
(0.0324823 0.00669318 0)
(0.0279116 -0.0104613 0)
(0.039981 -0.0167328 0)
(0.0202411 -0.0167372 0)
(0.0277731 -0.00987063 0)
(0.0232148 -0.000520904 0)
(0.0403644 0.00918987 0)
(0.0286869 0.0045502 0)
(0.0312482 0.00624002 0)
(0.0125614 -0.00737499 0)
(0.00749041 0.00460378 0)
(-0.0022773 -0.00453222 0)
(0.008673 0.00135061 0)
(-0.0058203 0.0117613 0)
(0.0111182 -0.0489687 0)
(0.00472134 0.0179531 0)
(0.024864 0.0171359 0)
(0.0164992 0.0255656 0)
(0.0265382 0.0136061 0)
(0.0260744 0.00493146 0)
(0.0342712 -4.67831e-05 0)
(0.0311546 -0.00641651 0)
(0.0184217 -0.011431 0)
(0.000983867 -0.0101709 0)
(0.00119518 -0.0108397 0)
(-0.00781608 -0.0115535 0)
(0.000276627 -0.0058246 0)
(0.000534054 -0.000870233 0)
(-0.00356403 0.00453276 0)
(0.00123316 0.0116987 0)
(-0.00353887 0.0104627 0)
(-0.0030025 -0.00854925 0)
(0.00560127 -0.0107102 0)
(-0.00903473 -0.0327988 0)
(0.00634916 -0.0534428 0)
(0.00115439 0.000594898 0)
(0.0168733 0.0157762 0)
(0.0250956 0.0205609 0)
(0.028578 0.0138625 0)
(0.0321159 0.00626682 0)
(0.0346309 0.00220959 0)
(0.0333507 0.0036455 0)
(0.0332263 0.006434 0)
(0.0307704 0.00341142 0)
(0.0282398 -0.000929388 0)
(0.0210954 0.00356144 0)
(0.0158436 -0.000237442 0)
(0.0126842 0.00722596 0)
(0.0150444 0.00878391 0)
(0.00983483 -0.00755582 0)
(0.0199688 0.0128873 0)
(0.0123925 -0.00883125 0)
(0.0182161 0.00808393 0)
(-0.00243145 0.0185218 0)
(0.0156013 -0.0444148 0)
(-0.0138012 -0.00200338 0)
(-0.00329162 -0.000427589 0)
(-0.00120595 0.0123662 0)
(0.00675278 0.00423201 0)
(0.000119306 0.00139737 0)
(0.00284692 -0.00186657 0)
(-0.00614304 -0.00500547 0)
(-0.000369533 -0.00649561 0)
(-0.00978864 -0.00602808 0)
(-0.00705573 -0.00326462 0)
(-0.0147905 -0.00107898 0)
(-0.00415323 -0.000238741 0)
(-0.0191772 -9.18838e-06 0)
(0.00813167 0.00658051 0)
(-0.0120336 0.00315319 0)
(0.000670657 0.00875874 0)
(0.00336148 -0.00478968 0)
(-0.0167039 -0.0025643 0)
(0.0179013 -0.031122 0)
(0.0132104 -0.0541452 0)
(0.00199469 0.0159692 0)
(0.0129387 0.00797492 0)
(0.00980438 0.00744976 0)
(0.0282046 0.0104958 0)
(0.0307607 0.00943817 0)
(0.0372681 0.00721767 0)
(0.0381919 0.00745443 0)
(0.0401623 0.00807252 0)
(0.0410889 0.00916086 0)
(0.0422642 0.00638756 0)
(0.0441829 0.00399585 0)
(0.0441348 0.00136367 0)
(0.0458211 0.000910726 0)
(0.0455258 -0.00195234 0)
(0.0480214 0.00275519 0)
(0.0496126 -0.00261265 0)
(0.0525447 0.00339608 0)
(0.0516993 4.13249e-06 0)
(0.0444879 -0.00426247 0)
(0.0240396 0.00259722 0)
)
;

boundaryField
{
    movingWall
    {
        type            fixedValue;
        value           uniform (1 0 0);
    }
    fixedWalls
    {
        type            noSlip;
    }
    frontAndBack
    {
        type            empty;
    }
}


// ************************************************************************* //
