/*--------------------------------*- C++ -*----------------------------------*\
| =========                 |                                                 |
| \\      /  F ield         | OpenFOAM: The Open Source CFD Toolbox           |
|  \\    /   O peration     | Version:  5.x                                   |
|   \\  /    A nd           | Web:      www.OpenFOAM.org                      |
|    \\/     M anipulation  |                                                 |
\*---------------------------------------------------------------------------*/
FoamFile
{
    version     2.0;
    format      ascii;
    class       volScalarField;
    location    "7.3";
    object      p;
}
// * * * * * * * * * * * * * * * * * * * * * * * * * * * * * * * * * * * * * //

dimensions      [0 2 -2 0 0 0 0];

internalField   nonuniform List<scalar> 
400
(
6.2216e-11
-0.000229308
-0.00058845
-0.000935945
-0.00127875
-0.00150437
-0.00157912
-0.00159552
-0.00149273
-0.00125384
-0.00106174
-0.00100426
-0.000944172
-0.000877826
-0.000855602
-0.000846674
-0.000798057
-0.000634799
-0.000382564
0.00041399
-0.000366869
-0.000507948
-0.0007242
-0.00101226
-0.00142309
-0.00176021
-0.00178381
-0.00174657
-0.00162006
-0.0013071
-0.00106111
-0.00100138
-0.000970846
-0.000894548
-0.000870641
-0.000891135
-0.000943919
-0.000893427
-0.000788523
-0.000257173
-0.000623313
-0.000733281
-0.0009529
-0.00128961
-0.00157442
-0.00173645
-0.00176604
-0.00171659
-0.00156068
-0.00131396
-0.00111245
-0.00100939
-0.000961192
-0.000907075
-0.000908799
-0.000906976
-0.000959284
-0.000933404
-0.000915161
-0.000654925
-0.000775436
-0.000853333
-0.0010054
-0.00120531
-0.00139997
-0.00155147
-0.00160699
-0.00157418
-0.00146198
-0.00128754
-0.00113968
-0.00104156
-0.00100871
-0.000953777
-0.000952111
-0.0009312
-0.000968375
-0.000936855
-0.000979475
-0.000847474
-0.000860274
-0.000910638
-0.00100643
-0.00113324
-0.00126502
-0.00136956
-0.0014123
-0.0013918
-0.00132002
-0.00121454
-0.00112204
-0.0010441
-0.0010226
-0.000968719
-0.000981531
-0.000949082
-0.000987309
-0.000944437
-0.000988429
-0.000914203
-0.000908499
-0.000941261
-0.00100312
-0.00108443
-0.00116918
-0.00123539
-0.00126591
-0.00125769
-0.0012226
-0.00116355
-0.00110801
-0.00104988
-0.00103532
-0.000985789
-0.000999804
-0.000958059
-0.000995147
-0.000948683
-0.00099574
-0.000934156
-0.000937242
-0.000959618
-0.00100126
-0.0010548
-0.00111001
-0.00115473
-0.0011799
-0.00118104
-0.0011615
-0.00112669
-0.00109302
-0.00105165
-0.00104363
-0.00100279
-0.00102195
-0.000979427
-0.00101548
-0.000967907
-0.00101895
-0.000968013
-0.000954921
-0.000971614
-0.0010011
-0.00103782
-0.00107508
-0.00110498
-0.00112318
-0.00112534
-0.00111462
-0.00109199
-0.00107351
-0.00104076
-0.00103988
-0.000999766
-0.00102194
-0.000977409
-0.00102392
-0.000972758
-0.00104027
-0.000999126
-0.000964486
-0.00097837
-0.00100122
-0.00102823
-0.00105493
-0.00107698
-0.00109147
-0.00109643
-0.00109356
-0.00108223
-0.00107149
-0.0010489
-0.00104898
-0.00102116
-0.00103684
-0.00100265
-0.00103641
-0.000996914
-0.00104377
-0.00100294
-0.00096853
-0.000983379
-0.0010026
-0.00102382
-0.00104312
-0.00105763
-0.00106742
-0.00106942
-0.00106726
-0.001055
-0.00105102
-0.00102877
-0.00103711
-0.00100498
-0.00103162
-0.000991172
-0.00103579
-0.000986783
-0.00104639
-0.00101007
-0.000966494
-0.000984456
-0.00100343
-0.00102158
-0.00103737
-0.00104997
-0.00105838
-0.00106234
-0.00106281
-0.00105846
-0.00105641
-0.00104458
-0.00104862
-0.00102968
-0.00104515
-0.00101756
-0.00104861
-0.00100946
-0.00107581
-0.00101099
-0.00096264
-0.000994751
-0.00100882
-0.00102552
-0.00103491
-0.0010403
-0.00104548
-0.00104459
-0.00104503
-0.00103672
-0.00103745
-0.0010216
-0.00102964
-0.00100598
-0.00102813
-0.00099271
-0.00104186
-0.000987274
-0.00104815
-0.000991787
-0.000961233
-0.000999432
-0.00101359
-0.00102654
-0.00103773
-0.00104713
-0.00105031
-0.00105177
-0.00105048
-0.00104844
-0.00104715
-0.001042
-0.00104511
-0.00103505
-0.00105067
-0.00102661
-0.00104833
-0.00100491
-0.00107408
-0.00098833
-0.00100449
-0.00108202
-0.00102577
-0.00104564
-0.00104525
-0.00104233
-0.00103911
-0.00103398
-0.00103411
-0.00102805
-0.00102895
-0.00101971
-0.00102124
-0.00100873
-0.00100522
-0.000997443
-0.00102873
-0.000981829
-0.00100694
-0.000981338
-0.00107104
-0.00112766
-0.00104625
-0.00105825
-0.00105744
-0.0010498
-0.00104055
-0.00104473
-0.00103984
-0.00104381
-0.00103759
-0.00104578
-0.00103057
-0.00104341
-0.00105557
-0.00104499
-0.00108396
-0.00100897
-0.00111005
-0.00101911
-0.00117019
-0.00111981
-0.00107296
-0.00106758
-0.00106031
-0.00103642
-0.00103997
-0.00103574
-0.00103794
-0.00102886
-0.00103171
-0.0010234
-0.00102883
-0.00103974
-0.00100416
-0.000981976
-0.000984675
-0.000989494
-0.00100108
-0.000972902
-0.000973288
-0.00109209
-0.00107011
-0.00102937
-0.00105064
-0.0010228
-0.00103104
-0.0010298
-0.00103399
-0.00103939
-0.00104333
-0.00104351
-0.0010334
-0.00107262
-0.00100963
-0.00106185
-0.00110218
-0.000988105
-0.00111259
-0.000895259
-0.000974451
-0.00116481
-0.00107317
-0.00103395
-0.00104591
-0.00101785
-0.0010279
-0.00102071
-0.00103034
-0.00102467
-0.00102301
-0.00102007
-0.00102402
-0.00102885
-0.00103044
-0.00110407
-0.00104136
-0.000933996
-0.000897956
-0.000752994
-0.000921939
-0.00106731
-0.00108336
-0.00104769
-0.00102418
-0.00101176
-0.00100942
-0.0010148
-0.00102678
-0.00102449
-0.00104683
-0.00100741
-0.00107023
-0.00100666
-0.00103527
-0.00111646
-0.000985732
-0.00107542
-0.000952657
-0.00045889
-0.00107764
-0.00102397
-0.000986433
-0.00106083
-0.0010103
-0.00100543
-0.00100704
-0.00101355
-0.00101483
-0.00101688
-0.00100992
-0.00100169
-0.00097873
-0.000964746
-0.00100216
-0.00102093
-0.00100345
-0.000749354
-0.000326083
0.000893366
)
;

boundaryField
{
    movingWall
    {
        type            zeroGradient;
    }
    fixedWalls
    {
        type            zeroGradient;
    }
    frontAndBack
    {
        type            empty;
    }
}


// ************************************************************************* //
