/*--------------------------------*- C++ -*----------------------------------*\
| =========                 |                                                 |
| \\      /  F ield         | OpenFOAM: The Open Source CFD Toolbox           |
|  \\    /   O peration     | Version:  5.x                                   |
|   \\  /    A nd           | Web:      www.OpenFOAM.org                      |
|    \\/     M anipulation  |                                                 |
\*---------------------------------------------------------------------------*/
FoamFile
{
    version     2.0;
    format      ascii;
    class       surfaceScalarField;
    location    "7.3";
    object      phi;
}
// * * * * * * * * * * * * * * * * * * * * * * * * * * * * * * * * * * * * * //

dimensions      [0 3 -1 0 0 0 0];

internalField   nonuniform List<scalar> 
760
(
-8.74206e-07
8.74206e-07
-1.59553e-06
7.21326e-07
-2.01818e-06
4.22646e-07
-2.41322e-06
3.95038e-07
-2.89176e-06
4.78544e-07
-3.05182e-06
1.60064e-07
-3.04717e-06
-4.65358e-09
-3.11981e-06
7.26425e-08
-2.87223e-06
-2.47586e-07
-2.48731e-06
-3.84922e-07
-2.36856e-06
-1.18741e-07
-2.36357e-06
-4.99094e-09
-2.26017e-06
-1.034e-07
-2.13998e-06
-1.20197e-07
-2.13973e-06
-2.42781e-10
-2.13776e-06
-1.97189e-09
-2.09086e-06
-4.6898e-08
-1.8234e-06
-2.6746e-07
-1.25377e-06
-5.6963e-07
-1.25377e-06
-2.64005e-07
1.13821e-06
-7.18216e-07
1.17554e-06
-1.39856e-06
1.10299e-06
-1.88395e-06
8.80426e-07
-2.00576e-06
6.00351e-07
-2.14499e-06
2.99301e-07
-2.21732e-06
6.76725e-08
-2.00718e-06
-1.375e-07
-1.86433e-06
-3.90436e-07
-1.76753e-06
-4.81715e-07
-1.49835e-06
-3.87928e-07
-1.19037e-06
-3.12973e-07
-1.04239e-06
-2.51375e-07
-9.79334e-07
-1.83254e-07
-9.66755e-07
-1.28223e-08
-9.43681e-07
-2.50459e-08
-1.00996e-06
1.93822e-08
-1.00018e-06
-2.77242e-07
-8.06917e-07
-7.62893e-07
-2.06069e-06
3.29403e-08
1.10527e-06
4.06526e-08
1.16783e-06
-1.38197e-08
1.15746e-06
-1.48922e-07
1.01553e-06
-3.2758e-07
7.79009e-07
-4.84455e-07
4.56176e-07
-5.45696e-07
1.28913e-07
-5.34421e-07
-1.48774e-07
-5.40123e-07
-3.84734e-07
-5.29008e-07
-4.92831e-07
-4.62291e-07
-4.54645e-07
-3.85838e-07
-3.89426e-07
-3.46781e-07
-2.90432e-07
-2.94418e-07
-2.35618e-07
-2.35635e-07
-7.16051e-08
-1.67863e-07
-9.28174e-08
-1.41042e-07
-7.43907e-09
-1.7013e-07
-2.48154e-07
-2.79446e-07
-6.53577e-07
-2.34014e-06
1.23669e-07
9.81601e-07
2.72064e-07
1.01943e-06
4.20263e-07
1.00926e-06
5.13593e-07
9.22199e-07
5.50322e-07
7.42281e-07
5.30287e-07
4.76211e-07
4.8108e-07
1.7812e-07
4.07441e-07
-7.51351e-08
3.00355e-07
-2.77648e-07
1.84375e-07
-3.76851e-07
9.96373e-08
-3.69907e-07
3.48548e-08
-3.24643e-07
-2.09283e-08
-2.34649e-07
-6.04996e-08
-1.96046e-07
-7.48989e-08
-5.72059e-08
-5.94377e-08
-1.08279e-07
-3.72014e-08
-2.96753e-08
-6.52524e-08
-2.20103e-07
-1.10782e-07
-6.08048e-07
-2.45092e-06
1.38565e-07
8.43037e-07
2.94775e-07
8.63221e-07
4.63466e-07
8.40573e-07
6.15365e-07
7.703e-07
7.21467e-07
6.36179e-07
7.55847e-07
4.4183e-07
7.14966e-07
2.19e-07
6.21564e-07
1.82677e-08
4.77281e-07
-1.33366e-07
3.2415e-07
-2.23719e-07
1.89602e-07
-2.3536e-07
9.31902e-08
-2.28231e-07
2.55981e-08
-1.67056e-07
-1.08798e-08
-1.59569e-07
-1.87992e-09
-6.62057e-08
-7.42456e-10
-1.09416e-07
6.4672e-10
-3.10645e-08
-7.51971e-09
-2.11937e-07
-1.52776e-08
-6.0029e-07
-2.46619e-06
1.29857e-07
7.1318e-07
2.65232e-07
7.27846e-07
4.05722e-07
7.00082e-07
5.37073e-07
6.3895e-07
6.34336e-07
5.38916e-07
6.75161e-07
4.01006e-07
6.50138e-07
2.44023e-07
5.77629e-07
9.07765e-08
4.70662e-07
-2.63981e-08
3.56737e-07
-1.09795e-07
2.46134e-07
-1.24757e-07
1.69778e-07
-1.51875e-07
9.89108e-08
-9.61894e-08
5.89826e-08
-1.1964e-07
2.75874e-08
-3.48106e-08
6.92535e-09
-8.8754e-08
-2.843e-09
-2.12961e-08
-2.63309e-08
-1.88449e-07
-2.08565e-08
-6.05764e-07
-2.48705e-06
1.15594e-07
5.97586e-07
2.30899e-07
6.12541e-07
3.43005e-07
5.87976e-07
4.42514e-07
5.3944e-07
5.17103e-07
4.64327e-07
5.53742e-07
3.64367e-07
5.45583e-07
2.52182e-07
5.00337e-07
1.36023e-07
4.2248e-07
5.14586e-08
3.39578e-07
-2.68928e-08
2.53152e-07
-3.83311e-08
1.88482e-07
-8.72039e-08
1.28257e-07
-3.59652e-08
9.18534e-08
-8.32362e-08
5.67556e-08
2.87186e-10
2.84161e-08
-6.04144e-08
-2.15013e-09
9.27011e-09
-4.27058e-08
-1.47893e-07
-4.80897e-08
-6.0038e-07
-2.53514e-06
1.03342e-07
4.94244e-07
1.97635e-07
5.18248e-07
2.83883e-07
5.01728e-07
3.58775e-07
4.64549e-07
4.13e-07
4.10102e-07
4.42455e-07
3.34912e-07
4.39525e-07
2.55112e-07
4.08551e-07
1.66996e-07
3.52589e-07
1.07421e-07
2.94087e-07
3.16089e-08
2.27689e-07
2.80673e-08
1.74052e-07
-3.35667e-08
1.20726e-07
1.73604e-08
8.40095e-08
-4.65198e-08
4.94432e-08
3.48536e-08
2.31798e-08
-3.41511e-08
-1.08204e-09
3.35319e-08
-2.76025e-08
-1.21373e-07
-5.51824e-09
-6.22464e-07
-2.54066e-06
9.4406e-08
3.99838e-07
1.82057e-07
4.30597e-07
2.5718e-07
4.26605e-07
3.13806e-07
4.07922e-07
3.53167e-07
3.70741e-07
3.70851e-07
3.17228e-07
3.67896e-07
2.58068e-07
3.47901e-07
1.86991e-07
3.13035e-07
1.42288e-07
2.72782e-07
7.18618e-08
2.27565e-07
7.32842e-08
1.87279e-07
6.71949e-09
1.49747e-07
5.48923e-08
1.16391e-07
-1.31642e-08
8.47672e-08
6.64777e-08
4.43057e-08
6.31039e-09
1.20122e-08
6.58254e-08
-3.07108e-08
-7.86495e-08
-1.78623e-08
-6.35313e-07
-2.55852e-06
1.005e-07
2.99337e-07
1.62213e-07
3.68884e-07
2.08328e-07
3.8049e-07
2.47775e-07
3.68476e-07
2.75775e-07
3.4274e-07
2.96995e-07
2.96008e-07
2.98852e-07
2.56211e-07
2.86377e-07
1.99466e-07
2.57562e-07
1.71103e-07
2.21747e-07
1.07676e-07
1.83345e-07
1.11687e-07
1.43606e-07
4.64588e-08
1.12142e-07
8.63563e-08
7.6992e-08
2.19856e-08
5.89059e-08
8.45639e-08
4.66475e-08
1.85687e-08
2.4408e-08
8.80649e-08
1.22108e-10
-5.43636e-08
-6.09856e-09
-6.29092e-07
-2.56462e-06
1.07944e-07
1.91393e-07
1.91772e-07
2.85056e-07
2.5031e-07
3.21952e-07
2.72751e-07
3.46035e-07
2.81081e-07
3.3441e-07
2.71129e-07
3.0596e-07
2.58417e-07
2.68923e-07
2.40637e-07
2.17246e-07
2.2497e-07
1.8677e-07
2.02818e-07
1.29829e-07
1.87265e-07
1.27239e-07
1.64275e-07
6.94486e-08
1.5206e-07
9.85717e-08
1.33193e-07
4.08525e-08
1.09971e-07
1.07785e-07
6.74861e-08
6.10539e-08
4.82016e-08
1.07349e-07
-5.12667e-09
-1.03536e-09
-2.39569e-08
-6.10262e-07
-2.58858e-06
1.80948e-07
1.04449e-08
1.73846e-07
2.92159e-07
1.67227e-07
3.28571e-07
1.8015e-07
3.33112e-07
2.01376e-07
3.13184e-07
2.26788e-07
2.80548e-07
2.28813e-07
2.66898e-07
2.1927e-07
2.26789e-07
1.98008e-07
2.08031e-07
1.70878e-07
1.56958e-07
1.4249e-07
1.55628e-07
1.07244e-07
1.04695e-07
8.22152e-08
1.236e-07
3.05876e-08
9.24801e-08
4.32307e-08
9.51423e-08
2.86407e-09
1.01421e-07
3.46206e-08
7.55929e-08
5.55677e-08
-2.19825e-08
2.20584e-08
-5.76753e-07
-2.56652e-06
2.81513e-07
-2.71068e-07
2.91295e-07
2.82377e-07
2.95817e-07
3.24049e-07
2.31638e-07
3.9729e-07
1.80438e-07
3.64384e-07
1.36647e-07
3.24338e-07
1.27333e-07
2.76213e-07
1.18442e-07
2.3568e-07
1.28863e-07
1.97611e-07
1.17564e-07
1.68257e-07
1.31509e-07
1.41683e-07
1.04587e-07
1.31616e-07
1.40216e-07
8.79718e-08
1.24147e-07
1.08549e-07
1.33206e-07
8.60824e-08
1.12922e-07
1.21705e-07
1.02961e-07
8.55536e-08
3.51691e-08
4.58098e-08
-2.34151e-08
-5.18168e-07
-2.58993e-06
3.35411e-07
-6.06479e-07
2.57596e-07
3.60191e-07
2.96565e-07
2.8508e-07
3.68003e-07
3.25852e-07
3.79182e-07
3.53206e-07
3.38123e-07
3.65397e-07
2.92146e-07
3.22189e-07
2.45393e-07
2.82433e-07
2.10469e-07
2.32534e-07
1.73572e-07
2.05155e-07
1.45648e-07
1.69607e-07
1.10375e-07
1.66889e-07
5.59785e-08
1.42369e-07
1.60351e-08
1.48493e-07
-5.1749e-08
1.53867e-07
-1.87769e-07
2.57725e-07
-1.458e-08
-8.76354e-08
6.72578e-08
-3.60281e-08
3.20839e-08
-4.82995e-07
-2.55785e-06
1.12451e-07
-7.1893e-07
1.51365e-07
3.21277e-07
-9.27026e-08
5.29147e-07
-1.76602e-07
4.09751e-07
-1.96773e-07
3.73378e-07
-1.45961e-07
3.14585e-07
-1.15314e-07
2.91543e-07
-7.98136e-08
2.46932e-07
-5.13849e-08
2.04105e-07
-3.41034e-08
1.87873e-07
-2.39614e-08
1.59465e-07
-4.38441e-08
1.86772e-07
6.49314e-09
9.20313e-08
-9.2684e-08
2.4767e-07
8.72595e-08
-2.6077e-08
1.47726e-07
1.97259e-07
4.65547e-08
1.35354e-08
-5.05282e-08
6.10549e-08
-4.45818e-08
-4.88941e-07
-2.60243e-06
-1.80596e-08
-7.0087e-07
1.19045e-07
1.84173e-07
1.93878e-07
4.54314e-07
3.10168e-07
2.93462e-07
3.49524e-07
3.34021e-07
3.74481e-07
2.89628e-07
4.34825e-07
2.31199e-07
4.35135e-07
2.46622e-07
4.49422e-07
1.89818e-07
4.08376e-07
2.28919e-07
4.06301e-07
1.6154e-07
3.31461e-07
2.61612e-07
3.68222e-07
5.52699e-08
2.5877e-07
3.57122e-07
1.31396e-07
1.01297e-07
5.47102e-08
2.73945e-07
7.54302e-08
-7.18453e-09
7.30613e-08
6.34238e-08
7.07963e-08
-4.86676e-07
-2.53164e-06
-2.19396e-07
-4.81474e-07
-4.83617e-07
4.48394e-07
-2.95036e-07
2.65733e-07
-3.25897e-07
3.24323e-07
-3.02771e-07
3.10896e-07
-2.87024e-07
2.73881e-07
-3.03329e-07
2.47504e-07
-2.80876e-07
2.24169e-07
-3.16448e-07
2.25389e-07
-2.88464e-07
2.00936e-07
-3.08116e-07
1.81191e-07
-2.45705e-07
1.99202e-07
-2.87864e-07
9.74289e-08
-2.34719e-07
3.03977e-07
-1.28052e-07
-5.36937e-09
-2.45275e-07
3.91167e-07
1.40395e-07
-3.92854e-07
1.38058e-07
6.57611e-08
1.85573e-08
-3.67175e-07
-2.51308e-06
-2.7974e-08
-4.535e-07
3.26191e-07
9.42288e-08
2.68683e-07
3.23241e-07
3.12373e-07
2.80633e-07
3.68795e-07
2.54474e-07
4.1669e-07
2.25985e-07
4.58064e-07
2.06131e-07
5.11737e-07
1.70497e-07
5.42929e-07
1.94197e-07
5.74667e-07
1.69198e-07
5.89492e-07
1.66366e-07
6.22114e-07
1.6658e-07
6.40503e-07
7.90399e-08
5.40875e-07
4.03604e-07
6.39064e-07
-1.03558e-07
5.91138e-07
4.39093e-07
4.41847e-07
-2.43563e-07
2.01724e-07
3.05885e-07
2.63269e-07
-4.28721e-07
-2.24981e-06
-8.25189e-07
3.71689e-07
-9.65062e-07
2.34101e-07
-9.19041e-07
2.7722e-07
-8.00076e-07
1.61668e-07
-7.22246e-07
1.76643e-07
-6.41553e-07
1.45292e-07
-5.93066e-07
1.57644e-07
-5.49389e-07
1.2682e-07
-4.94237e-07
1.39045e-07
-4.46353e-07
1.21313e-07
-3.74135e-07
9.41485e-08
-3.14322e-07
1.06767e-07
-2.97032e-07
6.17491e-08
-7.97422e-08
1.86314e-07
-2.7095e-07
8.76491e-08
2.99698e-08
1.38174e-07
-1.23163e-07
-9.04304e-08
1.90989e-07
-8.26711e-09
7.08353e-07
-9.46085e-07
-1.54146e-06
3.71689e-07
6.05791e-07
8.83011e-07
1.04468e-06
1.22132e-06
1.36661e-06
1.52426e-06
1.65108e-06
1.79012e-06
1.91144e-06
2.00559e-06
2.11235e-06
2.1741e-06
2.36042e-06
2.44806e-06
2.58624e-06
2.49581e-06
2.48754e-06
1.54146e-06
)
;

boundaryField
{
    movingWall
    {
        type            calculated;
        value           uniform 0;
    }
    fixedWalls
    {
        type            calculated;
        value           uniform 0;
    }
    frontAndBack
    {
        type            empty;
        value           nonuniform 0();
    }
}


// ************************************************************************* //
