/*--------------------------------*- C++ -*----------------------------------*\
| =========                 |                                                 |
| \\      /  F ield         | OpenFOAM: The Open Source CFD Toolbox           |
|  \\    /   O peration     | Version:  5.x                                   |
|   \\  /    A nd           | Web:      www.OpenFOAM.org                      |
|    \\/     M anipulation  |                                                 |
\*---------------------------------------------------------------------------*/
FoamFile
{
    version     2.0;
    format      ascii;
    class       surfaceScalarField;
    location    "19.4";
    object      phi;
}
// * * * * * * * * * * * * * * * * * * * * * * * * * * * * * * * * * * * * * //

dimensions      [0 3 -1 0 0 0 0];

internalField   nonuniform List<scalar> 
760
(
-1.33212e-06
1.33212e-06
-2.24824e-06
9.16125e-07
-2.69375e-06
4.4551e-07
-2.93146e-06
2.37706e-07
-3.02543e-06
9.39723e-08
-3.0975e-06
7.20715e-08
-3.11971e-06
2.22085e-08
-3.15995e-06
4.02355e-08
-3.1651e-06
5.15524e-09
-3.17825e-06
1.31439e-08
-3.16428e-06
-1.39684e-08
-3.16643e-06
2.14767e-09
-3.13992e-06
-2.65051e-08
-3.10436e-06
-3.55618e-08
-3.03737e-06
-6.6989e-08
-2.92019e-06
-1.17186e-07
-2.76715e-06
-1.5304e-07
-2.34152e-06
-4.25622e-07
-1.65106e-06
-6.90465e-07
-1.65106e-06
-7.51362e-07
2.08348e-06
-1.18872e-06
1.35348e-06
-1.35017e-06
6.06955e-07
-1.42299e-06
3.1053e-07
-1.4713e-06
1.42286e-07
-1.49138e-06
9.21527e-08
-1.51486e-06
4.5684e-08
-1.52407e-06
4.94415e-08
-1.51328e-06
-5.63514e-09
-1.53272e-06
3.2591e-08
-1.54664e-06
-5.37481e-11
-1.5672e-06
2.27147e-08
-1.55004e-06
-4.36711e-08
-1.52414e-06
-6.14589e-08
-1.52543e-06
-6.56988e-08
-1.465e-06
-1.77615e-07
-1.44776e-06
-1.70277e-07
-1.3581e-06
-5.15285e-07
-9.66013e-07
-1.08255e-06
-2.61707e-06
-3.89985e-07
2.47347e-06
-5.83059e-07
1.54656e-06
-6.076e-07
6.31496e-07
-6.65361e-07
3.68291e-07
-7.01438e-07
1.78363e-07
-7.51213e-07
1.41928e-07
-7.93018e-07
8.74886e-08
-7.80418e-07
3.68419e-08
-7.92628e-07
6.57446e-09
-7.7328e-07
1.32429e-08
-8.17237e-07
4.3904e-08
-8.41146e-07
4.6623e-08
-8.80995e-07
-3.82141e-09
-8.10284e-07
-1.3217e-07
-7.31048e-07
-1.44935e-07
-6.45448e-07
-2.63215e-07
-3.12163e-07
-5.03561e-07
-1.97463e-07
-6.29985e-07
-3.9681e-07
-8.83206e-07
-3.01388e-06
-2.02873e-07
2.67634e-06
-2.91345e-07
1.63503e-06
-2.64486e-07
6.04637e-07
-2.69174e-07
3.72979e-07
-2.81188e-07
1.90377e-07
-2.9909e-07
1.5983e-07
-3.40881e-07
1.29279e-07
-3.77782e-07
7.3743e-08
-4.05565e-07
3.43574e-08
-4.2384e-07
3.15181e-08
-4.67354e-07
8.74182e-08
-4.85247e-07
6.45154e-08
-4.87304e-07
-1.76471e-09
-5.31929e-07
-8.75449e-08
-5.74283e-07
-1.02581e-07
-6.03518e-07
-2.3398e-07
-4.94737e-07
-6.12342e-07
-2.30173e-07
-8.94549e-07
-1.83036e-07
-9.30343e-07
-3.19692e-06
-1.12119e-07
2.78846e-06
-1.12029e-07
1.63494e-06
-1.01128e-07
5.93736e-07
-6.02745e-08
3.32126e-07
-5.0603e-08
1.80705e-07
-6.79393e-08
1.77166e-07
-9.69235e-08
1.58264e-07
-1.38155e-07
1.14974e-07
-2.13894e-07
1.10096e-07
-2.33705e-07
5.13298e-08
-1.82734e-07
3.6447e-08
-9.94338e-08
-1.87849e-08
1.14793e-08
-1.12678e-07
-2.76323e-08
-4.84333e-08
8.64067e-08
-2.1662e-07
1.90604e-08
-1.66633e-07
-7.00283e-08
-5.23254e-07
-2.20748e-08
-9.42503e-07
-5.32779e-08
-8.9914e-07
-3.2502e-06
-5.12365e-08
2.83969e-06
-7.57318e-08
1.65944e-06
-5.48673e-09
5.23491e-07
4.97203e-08
2.76919e-07
-6.39151e-09
2.36817e-07
-9.77124e-09
1.80546e-07
-3.25244e-08
1.81017e-07
-7.17488e-08
1.54199e-07
-8.31574e-08
1.21505e-07
-1.56777e-07
1.2495e-07
-2.96284e-07
1.75953e-07
-2.81154e-07
-3.39146e-08
-8.89778e-08
-3.04854e-07
-1.39546e-07
2.13518e-09
1.14998e-07
-4.71164e-07
2.37507e-07
-2.89143e-07
-6.06487e-08
-2.25098e-07
-5.54888e-08
-9.47663e-07
-4.26111e-08
-9.12017e-07
-3.29281e-06
-5.22898e-08
2.89198e-06
-1.27668e-08
1.61991e-06
-2.31558e-08
5.3388e-07
-1.15597e-08
2.65322e-07
8.4709e-09
2.16786e-07
3.8692e-08
1.50325e-07
7.54825e-08
1.44226e-07
5.97182e-08
1.69963e-07
3.08309e-08
1.50392e-07
-4.75575e-09
1.60536e-07
-3.06569e-08
2.01855e-07
-8.32939e-08
1.87224e-08
-1.53092e-07
-2.35055e-07
-1.94826e-07
4.38688e-08
-4.12929e-08
-6.24698e-07
-6.88376e-08
-2.61598e-07
-2.6036e-07
-3.35747e-08
-1.37474e-07
-1.07055e-06
4.14483e-09
-1.05364e-06
-3.28866e-06
-1.58692e-08
2.90785e-06
-4.33823e-08
1.64743e-06
-2.71581e-08
5.17656e-07
2.51437e-08
2.13021e-07
1.5594e-08
2.26336e-07
-1.29463e-08
1.78865e-07
-8.73223e-08
2.18602e-07
-1.78685e-07
2.61325e-07
-2.79019e-07
2.50726e-07
-2.94175e-07
1.75693e-07
-1.30882e-07
3.85611e-08
-6.00454e-08
-5.2114e-08
-2.36105e-07
-5.89961e-08
-3.83471e-07
1.91235e-07
-1.97686e-07
-8.10482e-07
-1.47317e-07
-3.11968e-07
-2.64225e-07
8.3333e-08
-1.88844e-07
-1.14593e-06
-8.23676e-08
-1.16011e-06
-3.37103e-06
-2.77209e-08
2.93557e-06
-9.62215e-09
1.62933e-06
-2.13082e-08
5.29342e-07
-5.09656e-08
2.42678e-07
-2.43235e-08
1.99694e-07
4.95857e-08
1.04956e-07
4.84156e-08
2.19772e-07
4.03641e-08
2.69377e-07
2.41849e-07
4.92413e-08
3.3784e-07
7.97017e-08
2.44913e-07
1.31489e-07
6.46009e-08
1.28198e-07
-4.5576e-08
5.11808e-08
-1.12281e-07
2.57939e-07
-1.00828e-07
-8.21935e-07
-3.18183e-08
-3.80977e-07
6.3668e-08
-1.21533e-08
8.36805e-08
-1.16594e-06
5.83219e-09
-1.08226e-06
-3.3652e-06
-2.2582e-08
2.95816e-06
-9.32184e-08
1.69996e-06
-1.10485e-07
5.46609e-07
-7.30105e-08
2.05203e-07
-7.29148e-09
1.33975e-07
4.936e-08
4.83044e-08
1.34277e-07
1.34855e-07
1.97315e-07
2.06339e-07
2.81685e-07
-3.51288e-08
2.00223e-07
1.61163e-07
-5.27229e-09
3.36985e-07
-8.73945e-08
2.1032e-07
-1.06794e-07
7.05805e-08
-1.78222e-07
3.29367e-07
-5.87837e-07
-4.1232e-07
-4.49496e-07
-5.19318e-07
1.95498e-07
-6.57147e-07
2.14306e-07
-1.18475e-06
9.76011e-09
-8.77718e-07
-3.35544e-06
-6.86276e-09
2.96502e-06
2.57624e-08
1.66734e-06
-2.16659e-09
5.74538e-07
1.87814e-08
1.84255e-07
4.88549e-08
1.03902e-07
9.47118e-08
2.44755e-09
2.72812e-07
-4.32445e-08
2.85545e-07
1.93605e-07
1.35688e-07
1.14729e-07
1.3094e-08
2.83757e-07
-1.64755e-08
3.66554e-07
1.64892e-07
2.89524e-08
2.88285e-07
-5.28126e-08
2.08101e-08
5.96842e-07
-1.00935e-07
-2.90575e-07
-1.14722e-07
-5.05531e-07
-1.53266e-07
-6.18603e-07
-2.11858e-07
-1.12616e-06
2.56454e-08
-1.11522e-06
-3.32979e-06
-1.34893e-08
2.97851e-06
-8.51788e-08
1.73903e-06
6.05507e-08
4.28808e-07
1.35389e-07
1.09417e-07
2.87553e-08
2.10535e-07
1.33722e-08
1.78306e-08
1.79506e-07
-2.09379e-07
2.74218e-07
9.88935e-08
1.54279e-07
2.34668e-07
8.29393e-08
3.55097e-07
1.08962e-07
3.40531e-07
8.6695e-08
5.12194e-08
7.56366e-08
-4.17541e-08
9.5947e-08
5.76532e-07
-2.49341e-08
-1.69694e-07
-1.93217e-08
-5.11144e-07
-7.79764e-08
-5.59948e-07
-3.04175e-07
-8.9996e-07
-9.14287e-08
-1.32797e-06
-3.42122e-06
6.71447e-09
2.97179e-06
1.00784e-08
1.73566e-06
-7.42158e-08
5.13102e-07
-1.97411e-07
2.32612e-07
-1.33374e-07
1.46498e-07
-1.7995e-07
6.44064e-08
-1.67082e-07
-2.22247e-07
1.27016e-07
-1.95204e-07
3.06604e-07
5.508e-08
3.10728e-07
3.50972e-07
2.13428e-07
4.37831e-07
9.57927e-08
1.68855e-07
4.30929e-09
4.97293e-08
1.91565e-08
5.61685e-07
7.08372e-08
-2.21375e-07
8.34479e-08
-5.23754e-07
2.69476e-07
-7.45976e-07
1.89317e-07
-8.19801e-07
3.68664e-08
-1.17552e-06
-3.38436e-06
2.10844e-08
2.95071e-06
3.33039e-10
1.75642e-06
-2.19527e-08
5.35388e-07
-1.19049e-07
3.29709e-07
-6.8218e-08
9.56669e-08
-1.5868e-07
1.54869e-07
-1.00479e-07
-2.80448e-07
2.23001e-07
-5.18685e-07
3.45216e-07
-6.71353e-08
4.43831e-07
2.52357e-07
3.33588e-07
5.48075e-07
1.60496e-07
3.41947e-07
-3.59234e-09
2.13818e-07
-8.27397e-08
6.40832e-07
1.43306e-07
-4.4742e-07
1.53347e-07
-5.33796e-07
2.67524e-07
-8.60153e-07
2.22153e-07
-7.7443e-07
6.01667e-08
-1.01353e-06
-3.32419e-06
5.25421e-08
2.89817e-06
2.41929e-08
1.78476e-06
-1.23309e-07
6.8289e-07
5.21671e-08
1.54233e-07
1.84717e-07
-3.68834e-08
1.46036e-07
1.9355e-07
4.72999e-07
-6.07411e-07
6.29774e-07
-6.75459e-07
4.90416e-07
7.22227e-08
5.0435e-07
2.38423e-07
6.8806e-07
3.64365e-07
4.75545e-07
5.54462e-07
7.04718e-07
-1.53551e-08
7.73961e-07
5.71589e-07
7.23169e-07
-3.96628e-07
8.23197e-07
-6.33824e-07
1.79973e-07
-2.16929e-07
-1.98675e-07
-3.95782e-07
-3.87091e-08
-1.1735e-06
-3.3629e-06
1.24309e-07
2.77386e-06
2.41198e-07
1.66788e-06
1.73751e-07
7.50337e-07
1.91549e-08
3.08828e-07
1.02795e-07
-1.20523e-07
4.42992e-07
-1.46647e-07
4.73691e-07
-6.38111e-07
3.67346e-07
-5.69114e-07
4.99712e-07
-6.0143e-08
5.36357e-07
2.01778e-07
6.20331e-07
2.80391e-07
6.15639e-07
5.59154e-07
6.65116e-07
-6.48325e-08
7.87155e-07
4.4955e-07
7.0156e-07
-3.11033e-07
-2.15544e-09
6.98919e-08
-1.53709e-07
-6.5375e-08
5.5699e-08
-6.0519e-07
1.04669e-08
-1.12827e-06
-3.35243e-06
2.44869e-07
2.52899e-06
2.52847e-07
1.6599e-06
2.36014e-07
7.6717e-07
3.86343e-07
1.58499e-07
2.75197e-07
-9.3773e-09
4.59953e-07
-3.31402e-07
4.60846e-07
-6.39003e-07
5.17552e-07
-6.25821e-07
9.2482e-07
-4.67411e-07
1.09365e-06
3.29448e-08
8.89307e-07
4.84737e-07
9.12317e-07
5.36145e-07
7.71542e-07
7.5942e-08
8.09548e-07
4.11544e-07
8.93209e-07
-3.94694e-07
4.8528e-07
4.77821e-07
8.50374e-07
-4.30469e-07
5.68704e-07
-3.2352e-07
8.75323e-08
-6.47094e-07
-3.2649e-06
4.86306e-07
2.04268e-06
8.63031e-07
1.28317e-06
8.47253e-07
7.82947e-07
8.36663e-07
1.69089e-07
9.06253e-07
-7.89668e-08
8.84191e-07
-3.09341e-07
8.97351e-07
-6.52164e-07
9.09559e-07
-6.38028e-07
8.3972e-07
-3.97572e-07
9.23984e-07
-5.13198e-08
1.08557e-06
3.23146e-07
9.95291e-07
6.26429e-07
1.0852e-06
-1.39678e-08
1.05147e-06
4.45279e-07
9.93552e-07
-3.36781e-07
9.47941e-07
5.23433e-07
7.45593e-07
-2.28121e-07
2.55246e-07
1.66827e-07
4.1298e-07
-8.04828e-07
-2.85192e-06
6.98197e-07
1.34449e-06
1.17229e-06
8.09083e-07
1.44413e-06
5.11102e-07
1.36351e-06
2.49717e-07
1.13346e-06
1.51077e-07
7.79211e-07
4.49095e-08
3.41459e-08
9.29011e-08
-7.11386e-07
1.07504e-07
-1.15732e-06
4.83674e-08
-1.17277e-06
-3.58761e-08
-9.00719e-07
5.10964e-08
-3.9186e-07
1.1757e-07
-3.44848e-07
-6.09798e-08
-3.07576e-08
1.31188e-07
-3.05847e-07
-6.16914e-08
5.76176e-08
1.59968e-07
-1.30355e-09
-1.692e-07
3.09542e-07
-1.44019e-07
8.71304e-07
-1.36659e-06
-1.98061e-06
1.34449e-06
2.15357e-06
2.66467e-06
2.91439e-06
3.06547e-06
3.11037e-06
3.20328e-06
3.31078e-06
3.35915e-06
3.32327e-06
3.37437e-06
3.49194e-06
3.43096e-06
3.56215e-06
3.50045e-06
3.66042e-06
3.49122e-06
3.3472e-06
1.98061e-06
)
;

boundaryField
{
    movingWall
    {
        type            calculated;
        value           uniform 0;
    }
    fixedWalls
    {
        type            calculated;
        value           uniform 0;
    }
    frontAndBack
    {
        type            empty;
        value           nonuniform 0();
    }
}


// ************************************************************************* //
