/*--------------------------------*- C++ -*----------------------------------*\
| =========                 |                                                 |
| \\      /  F ield         | OpenFOAM: The Open Source CFD Toolbox           |
|  \\    /   O peration     | Version:  5.x                                   |
|   \\  /    A nd           | Web:      www.OpenFOAM.org                      |
|    \\/     M anipulation  |                                                 |
\*---------------------------------------------------------------------------*/
FoamFile
{
    version     2.0;
    format      ascii;
    class       volVectorField;
    location    "19.4";
    object      U;
}
// * * * * * * * * * * * * * * * * * * * * * * * * * * * * * * * * * * * * * //

dimensions      [0 1 -1 0 0 0 0];

internalField   nonuniform List<vector> 
400
(
(-0.0175901 0.0076813 0)
(-0.0407202 0.00838959 0)
(-0.0500431 0.00247613 0)
(-0.0566181 0.00179281 0)
(-0.0581912 -0.00036559 0)
(-0.0616073 -0.000402567 0)
(-0.0609599 -0.000784628 0)
(-0.0637968 -0.000619696 0)
(-0.0617897 -8.14332e-05 0)
(-0.0644156 -0.000226302 0)
(-0.0622403 0.000565741 0)
(-0.0649156 -0.000113382 0)
(-0.0624021 0.000314421 0)
(-0.0641501 -0.000916357 0)
(-0.0607408 -0.00137938 0)
(-0.0620105 -0.00330317 0)
(-0.056909 -0.00506003 0)
(-0.0552303 -0.00901161 0)
(-0.0437445 -0.0136559 0)
(-0.014061 -0.0272391 0)
(-0.0114726 0.0401879 0)
(-0.0217356 0.0245493 0)
(-0.0253747 0.01318 0)
(-0.0273195 0.00658514 0)
(-0.0284764 0.00356967 0)
(-0.0295605 0.00299477 0)
(-0.0296146 0.00158991 0)
(-0.0313862 0.00235603 0)
(-0.0288359 0.000355426 0)
(-0.0321681 0.000851088 0)
(-0.0283856 -0.00106053 0)
(-0.034327 0.000160081 0)
(-0.0279481 -0.00156359 0)
(-0.0348223 -0.000865438 0)
(-0.0267138 -0.00189832 0)
(-0.0337397 -0.00241495 0)
(-0.0266582 -0.00237326 0)
(-0.0291541 -0.0105693 0)
(-0.0298944 -0.0182254 0)
(-0.0029418 -0.0456049 0)
(-0.00675803 0.0448866 0)
(-0.0109356 0.0297772 0)
(-0.0110932 0.0120876 0)
(-0.013168 0.00629648 0)
(-0.0126071 0.00251391 0)
(-0.0151757 0.000871616 0)
(-0.0148441 0.000257936 0)
(-0.0170895 -0.000559659 0)
(-0.0140915 -0.000663764 0)
(-0.0174892 0.00026066 0)
(-0.0130803 0.00104846 0)
(-0.0197447 0.000834745 0)
(-0.0146132 3.33026e-05 0)
(-0.0196972 -0.00112229 0)
(-0.0140513 -0.00015501 0)
(-0.0132874 -0.0033073 0)
(-0.0146955 -0.00329006 0)
(0.00360509 -0.00795335 0)
(-0.0128299 -0.0213165 0)
(-0.000604282 -0.0576128 0)
(-0.00393107 0.055336 0)
(-0.0053787 0.0337954 0)
(-0.00545441 0.0137606 0)
(-0.00530008 0.00884391 0)
(-0.00510042 0.00462711 0)
(-0.00630251 0.00463582 0)
(-0.00548899 0.00331939 0)
(-0.00846485 0.00212055 0)
(-0.00630198 0.00101601 0)
(-0.00970215 0.000387025 0)
(-0.00716964 0.000852336 0)
(-0.0116436 0.0009341 0)
(-0.00831616 -0.000224462 0)
(-0.0103315 -0.00466662 0)
(-0.0118659 -0.00633439 0)
(-0.010226 -0.00868276 0)
(-0.0155025 -0.0184662 0)
(-0.00229525 -0.0185918 0)
(-0.00841621 -0.0162757 0)
(0.0024673 -0.0608625 0)
(-0.0031907 0.0538146 0)
(-0.00203999 0.0322823 0)
(-0.00192728 0.010927 0)
(-0.00230129 0.00632176 0)
(-1.8483e-05 0.00290122 0)
(-0.00190277 0.00195237 0)
(-0.00094624 0.00172576 0)
(-0.00284401 0.000896558 0)
(-0.00282291 0.000189684 0)
(-0.00553492 0.000713756 0)
(-0.00399321 0.00253906 0)
(-0.00294199 0.00185473 0)
(-0.00146109 0.000144208 0)
(0.00207901 0.00122836 0)
(-0.00337535 0.00255617 0)
(0.00686861 9.93964e-05 0)
(-0.00623262 -0.00455995 0)
(0.0039563 -0.016105 0)
(-0.00513594 -0.0184507 0)
(0.00341706 -0.0638029 0)
(-0.0018109 0.058772 0)
(-0.000568958 0.0346299 0)
(-0.0021743 0.0134549 0)
(0.00191298 0.0073239 0)
(0.000183629 0.00462221 0)
(-0.000476183 0.00521146 0)
(0.000127256 0.00484957 0)
(-0.00151066 0.00364536 0)
(-0.00138128 0.00445327 0)
(-0.0017589 0.00150998 0)
(-0.00483002 -0.000990949 0)
(-0.00663177 -0.00270756 0)
(-0.00513797 -0.00428881 0)
(0.00197714 -0.00304798 0)
(-0.00797697 -0.0108435 0)
(0.0125191 -0.00644353 0)
(-0.00346425 -0.0165255 0)
(0.00157759 -0.0206068 0)
(-0.00443548 -0.0195871 0)
(0.00322975 -0.064473 0)
(-0.00247068 0.0565573 0)
(0.000139915 0.0315203 0)
(-0.000571523 0.00724127 0)
(-0.000395736 0.00363264 0)
(-6.92609e-05 0.00456848 0)
(0.000436642 0.00188073 0)
(0.00102481 0.00208135 0)
(0.00213566 0.00251703 0)
(9.32942e-05 0.000174014 0)
(0.00130295 0.00355457 0)
(-0.00158942 0.00762397 0)
(0.000629321 0.00142049 0)
(-0.00448726 -0.00875213 0)
(-0.000831033 0.00318134 0)
(-0.00770882 -0.00742949 0)
(0.00617665 -0.00520415 0)
(-0.00902675 0.00803278 0)
(-0.000714388 -0.0167014 0)
(-0.00517363 -0.014825 0)
(0.0053073 -0.0657902 0)
(-0.00153659 0.0589291 0)
(0.000778982 0.0332799 0)
(-0.00234014 0.0142732 0)
(0.00115879 0.00706215 0)
(-8.81127e-05 0.00436134 0)
(0.000675002 0.00429719 0)
(-0.00113452 0.00399387 0)
(-0.00250895 0.00430032 0)
(-0.0044668 0.00609839 0)
(-0.00702008 0.00272696 0)
(-0.00494519 0.000949044 0)
(-3.91589e-05 -0.000546423 0)
(-0.00219172 0.000269347 0)
(-0.00747291 -0.00161852 0)
(-0.00886239 -0.0180949 0)
(0.00188041 -0.00526299 0)
(-0.00848887 -0.00934743 0)
(-0.0015169 -0.0278201 0)
(-0.00596297 -0.0291727 0)
(0.00250301 -0.0684785 0)
(-0.00199428 0.0580296 0)
(0.000753796 0.0329987 0)
(-0.00104809 0.00670661 0)
(8.02255e-05 0.0015408 0)
(-0.00203767 0.00442933 0)
(0.00112725 0.00267338 0)
(0.000789504 0.00437928 0)
(0.00123491 0.00613593 0)
(0.000376658 0.00353339 0)
(0.0088493 0.00385174 0)
(0.00507638 0.000325515 0)
(0.00496904 -0.00186126 0)
(-0.00224654 -0.00310777 0)
(0.000418994 0.00844543 0)
(-0.00560573 -0.0159397 0)
(0.00250507 -0.00764705 0)
(-0.00434101 0.0119287 0)
(0.00754974 -0.0185324 0)
(-0.00466489 -0.0173648 0)
(0.00500265 -0.0649367 0)
(-0.00145305 0.0591673 0)
(0.000427183 0.0319865 0)
(-0.0038807 0.0140893 0)
(-0.000834964 0.00814901 0)
(-0.00187501 0.00384551 0)
(0.00154851 0.00167877 0)
(0.000544425 0.00476282 0)
(0.0045752 0.00461427 0)
(0.00349615 -0.00137506 0)
(0.00747316 -0.000240519 0)
(0.00093539 0.00556154 0)
(-0.00122824 0.00755686 0)
(-0.00209404 0.00558214 0)
(-0.0016656 0.0032582 0)
(-0.00638957 -0.0151121 0)
(-0.0157786 -0.0072132 0)
(-0.00259237 -0.0121485 0)
(0.0107015 -0.0265433 0)
(-0.00299956 -0.0258976 0)
(0.00359543 -0.0682167 0)
(-0.00151134 0.0591092 0)
(0.00112744 0.0349538 0)
(0.000138937 0.00731279 0)
(-0.000282163 -0.000339538 0)
(0.00117379 0.00122342 0)
(0.000827862 8.20538e-05 0)
(0.00288615 0.000422449 0)
(0.00804401 0.00374347 0)
(0.00360204 -0.00022892 0)
(0.00156707 0.00607732 0)
(-0.000972221 0.00698365 0)
(0.000207435 0.000155807 0)
(0.00685687 -0.00320766 0)
(0.00380705 0.00841638 0)
(-0.0027913 -0.00187683 0)
(-0.00145019 -0.013037 0)
(-0.00264564 -0.0139055 0)
(-0.00378029 -0.0201475 0)
(-0.00551651 -0.00855168 0)
(0.00687986 -0.0650136 0)
(-0.000621127 0.0596139 0)
(-2.59982e-05 0.0333455 0)
(-0.00301196 0.0163663 0)
(0.00512929 0.00822273 0)
(0.000510769 0.00317765 0)
(0.000817827 7.05056e-05 0)
(-0.000416449 -0.00201169 0)
(0.00735929 0.00367565 0)
(0.00427133 0.00525985 0)
(0.00155357 0.00604598 0)
(0.00158346 0.00829458 0)
(0.0027733 0.00121054 0)
(0.000950254 0.00137115 0)
(0.00167509 0.0163839 0)
(0.00258172 -0.00928712 0)
(-0.00355513 -0.00816236 0)
(0.0025797 -0.0123524 0)
(-0.00512776 -0.0264243 0)
(-0.00830841 -0.0360934 0)
(0.00528821 -0.0716386 0)
(-0.000996188 0.0592423 0)
(0.00112267 0.0346224 0)
(-0.00052308 0.000400994 0)
(-0.00293551 -0.00423112 0)
(-0.00432003 0.00489154 0)
(-0.00107746 0.000536858 0)
(-0.00665764 -0.00682389 0)
(0.000582304 0.000476786 0)
(0.00425074 0.00344005 0)
(0.00754392 0.00730726 0)
(0.00534484 0.00526519 0)
(0.00272074 0.000573343 0)
(0.00122469 -0.00332143 0)
(-0.000973145 0.00789528 0)
(0.00144575 0.00280067 0)
(0.00210998 -0.0112145 0)
(0.000378159 -0.0109157 0)
(0.0118871 -0.00955182 0)
(-0.00561211 -0.0185973 0)
(0.00767001 -0.0622139 0)
(0.000682884 0.0588672 0)
(-7.01012e-05 0.0356755 0)
(0.000151584 0.019931 0)
(-0.00127342 0.014116 0)
(-0.00287799 0.00136709 0)
(-0.000294258 0.00193358 0)
(-0.00580971 -0.00147614 0)
(0.00225515 -0.00769149 0)
(0.00664954 -0.000800048 0)
(0.00667283 0.0077434 0)
(0.0104088 0.0121482 0)
(0.00306647 0.00672854 0)
(0.00403964 0.005723 0)
(-0.00423442 0.0138336 0)
(6.25942e-05 -0.0125589 0)
(0.00704141 -0.00913476 0)
(-0.0020758 -0.017279 0)
(0.0141467 -0.023261 0)
(-0.00647171 -0.0258728 0)
(0.00943747 -0.070617 0)
(-0.000480814 0.0580118 0)
(0.00220036 0.0338908 0)
(-0.000984301 0.00200486 0)
(-0.00462071 -0.00191402 0)
(0.00719897 0.00211472 0)
(-0.000556321 0.0038458 0)
(0.00633969 -0.0105427 0)
(0.0134942 -0.0144446 0)
(0.0112562 -0.0022598 0)
(0.00766815 0.00145716 0)
(0.0131958 0.0101971 0)
(0.0131253 0.00621554 0)
(0.00731702 0.00206261 0)
(0.0195868 0.0101526 0)
(0.00897557 -0.00710532 0)
(0.0227932 -0.0142178 0)
(0.00740049 -0.018396 0)
(0.00132805 -0.00607382 0)
(-0.0108656 -0.0171364 0)
(0.00982772 -0.065107 0)
(0.00258322 0.0561598 0)
(0.00177747 0.0358368 0)
(0.00720959 0.0239055 0)
(0.000496019 0.00888178 0)
(0.000130876 -0.003547 0)
(0.0040802 0.00448362 0)
(0.0128284 -0.0130387 0)
(0.00759094 -0.0112528 0)
(0.00565697 0.00481298 0)
(0.0157604 0.00888646 0)
(0.0046483 0.0044425 0)
(0.0198226 0.0165367 0)
(0.00604655 -0.00253053 0)
(0.0189321 0.0145042 0)
(0.0142952 -0.00601611 0)
(0.0156732 -0.00816051 0)
(-0.016128 0.00916625 0)
(0.0114185 -0.00990978 0)
(-0.00961703 -0.0268304 0)
(0.0100013 -0.0730049 0)
(0.000558291 0.0532305 0)
(0.00819444 0.0318416 0)
(0.00154765 0.00737773 0)
(0.00723996 0.00227124 0)
(0.00954085 -0.000894132 0)
(0.000662115 -0.0108351 0)
(0.0183048 -0.0120137 0)
(0.00123709 -0.0109087 0)
(0.0181824 -0.00680418 0)
(0.0194917 -0.000750453 0)
(0.0235526 0.00754511 0)
(0.0127974 0.00514787 0)
(0.0244243 -0.000439594 0)
(0.0063815 0.00258786 0)
(0.0250209 -0.00849324 0)
(0.0120331 0.010082 0)
(0.0069457 -0.012119 0)
(0.0255682 -0.0173112 0)
(-0.00425301 -0.0228638 0)
(0.0088228 -0.0627675 0)
(0.00707671 0.0474602 0)
(0.0106254 0.0325624 0)
(0.0222171 0.0215871 0)
(0.0132267 0.00446753 0)
(0.0201411 0.000301317 0)
(0.0176153 -0.00326648 0)
(0.0185464 -0.0152186 0)
(0.0164224 -0.0159904 0)
(0.0195686 -0.0111756 0)
(0.0129409 0.00222777 0)
(0.0220112 0.0106286 0)
(0.0245779 0.0171255 0)
(0.0139774 0.00399003 0)
(0.0275861 0.0129363 0)
(0.0158783 -0.0062695 0)
(0.0214958 0.0104129 0)
(0.0190575 -0.00303941 0)
(0.00898607 0.00731301 0)
(0.0018021 0.00143713 0)
(0.0162112 -0.0631553 0)
(0.00304075 0.0364826 0)
(0.0224827 0.0207538 0)
(0.0223071 0.0113462 0)
(0.0360669 0.00282669 0)
(0.0203472 -0.00260965 0)
(0.0262615 -0.00727007 0)
(0.00691437 -0.00783529 0)
(-0.00545429 -0.00732656 0)
(-0.0260042 -0.00717722 0)
(-0.0188031 -0.00522083 0)
(-0.0288537 0.000406905 0)
(-0.00361784 0.00733882 0)
(-0.0139324 -0.00469246 0)
(0.00121409 0.00640835 0)
(-0.00231373 -0.00618018 0)
(-0.0116602 0.00887059 0)
(0.0148521 -0.00743347 0)
(-0.0152655 -0.00297322 0)
(0.026455 -0.0397455 0)
(0.0134921 -0.061755 0)
(0.0173499 0.0213533 0)
(0.0327168 0.0144287 0)
(0.0509144 0.0109714 0)
(0.0542944 0.00794244 0)
(0.0638897 0.00771916 0)
(0.0608838 0.00836613 0)
(0.0663167 0.0104245 0)
(0.0619044 0.010948 0)
(0.0681061 0.0100951 0)
(0.0644219 0.00472209 0)
(0.0714559 0.00267323 0)
(0.0643293 -0.002212 0)
(0.0725423 0.00225026 0)
(0.0677782 -0.00187155 0)
(0.0718811 0.0032894 0)
(0.0708183 -0.00131389 0)
(0.0698176 0.00115471 0)
(0.0704064 -0.000746391 0)
(0.0568744 -0.00635609 0)
(0.0334103 -0.00444026 0)
)
;

boundaryField
{
    movingWall
    {
        type            fixedValue;
        value           uniform (1 0 0);
    }
    fixedWalls
    {
        type            noSlip;
    }
    frontAndBack
    {
        type            empty;
    }
}


// ************************************************************************* //
