/*--------------------------------*- C++ -*----------------------------------*\
| =========                 |                                                 |
| \\      /  F ield         | OpenFOAM: The Open Source CFD Toolbox           |
|  \\    /   O peration     | Version:  5.x                                   |
|   \\  /    A nd           | Web:      www.OpenFOAM.org                      |
|    \\/     M anipulation  |                                                 |
\*---------------------------------------------------------------------------*/
FoamFile
{
    version     2.0;
    format      ascii;
    class       surfaceScalarField;
    location    "8.7";
    object      phi;
}
// * * * * * * * * * * * * * * * * * * * * * * * * * * * * * * * * * * * * * //

dimensions      [0 3 -1 0 0 0 0];

internalField   nonuniform List<scalar> 
760
(
-9.63395e-07
9.63395e-07
-1.75845e-06
7.95055e-07
-2.29506e-06
5.36609e-07
-2.42566e-06
1.30605e-07
-2.36268e-06
-6.29818e-08
-2.26005e-06
-1.02633e-07
-2.0988e-06
-1.61251e-07
-2.25018e-06
1.51384e-07
-2.33542e-06
8.52403e-08
-2.2146e-06
-1.20818e-07
-2.28425e-06
6.96439e-08
-2.34457e-06
6.03257e-08
-2.36549e-06
2.09181e-08
-2.33606e-06
-2.94277e-08
-2.3403e-06
4.23556e-09
-2.27992e-06
-6.03758e-08
-2.20588e-06
-7.40445e-08
-1.88556e-06
-3.20323e-07
-1.24895e-06
-6.36607e-07
-1.24895e-06
-7.41181e-07
1.70458e-06
-1.32806e-06
1.38193e-06
-1.61319e-06
8.21742e-07
-1.71909e-06
2.36509e-07
-1.58225e-06
-1.9982e-07
-1.37949e-06
-3.05394e-07
-1.26222e-06
-2.78528e-07
-1.00291e-06
-1.07927e-07
-8.74183e-07
-4.34833e-08
-9.22099e-07
-7.29017e-08
-9.02e-07
4.9545e-08
-8.77593e-07
3.59184e-08
-9.30334e-07
7.36595e-08
-9.42845e-07
-1.69168e-08
-9.91481e-07
5.28712e-08
-9.64622e-07
-8.72346e-08
-9.944e-07
-4.42663e-08
-1.02589e-06
-2.88836e-07
-8.85383e-07
-7.77111e-07
-2.13433e-06
-5.9322e-07
2.2978e-06
-1.06143e-06
1.85014e-06
-1.26728e-06
1.02759e-06
-1.26854e-06
2.37765e-07
-1.13327e-06
-3.35092e-07
-9.46717e-07
-4.91943e-07
-7.59562e-07
-4.65682e-07
-5.58288e-07
-3.09201e-07
-4.14739e-07
-1.87032e-07
-3.31427e-07
-1.56214e-07
-2.34448e-07
-4.74335e-08
-1.73661e-07
-2.48687e-08
-1.29293e-07
2.92917e-08
-1.22467e-07
-2.37427e-08
-9.4614e-08
2.50179e-08
-7.98751e-08
-1.01973e-07
-6.98759e-08
-5.42656e-08
-1.12658e-07
-2.46054e-07
-2.38932e-07
-6.50836e-07
-2.37326e-06
-3.67847e-07
2.66564e-06
-6.71194e-07
2.15349e-06
-7.94017e-07
1.15041e-06
-7.54162e-07
1.9791e-07
-6.26635e-07
-4.62619e-07
-4.7336e-07
-6.45218e-07
-3.60349e-07
-5.78693e-07
-2.47077e-07
-4.22473e-07
-1.53449e-07
-2.80661e-07
-1.15969e-07
-1.93694e-07
-7.43235e-08
-8.90792e-08
-4.30751e-08
-5.61171e-08
-2.7213e-08
1.34296e-08
-2.55435e-08
-2.54123e-08
-4.39216e-08
4.3396e-08
-8.21527e-08
-6.37423e-08
-1.40802e-07
4.38368e-09
-1.92339e-07
-1.94517e-07
-1.53156e-07
-6.9002e-07
-2.52642e-06
-1.12511e-07
2.77815e-06
-2.73768e-07
2.31475e-06
-3.10006e-07
1.18665e-06
-2.28233e-07
1.16138e-07
-1.56479e-07
-5.34373e-07
-1.29462e-07
-6.72234e-07
-1.30635e-07
-5.77521e-07
-1.28869e-07
-4.24238e-07
-1.183e-07
-2.9123e-07
-1.05681e-07
-2.06312e-07
-7.29127e-08
-1.21848e-07
-3.90889e-08
-8.99408e-08
3.3373e-09
-2.89966e-08
3.25172e-08
-5.45922e-08
5.50573e-08
2.08559e-08
6.67144e-08
-7.53995e-08
4.44407e-08
2.66574e-08
2.03715e-08
-1.70448e-07
-1.17165e-08
-6.57932e-07
-2.53814e-06
1.10694e-07
2.66746e-06
1.11059e-07
2.31438e-06
2.02729e-07
1.09498e-06
2.85714e-07
3.31525e-08
2.6266e-07
-5.11319e-07
1.88889e-07
-5.98463e-07
1.16463e-07
-5.05095e-07
7.37241e-08
-3.81499e-07
5.50959e-08
-2.72602e-07
4.1392e-08
-1.92609e-07
3.72053e-08
-1.17661e-07
3.50649e-08
-8.78004e-08
3.35284e-08
-2.74601e-08
2.75709e-08
-4.86347e-08
2.88733e-08
1.95535e-08
7.50257e-09
-5.40287e-08
1.81102e-08
1.60497e-08
7.92792e-09
-1.60265e-07
4.51247e-09
-6.54516e-07
-2.53362e-06
2.0938e-07
2.45808e-06
4.39566e-07
2.08419e-06
6.43314e-07
8.91235e-07
6.8099e-07
-4.52328e-09
5.71282e-07
-4.01611e-07
4.24001e-07
-4.51182e-07
2.96726e-07
-3.77821e-07
2.0896e-07
-2.93732e-07
1.46888e-07
-2.1053e-07
1.12715e-07
-1.58436e-07
9.09735e-08
-9.59195e-08
8.38006e-08
-8.06274e-08
7.65766e-08
-2.02361e-08
7.61243e-08
-4.81824e-08
6.8905e-08
2.67727e-08
5.90261e-08
-4.41498e-08
3.73943e-08
3.76815e-08
1.17609e-08
-1.34632e-07
-9.18373e-09
-6.33571e-07
-2.54281e-06
3.31471e-07
2.12661e-06
7.75278e-07
1.64039e-06
9.81489e-07
6.85023e-07
9.19043e-07
5.79224e-08
7.1102e-07
-1.93588e-07
5.04577e-07
-2.44739e-07
3.48626e-07
-2.2187e-07
2.47015e-07
-1.92122e-07
1.76499e-07
-1.40013e-07
1.31728e-07
-1.13665e-07
9.85664e-08
-6.27582e-08
7.77077e-08
-5.97687e-08
6.54055e-08
-7.93389e-09
5.38681e-08
-3.6645e-08
4.952e-08
3.11208e-08
4.00379e-08
-3.46677e-08
3.5049e-08
4.26704e-08
3.26298e-08
-1.32213e-07
2.68656e-08
-6.27807e-07
-2.51594e-06
4.87242e-07
1.63937e-06
9.38908e-07
1.18872e-06
1.05883e-06
5.65098e-07
9.50888e-07
1.65867e-07
7.75485e-07
-1.81842e-08
6.03568e-07
-7.28225e-08
4.57129e-07
-7.54303e-08
3.44476e-07
-7.94684e-08
2.58324e-07
-5.38613e-08
2.02635e-07
-5.79765e-08
1.61901e-07
-2.20245e-08
1.38914e-07
-3.67816e-08
1.17621e-07
1.33599e-08
9.81459e-08
-1.71704e-08
7.92693e-08
4.99974e-08
5.32349e-08
-8.63323e-09
3.2866e-08
6.30392e-08
-9.70442e-09
-8.96424e-08
-2.87198e-08
-6.08792e-07
-2.54466e-06
5.83433e-07
1.05593e-06
9.18266e-07
8.53888e-07
9.35584e-07
5.4778e-07
7.91646e-07
3.09806e-07
6.02887e-07
1.70575e-07
4.60263e-07
6.98019e-08
3.57977e-07
2.68559e-08
2.8779e-07
-9.28188e-09
2.28425e-07
5.50365e-09
1.78564e-07
-8.1157e-09
1.39633e-07
1.69068e-08
1.01722e-07
1.12938e-09
8.70931e-08
2.79889e-08
5.68954e-08
1.30273e-08
6.69205e-08
3.99724e-08
7.83506e-08
-2.00633e-08
5.82675e-08
8.31224e-08
4.793e-08
-7.93049e-08
2.10769e-08
-5.81939e-07
-2.52359e-06
4.87137e-07
5.68796e-07
7.03437e-07
6.37589e-07
7.74954e-07
4.76262e-07
7.4372e-07
3.4104e-07
6.61003e-07
2.53291e-07
5.37842e-07
1.92964e-07
4.19633e-07
1.45065e-07
3.13088e-07
9.72628e-08
2.44709e-07
7.38828e-08
1.91899e-07
4.46937e-08
1.70285e-07
3.85217e-08
1.4469e-07
2.67238e-08
1.38721e-07
3.39583e-08
1.25997e-07
2.57512e-08
9.37461e-08
7.2223e-08
4.23062e-08
3.13766e-08
4.21749e-08
8.32537e-08
-4.6082e-09
-3.25218e-08
-4.45963e-08
-5.41951e-07
-2.56818e-06
5.70428e-07
-1.63128e-09
6.22886e-07
5.8513e-07
5.94477e-07
5.04671e-07
5.57865e-07
3.77651e-07
5.31886e-07
2.7927e-07
5.04624e-07
2.20225e-07
4.32349e-07
2.1734e-07
3.54885e-07
1.74727e-07
2.70864e-07
1.57903e-07
2.10936e-07
1.04622e-07
1.50743e-07
9.8714e-08
1.06591e-07
7.08766e-08
6.22626e-08
7.82863e-08
-1.44057e-08
1.0242e-07
3.69033e-08
2.0914e-08
-1.03819e-08
7.86618e-08
1.99495e-08
5.29223e-08
5.01251e-08
-6.26974e-08
1.87093e-08
-5.10535e-07
-2.54947e-06
4.36499e-07
-4.3813e-07
5.88228e-07
4.33401e-07
5.84846e-07
5.08053e-07
3.99025e-07
5.63473e-07
2.20168e-07
4.58127e-07
1.19661e-07
3.20732e-07
8.80164e-08
2.48985e-07
7.22342e-08
1.90509e-07
9.26206e-08
1.37517e-07
7.53473e-08
1.21896e-07
1.1184e-07
6.22213e-08
5.26846e-08
1.30032e-07
1.31864e-07
-8.93509e-10
1.13196e-07
1.21088e-07
1.0125e-07
3.28599e-08
8.41445e-08
9.57674e-08
1.00257e-07
3.68097e-08
9.02074e-08
-5.26476e-08
-2.76061e-08
-3.92721e-07
-2.57708e-06
1.23287e-07
-5.61417e-07
2.43382e-07
3.13306e-07
3.99391e-07
3.52045e-07
5.59458e-07
4.03405e-07
6.37275e-07
3.80311e-07
6.18871e-07
3.39136e-07
5.83933e-07
2.83923e-07
5.036e-07
2.70843e-07
4.3131e-07
2.09807e-07
3.46135e-07
2.0707e-07
2.93962e-07
1.14394e-07
2.34092e-07
1.89902e-07
1.27797e-07
1.05402e-07
7.63556e-08
1.72529e-07
-1.34571e-07
2.43786e-07
-3.64894e-07
3.26091e-07
-1.30065e-07
-1.98019e-07
-7.97014e-09
-1.74743e-07
3.15908e-08
-4.32282e-07
-2.54549e-06
1.72442e-07
-7.3386e-07
2.0284e-07
2.82909e-07
6.23537e-08
4.92531e-07
4.65906e-08
4.19168e-07
2.20431e-08
4.04858e-07
4.15146e-08
3.19664e-07
-2.8088e-08
3.53525e-07
-2.92865e-08
2.72041e-07
-9.20558e-08
2.72576e-07
-9.03271e-08
2.05342e-07
-1.49172e-07
1.73239e-07
-1.79367e-07
2.20097e-07
-1.6579e-07
9.18251e-08
-2.77226e-07
2.83966e-07
6.7197e-09
-4.01598e-08
1.20718e-07
2.12093e-07
1.4622e-08
-9.19235e-08
-1.6048e-07
3.59713e-10
-6.97871e-08
-5.22976e-07
-2.61528e-06
3.72251e-08
-7.71085e-07
4.21585e-08
2.77976e-07
9.20923e-08
4.42597e-07
2.60174e-07
2.51087e-07
2.59082e-07
4.0595e-07
3.12264e-07
2.66481e-07
3.65363e-07
3.00427e-07
3.86009e-07
2.51395e-07
4.44834e-07
2.13752e-07
4.36112e-07
2.14063e-07
4.73454e-07
1.35898e-07
3.95187e-07
2.98363e-07
4.83277e-07
3.73517e-09
3.80267e-07
3.86976e-07
2.92861e-07
4.7246e-08
3.36833e-07
1.68121e-07
1.85253e-07
5.96567e-08
4.8311e-08
1.37301e-07
8.2004e-08
-5.56669e-07
-2.53327e-06
-3.64132e-07
-4.06953e-07
-6.07832e-07
5.21676e-07
-3.94875e-07
2.2964e-07
-3.67892e-07
2.24104e-07
-3.14877e-07
3.52935e-07
-2.77692e-07
2.29297e-07
-2.12545e-07
2.35279e-07
-2.08818e-07
2.47668e-07
-1.76902e-07
1.81836e-07
-1.56744e-07
1.93905e-07
-1.6318e-07
1.42333e-07
-5.23641e-08
1.87547e-07
-1.53367e-07
1.04738e-07
-6.38103e-08
2.97419e-07
-9.71926e-08
8.06284e-08
-2.66579e-07
3.37507e-07
1.68612e-07
-3.75534e-07
2.12468e-07
9.34455e-08
3.6373e-08
-3.80574e-07
-2.4969e-06
-6.08544e-08
-3.46098e-07
2.77517e-07
1.83304e-07
2.82529e-07
2.24628e-07
2.68524e-07
2.38108e-07
3.44271e-07
2.77189e-07
3.71119e-07
2.02449e-07
4.22988e-07
1.83409e-07
4.88464e-07
1.82192e-07
4.88415e-07
1.81886e-07
5.46529e-07
1.35791e-07
4.96149e-07
1.92713e-07
5.36851e-07
1.46846e-07
5.58797e-07
8.27918e-08
4.88325e-07
3.67891e-07
6.45945e-07
-7.69914e-08
5.39331e-07
4.4412e-07
4.53853e-07
-2.90056e-07
2.53423e-07
2.93876e-07
2.3575e-07
-3.62901e-07
-2.26115e-06
-7.43221e-07
3.97122e-07
-8.55003e-07
2.95086e-07
-8.6221e-07
2.31835e-07
-7.94689e-07
1.70587e-07
-6.92957e-07
1.75457e-07
-6.39797e-07
1.49289e-07
-6.01899e-07
1.45511e-07
-5.45171e-07
1.25465e-07
-5.00312e-07
1.37026e-07
-4.62089e-07
9.7568e-08
-3.81697e-07
1.1232e-07
-3.27192e-07
9.23411e-08
-2.99672e-07
5.52726e-08
-1.134e-07
1.81618e-07
-2.68202e-07
7.78109e-08
2.73335e-08
1.48585e-07
-2.12626e-07
-5.00961e-08
1.2701e-07
-4.57606e-08
7.2972e-07
-9.65611e-07
-1.53143e-06
3.97122e-07
6.92209e-07
9.24044e-07
1.09463e-06
1.27009e-06
1.41938e-06
1.56489e-06
1.69035e-06
1.82738e-06
1.92495e-06
2.03727e-06
2.12961e-06
2.18488e-06
2.3665e-06
2.44431e-06
2.5929e-06
2.5428e-06
2.49704e-06
1.53143e-06
)
;

boundaryField
{
    movingWall
    {
        type            calculated;
        value           uniform 0;
    }
    fixedWalls
    {
        type            calculated;
        value           uniform 0;
    }
    frontAndBack
    {
        type            empty;
        value           nonuniform 0();
    }
}


// ************************************************************************* //
