/*--------------------------------*- C++ -*----------------------------------*\
| =========                 |                                                 |
| \\      /  F ield         | OpenFOAM: The Open Source CFD Toolbox           |
|  \\    /   O peration     | Version:  5.x                                   |
|   \\  /    A nd           | Web:      www.OpenFOAM.org                      |
|    \\/     M anipulation  |                                                 |
\*---------------------------------------------------------------------------*/
FoamFile
{
    version     2.0;
    format      ascii;
    class       volVectorField;
    location    "8.7";
    object      U;
}
// * * * * * * * * * * * * * * * * * * * * * * * * * * * * * * * * * * * * * //

dimensions      [0 1 -1 0 0 0 0];

internalField   nonuniform List<vector> 
400
(
(-0.0100029 0.00983171 0)
(-0.0308615 0.00750093 0)
(-0.0429421 0.00559306 0)
(-0.049771 -0.00105171 0)
(-0.0448841 -0.00138093 0)
(-0.0480006 -0.00198608 0)
(-0.0414634 -0.00564691 0)
(-0.0402686 0.00521995 0)
(-0.0515489 0.000514439 0)
(-0.0427204 -0.00738913 0)
(-0.0443689 -0.000629335 0)
(-0.0477368 -0.000484954 0)
(-0.0469837 -0.00251928 0)
(-0.0471838 -0.00236699 0)
(-0.0477732 -0.001906 0)
(-0.0466441 -0.00230974 0)
(-0.0457902 -0.00307603 0)
(-0.0404144 -0.00606255 0)
(-0.0400923 -0.00985123 0)
(-0.00357276 -0.0167431 0)
(-0.00688846 0.0265285 0)
(-0.0249354 0.0222506 0)
(-0.030974 0.0143934 0)
(-0.0341835 0.00558103 0)
(-0.0323617 -0.00148874 0)
(-0.0296075 -0.0025069 0)
(-0.0256588 -0.00110082 0)
(-0.022699 0.00126076 0)
(-0.0195365 0.00252036 0)
(-0.0161369 0.00204684 0)
(-0.0189437 0.00361814 0)
(-0.0175399 0.00301609 0)
(-0.0186681 0.00320307 0)
(-0.0174012 0.00108314 0)
(-0.0213731 0.00201908 0)
(-0.0172219 -0.000436134 0)
(-0.0226599 -0.000557038 0)
(-0.0160427 -0.00862663 0)
(-0.0282294 -0.0187533 0)
(-0.00272491 -0.0382973 0)
(-0.00507105 0.0395074 0)
(-0.0204819 0.0314677 0)
(-0.0244688 0.0173457 0)
(-0.0255548 0.00352205 0)
(-0.0234959 -0.00686047 0)
(-0.0202384 -0.00957851 0)
(-0.0168267 -0.00967739 0)
(-0.0129134 -0.00599966 0)
(-0.0101738 -0.00386465 0)
(-0.00668969 -0.00447746 0)
(-0.00669276 -0.00178125 0)
(-0.00234978 -0.00146524 0)
(-0.00514258 -6.07187e-05 0)
(0.000469645 -0.00168787 0)
(-0.00582139 0.000172876 0)
(0.00237556 -0.00282477 0)
(-0.00583568 -0.000859474 0)
(0.00314661 -0.00183553 0)
(-0.00833189 -0.0100022 0)
(0.000315183 -0.0446119 0)
(-0.0027771 0.0497459 0)
(-0.0133338 0.0399054 0)
(-0.0154296 0.021794 0)
(-0.0154481 0.00505904 0)
(-0.0133494 -0.00745698 0)
(-0.0104839 -0.0111369 0)
(-0.00829302 -0.00987088 0)
(-0.00582893 -0.00682155 0)
(-0.00455267 -0.00426932 0)
(-0.00183662 -0.00240205 0)
(-0.00282049 -0.000280024 0)
(1.14572e-05 0.000343553 0)
(-0.0019512 0.0013039 0)
(0.00103339 0.000705865 0)
(-0.00221169 0.000982991 0)
(0.000653398 -0.000983447 0)
(-0.00422892 -0.00110841 0)
(-0.000909956 -0.00735606 0)
(-0.00766855 -0.016843 0)
(0.00243866 -0.0495402 0)
(0.00029945 0.0554814 0)
(-0.00550527 0.0454619 0)
(-0.00661241 0.0240725 0)
(-0.00516871 0.00308553 0)
(-0.00322067 -0.0106147 0)
(-0.00251029 -0.0141394 0)
(-0.00271723 -0.0127098 0)
(-0.00253032 -0.00969905 0)
(-0.00295799 -0.00667331 0)
(-0.00171093 -0.00492855 0)
(-0.00274538 -0.00306631 0)
(5.61579e-05 -0.00246768 0)
(-0.00184593 -0.00083696 0)
(0.00204805 -0.00179748 0)
(-0.000967566 0.000531506 0)
(0.0034555 -0.00182529 0)
(-0.00109001 0.00120366 0)
(0.00309682 -0.00109331 0)
(-0.00249107 -0.0103285 0)
(0.00221184 -0.0492141 0)
(0.00265123 0.0564123 0)
(0.00112326 0.0482379 0)
(0.00252572 0.0240167 0)
(0.00609471 0.00141113 0)
(0.00641331 -0.0104822 0)
(0.00481333 -0.0124889 0)
(0.00261901 -0.0103624 0)
(0.00207079 -0.00749356 0)
(0.000600707 -0.00518525 0)
(0.00176454 -0.00352429 0)
(-0.000307462 -0.00197493 0)
(0.0019861 -0.00115716 0)
(-0.000795106 -0.000226072 0)
(0.00234375 -0.000233494 0)
(-0.00143782 0.000452728 0)
(0.00280843 -0.000890535 0)
(-0.00263321 6.22916e-05 0)
(0.00357584 -0.00504985 0)
(-0.00341522 -0.0151308 0)
(0.00370044 -0.0508878 0)
(0.00248678 0.052643 0)
(0.00507836 0.0465374 0)
(0.0111407 0.0212751 0)
(0.0152347 0.000149189 0)
(0.0135141 -0.00909691 0)
(0.010136 -0.0106878 0)
(0.0068136 -0.00927988 0)
(0.0051411 -0.00741404 0)
(0.00284593 -0.00548586 0)
(0.00326866 -0.00427412 0)
(0.000940979 -0.00275337 0)
(0.00297829 -0.00252861 0)
(6.17514e-05 -0.000985438 0)
(0.00331453 -0.00189104 0)
(-0.000607913 0.000187128 0)
(0.00370592 -0.00152139 0)
(-0.00168066 0.000443439 0)
(0.00346132 -0.00193231 0)
(-0.00316831 -0.0117646 0)
(0.00294779 -0.0499131 0)
(0.00167376 0.048221 0)
(0.0106256 0.0390545 0)
(0.0188929 0.015809 0)
(0.0209206 -0.000263941 0)
(0.0169845 -0.00646011 0)
(0.0122081 -0.00701586 0)
(0.0080105 -0.0056283 0)
(0.00615493 -0.00411066 0)
(0.00337671 -0.00274227 0)
(0.00397722 -0.00182008 0)
(0.000958666 -0.000899485 0)
(0.00329683 -0.000471178 0)
(-0.00050378 0.000285895 0)
(0.00342566 0.000165445 0)
(-0.00157112 0.00104751 0)
(0.00386544 -2.47582e-05 0)
(-0.00258071 0.00125513 0)
(0.00431009 -0.0029766 0)
(-0.0033262 -0.0128307 0)
(0.00464106 -0.0510756 0)
(0.00341871 0.0380097 0)
(0.0149265 0.0277548 0)
(0.021434 0.0124843 0)
(0.0211649 0.00291753 0)
(0.0175649 -0.000912003 0)
(0.0139711 -0.00271759 0)
(0.0103816 -0.00331891 0)
(0.008171 -0.00375151 0)
(0.00533087 -0.00304196 0)
(0.00528377 -0.00297728 0)
(0.00248604 -0.00179639 0)
(0.00433806 -0.00215102 0)
(0.000836794 -0.00068454 0)
(0.00425572 -0.00182757 0)
(-0.00072823 1.52415e-05 0)
(0.00430042 -0.00154826 0)
(-0.00253141 0.000260999 0)
(0.00415108 -0.00274311 0)
(-0.00471407 -0.0130524 0)
(0.00383494 -0.0501417 0)
(0.00539977 0.0269473 0)
(0.0165904 0.0190829 0)
(0.0194973 0.00959743 0)
(0.0179314 0.00342605 0)
(0.0140027 0.00017379 0)
(0.0106194 -1.49068e-05 0)
(0.00771423 0.00051877 0)
(0.00688604 0.000823924 0)
(0.00434756 0.00109886 0)
(0.00509495 0.000905278 0)
(0.00171671 0.00106592 0)
(0.00421361 0.000911196 0)
(-0.000472903 0.00136198 0)
(0.00429346 0.00129744 0)
(-0.00232917 0.00223312 0)
(0.00538291 0.00129296 0)
(-0.00271306 0.00248742 0)
(0.00548643 -0.000520954 0)
(-0.00397653 -0.0104523 0)
(0.0050479 -0.0508245 0)
(0.00543631 0.0143566 0)
(0.0127558 0.0144978 0)
(0.0155188 0.0116479 0)
(0.0156113 0.00848236 0)
(0.0142195 0.00623944 0)
(0.0123388 0.00246657 0)
(0.00939066 0.000345794 0)
(0.00758273 -0.00129785 0)
(0.00481247 -0.000982694 0)
(0.00520925 -0.00133986 0)
(0.00221083 -0.000565278 0)
(0.00489064 -0.000922865 0)
(0.000569898 -0.000484151 0)
(0.00535536 -0.000939676 0)
(-0.000748507 -0.000887604 0)
(0.00495087 -0.00224114 0)
(-0.00360871 0.000593405 0)
(0.00569322 -0.00292072 0)
(-0.00602143 -0.013724 0)
(0.00463663 -0.0512864 0)
(0.00736698 0.00900312 0)
(0.0138581 0.0110056 0)
(0.0119654 0.00723993 0)
(0.0114933 0.00495933 0)
(0.0109766 0.00426884 0)
(0.0106914 0.00584481 0)
(0.00915955 0.00597146 0)
(0.00847752 0.00564266 0)
(0.00543069 0.00433114 0)
(0.00572944 0.0034509 0)
(0.00238518 0.00239629 0)
(0.00393695 0.00225688 0)
(6.68e-05 0.00213913 0)
(0.0026586 0.00221838 0)
(-0.00337151 0.00417972 0)
(0.00512286 0.00369009 0)
(-0.00572387 0.00293231 0)
(0.00681128 0.00177777 0)
(-0.00528473 -0.0070599 0)
(0.00629495 -0.050203 0)
(0.00399499 -0.0091713 0)
(0.0122002 0.0117935 0)
(0.0124122 0.0121534 0)
(0.0105918 0.0101411 0)
(0.00545982 0.00659738 0)
(0.00305878 0.00235785 0)
(0.00188516 0.00212387 0)
(0.00157167 0.000729968 0)
(0.00142163 0.00141515 0)
(0.00223222 0.000226598 0)
(0.000826419 0.00109659 0)
(0.00375062 0.000155805 0)
(-0.001807 0.000528527 0)
(0.00745941 0.00137824 0)
(-0.00342485 -0.00361506 0)
(0.00803724 -0.000798827 0)
(-0.00520699 -0.000937071 0)
(0.00985937 -0.00457683 0)
(-0.00696275 -0.0144685 0)
(0.00623662 -0.0517193 0)
(-0.00196531 -0.00883361 0)
(0.00608921 0.00452485 0)
(0.00482496 0.00887647 0)
(0.0101039 0.0116804 0)
(0.0127042 0.0110994 0)
(0.0129824 0.0105744 0)
(0.0115871 0.00809554 0)
(0.0121485 0.00737255 0)
(0.00777097 0.0045372 0)
(0.00974162 0.00515964 0)
(0.00385156 0.00172267 0)
(0.00800132 0.00559974 0)
(0.00127451 -0.000509619 0)
(0.0037557 0.00403634 0)
(-0.000465062 0.00533055 0)
(-0.0050877 0.00491264 0)
(-0.0104981 0.00264176 0)
(0.00612169 0.0028765 0)
(-0.00662829 0.000181314 0)
(0.00814857 -0.0503703 0)
(-0.00354732 -0.0121215 0)
(0.0098567 0.00908773 0)
(-0.00115862 0.00470942 0)
(0.0035161 0.00507916 0)
(-0.00174807 0.00475717 0)
(0.00268471 0.00344553 0)
(-0.00104295 0.00380054 0)
(-0.00015153 0.00317353 0)
(-0.000951313 0.00353542 0)
(-0.00292362 0.00256491 0)
(-0.00040336 0.00253826 0)
(-0.00605866 0.00132708 0)
(-0.000473051 0.00442133 0)
(-0.00668762 0.00223563 0)
(-0.00469471 0.00332314 0)
(0.00509372 0.00733761 0)
(-0.00102523 -0.0115182 0)
(0.00192243 -0.0107057 0)
(-0.00946327 -0.0193173 0)
(0.00733444 -0.0538507 0)
(-0.00100726 -0.0200698 0)
(0.00278254 0.00136243 0)
(-0.000953922 0.0145966 0)
(0.00436229 0.0109901 0)
(0.00560114 0.0107453 0)
(0.00541625 0.00935357 0)
(0.00630942 0.00963733 0)
(0.0090293 0.00765799 0)
(0.00576888 0.0071745 0)
(0.0126003 0.00601934 0)
(0.0043664 0.00471471 0)
(0.0149916 0.00809627 0)
(0.00123913 -0.000720197 0)
(0.0171021 0.00957738 0)
(-0.00107181 -0.00460842 0)
(0.0129237 0.00202242 0)
(0.000133869 0.00864784 0)
(0.00765155 0.0107839 0)
(-0.00604822 0.000456638 0)
(0.00978725 -0.0493138 0)
(-0.00138739 -0.00773556 0)
(-0.0147919 0.0100036 0)
(-0.00781321 0.00352803 0)
(-0.00822889 -0.000460468 0)
(-0.0070827 0.00596336 0)
(-0.00495534 0.00104735 0)
(-0.0066943 0.00283085 0)
(-0.00127122 0.00277215 0)
(-0.00767806 0.00127138 0)
(0.00119714 0.0024619 0)
(-0.00809239 0.000248935 0)
(0.00214511 0.00322866 0)
(-0.0043263 0.000833721 0)
(-0.0024359 0.00530021 0)
(0.000460616 0.00673402 0)
(-0.0050159 0.00394748 0)
(-0.00601151 -0.00688277 0)
(0.0137489 -0.00581375 0)
(-0.00671612 -0.0250672 0)
(0.00878613 -0.0536007 0)
(-0.00637911 -0.00971111 0)
(0.00328264 0.0107051 0)
(0.00886665 0.00564638 0)
(0.00264644 0.00945465 0)
(0.00778205 0.00821931 0)
(0.00633361 0.0080316 0)
(0.00816576 0.00646025 0)
(0.00889179 0.00667307 0)
(0.0103734 0.00622859 0)
(0.00955631 0.00514316 0)
(0.0116353 0.00600541 0)
(0.00913777 0.00478969 0)
(0.0113827 0.00372493 0)
(0.0117551 0.00729656 0)
(0.00822949 -0.00389135 0)
(0.0161777 0.00997928 0)
(0.00618798 -0.00715969 0)
(0.0129726 0.0103213 0)
(-0.00370092 0.0118707 0)
(0.0141844 -0.0459346 0)
(-0.0197988 -0.0031617 0)
(-0.011754 -0.00281434 0)
(-0.0213606 0.00286746 0)
(-0.0126943 -0.000302643 0)
(-0.0183675 0.00245354 0)
(-0.00902415 0.000371177 0)
(-0.017179 0.000960143 0)
(-0.00680742 0.000863493 0)
(-0.0152436 0.00103052 0)
(-0.00417287 0.000219751 0)
(-0.0152737 0.00102496 0)
(0.00116245 0.000769904 0)
(-0.0154569 -0.000952687 0)
(0.00465882 0.00677493 0)
(-0.00974279 0.000514329 0)
(-0.00175532 0.00706262 0)
(0.00326834 -0.00392286 0)
(-0.0132963 -0.00070388 0)
(0.0190067 -0.028842 0)
(0.0131386 -0.0513663 0)
(-0.000250722 0.0175005 0)
(0.0165225 0.0140831 0)
(0.0122584 0.00713901 0)
(0.0228405 0.00735089 0)
(0.0229701 0.00501789 0)
(0.0261882 0.00534001 0)
(0.0313567 0.00478563 0)
(0.0315533 0.00433972 0)
(0.0352065 0.00448097 0)
(0.0384112 0.00381533 0)
(0.0382768 0.00396651 0)
(0.0427119 0.00277569 0)
(0.0437556 0.00364784 0)
(0.0444742 0.000968164 0)
(0.0485661 0.00305562 0)
(0.0487217 -0.000408573 0)
(0.0514378 0.00167344 0)
(0.0510402 -0.000237579 0)
(0.0437439 -0.00500787 0)
(0.0252985 -0.00107507 0)
)
;

boundaryField
{
    movingWall
    {
        type            fixedValue;
        value           uniform (1 0 0);
    }
    fixedWalls
    {
        type            noSlip;
    }
    frontAndBack
    {
        type            empty;
    }
}


// ************************************************************************* //
