/*--------------------------------*- C++ -*----------------------------------*\
| =========                 |                                                 |
| \\      /  F ield         | OpenFOAM: The Open Source CFD Toolbox           |
|  \\    /   O peration     | Version:  5.x                                   |
|   \\  /    A nd           | Web:      www.OpenFOAM.org                      |
|    \\/     M anipulation  |                                                 |
\*---------------------------------------------------------------------------*/
FoamFile
{
    version     2.0;
    format      ascii;
    class       volScalarField;
    location    "0.5";
    object      p;
}
// * * * * * * * * * * * * * * * * * * * * * * * * * * * * * * * * * * * * * //

dimensions      [0 2 -2 0 0 0 0];

internalField   nonuniform List<scalar> 
400
(
-2.06068e-12
3.96521e-07
1.18737e-06
2.35288e-06
3.86516e-06
5.68817e-06
7.77864e-06
1.00871e-05
1.25589e-05
1.51356e-05
1.77554e-05
2.03553e-05
2.28715e-05
2.52411e-05
2.74039e-05
2.93033e-05
3.08887e-05
3.21166e-05
3.29529e-05
3.33732e-05
-3.97612e-07
8.37712e-09
8.18062e-07
2.0112e-06
3.55914e-06
5.4249e-06
7.56419e-06
9.92646e-06
1.2456e-05
1.5093e-05
1.77748e-05
2.0437e-05
2.30143e-05
2.54428e-05
2.76603e-05
2.96088e-05
3.12359e-05
3.24968e-05
3.33558e-05
3.37877e-05
-1.21037e-06
-7.84964e-07
6.33401e-08
1.31307e-06
2.93397e-06
4.88712e-06
7.12612e-06
9.59819e-06
1.22454e-05
1.50056e-05
1.78137e-05
2.06029e-05
2.33052e-05
2.58538e-05
2.81833e-05
3.02326e-05
3.19456e-05
3.32743e-05
3.41803e-05
3.4636e-05
-2.45742e-06
-2.00208e-06
-1.09427e-06
2.42537e-07
1.97551e-06
4.06269e-06
6.45438e-06
9.0944e-06
1.19214e-05
1.48698e-05
1.78711e-05
2.08545e-05
2.37485e-05
2.64816e-05
2.89837e-05
3.11885e-05
3.30347e-05
3.44688e-05
3.54479e-05
3.59408e-05
-4.16964e-06
-3.67287e-06
-2.68284e-06
-1.22594e-06
6.61223e-07
2.93234e-06
5.53308e-06
8.40264e-06
1.1475e-05
1.46802e-05
1.79451e-05
2.11943e-05
2.43508e-05
2.73375e-05
3.0078e-05
3.24984e-05
3.45301e-05
3.61118e-05
3.71936e-05
3.77388e-05
-6.38973e-06
-5.83861e-06
-4.74091e-06
-3.12723e-06
-1.03948e-06
1.47005e-06
4.34087e-06
7.50613e-06
1.08941e-05
1.44293e-05
1.80331e-05
2.16245e-05
2.51204e-05
2.84364e-05
3.14879e-05
3.41918e-05
3.64687e-05
3.82468e-05
3.94661e-05
4.00816e-05
-9.17377e-06
-8.55328e-06
-7.31856e-06
-5.50627e-06
-3.16567e-06
-3.57147e-07
2.85079e-06
6.38373e-06
1.0163e-05
1.41069e-05
1.81307e-05
2.21471e-05
2.60662e-05
2.97955e-05
3.32403e-05
3.63054e-05
3.88979e-05
4.0931e-05
4.23302e-05
4.30382e-05
-1.25934e-05
-1.18855e-05
-1.04789e-05
-8.41896e-06
-5.76535e-06
-2.58925e-06
1.03043e-06
5.01001e-06
9.26283e-06
1.37002e-05
1.82313e-05
2.27627e-05
2.71973e-05
3.14336e-05
3.53657e-05
3.88836e-05
4.18763e-05
4.42368e-05
4.58697e-05
4.6699e-05
-1.67392e-05
-1.59211e-05
-1.42997e-05
-1.19332e-05
-8.89574e-06
-5.27313e-06
-1.15766e-06
3.35571e-06
8.17132e-06
1.31934e-05
1.83255e-05
2.34691e-05
2.85203e-05
3.33692e-05
3.78971e-05
4.19768e-05
4.54743e-05
4.82545e-05
5.01916e-05
5.11813e-05
-2.1725e-05
-2.0767e-05
-1.88763e-05
-1.61301e-05
-1.26233e-05
-8.46183e-06
-3.75499e-06
1.38866e-06
6.86369e-06
1.25678e-05
1.84002e-05
2.42594e-05
3.00375e-05
3.56168e-05
4.08666e-05
4.56397e-05
4.97734e-05
5.30945e-05
5.54325e-05
5.66387e-05
-2.76955e-05
-2.65559e-05
-2.4324e-05
-2.11049e-05
-1.70235e-05
-1.2213e-05
-6.8051e-06
-9.24272e-07
5.31382e-06
1.18018e-05
1.84375e-05
2.51202e-05
3.17421e-05
3.81826e-05
4.43002e-05
4.99268e-05
5.48649e-05
5.88902e-05
6.17657e-05
6.3275e-05
-3.48378e-05
-3.34538e-05
-3.0783e-05
-2.69679e-05
-2.21788e-05
-1.6586e-05
-1.03497e-05
-3.61348e-06
3.49701e-06
1.08724e-05
1.84142e-05
2.60283e-05
3.36145e-05
4.10564e-05
4.82086e-05
5.48838e-05
6.08441e-05
6.57992e-05
6.94117e-05
7.13679e-05
-4.33998e-05
-4.16696e-05
-3.84229e-05
-3.38446e-05
-2.81755e-05
-2.16356e-05
-1.44223e-05
-6.70143e-06
1.39377e-06
9.75716e-06
1.83015e-05
2.69483e-05
3.56156e-05
4.4203e-05
5.25736e-05
6.0532e-05
6.77983e-05
7.4001e-05
7.86483e-05
8.13097e-05
-5.37343e-05
-5.14696e-05
-4.74503e-05
-4.18742e-05
-3.50962e-05
-2.74032e-05
-1.90409e-05
-1.01962e-05
-1.00496e-06
8.43765e-06
1.80657e-05
2.78293e-05
3.76791e-05
4.75488e-05
5.73307e-05
6.6842e-05
7.57805e-05
8.3685e-05
8.98166e-05
9.36787e-05
-6.62641e-05
-6.31791e-05
-5.8114e-05
-5.12025e-05
-4.30071e-05
-3.39049e-05
-2.4194e-05
-1.40787e-05
-3.6881e-06
6.90542e-06
1.76707e-05
2.86026e-05
3.97031e-05
5.09646e-05
6.23401e-05
7.36987e-05
8.47552e-05
9.50147e-05
0.000103307
0.000109358
-8.22436e-05
-7.73143e-05
-7.07442e-05
-6.19705e-05
-5.19419e-05
-4.11065e-05
-2.9819e-05
-1.82856e-05
-6.61114e-06
5.17177e-06
1.70831e-05
2.91832e-05
4.15441e-05
5.4247e-05
6.73503e-05
8.08396e-05
9.45206e-05
0.000108013
0.000119447
0.000129914
-9.88823e-05
-9.38303e-05
-8.55736e-05
-7.42711e-05
-6.18553e-05
-4.88884e-05
-3.57745e-05
-2.26889e-05
-9.68326e-06
3.2768e-06
1.62749e-05
2.94761e-05
4.3014e-05
5.70965e-05
7.19417e-05
8.77317e-05
0.000104473
0.000122415
0.000137609
0.000156305
-0.000135054
-0.00011573
-0.000104254
-8.83149e-05
-7.25544e-05
-5.69436e-05
-4.17616e-05
-2.70496e-05
-1.27338e-05
1.32715e-06
1.53189e-05
2.94218e-05
4.39268e-05
5.91848e-05
7.56561e-05
9.40419e-05
0.000114961
0.000140745
0.000163072
0.000200026
-0.000152792
-0.000142284
-0.000124009
-0.00010402
-8.40606e-05
-6.51886e-05
-4.76698e-05
-3.12715e-05
-1.57152e-05
-7.10566e-07
1.40361e-05
2.88185e-05
4.39525e-05
5.98127e-05
7.67867e-05
9.55528e-05
0.000115769
0.000146149
0.000160511
0.000227755
-0.000264329
-0.000159212
-0.000143117
-0.000115376
-9.08825e-05
-6.99835e-05
-5.10994e-05
-3.37151e-05
-1.74515e-05
-1.92308e-06
1.32302e-05
2.83522e-05
4.38537e-05
6.03266e-05
7.85497e-05
0.000101251
0.000127957
0.000178069
0.000224879
0.000388375
)
;

boundaryField
{
    movingWall
    {
        type            zeroGradient;
    }
    fixedWalls
    {
        type            zeroGradient;
    }
    frontAndBack
    {
        type            empty;
    }
}


// ************************************************************************* //
