/*--------------------------------*- C++ -*----------------------------------*\
| =========                 |                                                 |
| \\      /  F ield         | OpenFOAM: The Open Source CFD Toolbox           |
|  \\    /   O peration     | Version:  5.x                                   |
|   \\  /    A nd           | Web:      www.OpenFOAM.org                      |
|    \\/     M anipulation  |                                                 |
\*---------------------------------------------------------------------------*/
FoamFile
{
    version     2.0;
    format      ascii;
    class       volScalarField;
    location    "13.4";
    object      p;
}
// * * * * * * * * * * * * * * * * * * * * * * * * * * * * * * * * * * * * * //

dimensions      [0 2 -2 0 0 0 0];

internalField   nonuniform List<scalar> 
400
(
2.45769e-08
-0.00047816
-0.000852801
-0.00107826
-0.00116058
-0.00121667
-0.00122627
-0.00123907
-0.00124231
-0.00123586
-0.00122625
-0.00121294
-0.00120833
-0.00121183
-0.00120424
-0.00114269
-0.0010081
-0.000755025
-0.000605778
0.000273927
-0.000525422
-0.00087589
-0.00109826
-0.00120069
-0.00122591
-0.00123545
-0.00124233
-0.00123954
-0.00123666
-0.00123444
-0.00122603
-0.00120606
-0.00122296
-0.00121791
-0.0012462
-0.001188
-0.0011717
-0.00104523
-0.00104423
-0.000420852
-0.000858491
-0.00111876
-0.00116942
-0.00125212
-0.00122863
-0.00123973
-0.00124647
-0.00123641
-0.0012441
-0.00122731
-0.00123194
-0.00121618
-0.00122753
-0.00121689
-0.00122926
-0.00118891
-0.0011685
-0.00110443
-0.0010654
-0.000810722
-0.00103989
-0.0012094
-0.00122307
-0.0012403
-0.00124589
-0.00124011
-0.00124493
-0.00123981
-0.00124004
-0.00123145
-0.00123211
-0.00121639
-0.00123155
-0.00121033
-0.00123206
-0.00119928
-0.00118348
-0.00114634
-0.00121431
-0.00105003
-0.00115821
-0.00124229
-0.00123897
-0.00124482
-0.00124394
-0.00124229
-0.00124762
-0.00124147
-0.00124411
-0.00123006
-0.00123151
-0.00121854
-0.00122911
-0.00121352
-0.00122288
-0.001202
-0.0012042
-0.00117458
-0.00116907
-0.00110783
-0.00121429
-0.00125137
-0.0012507
-0.0012446
-0.00125101
-0.00124808
-0.00125449
-0.00124835
-0.0012479
-0.00123578
-0.00122955
-0.00122164
-0.00122828
-0.00121169
-0.0012215
-0.00119867
-0.00121201
-0.00117393
-0.00120135
-0.00115674
-0.00123921
-0.00125005
-0.00126283
-0.00125042
-0.00125723
-0.00125736
-0.00126187
-0.00125852
-0.00125548
-0.00124037
-0.00122948
-0.00122738
-0.00123472
-0.00122158
-0.00123348
-0.00121959
-0.00121981
-0.0011785
-0.0012019
-0.00116757
-0.0012678
-0.00124611
-0.00126952
-0.00125845
-0.00126958
-0.00127579
-0.00128365
-0.001278
-0.00127087
-0.0012559
-0.00123014
-0.00122541
-0.0012306
-0.00121731
-0.00123002
-0.00120968
-0.0012325
-0.00118025
-0.00120656
-0.00118221
-0.00125257
-0.00126101
-0.00127146
-0.00127999
-0.00129039
-0.00130216
-0.00131205
-0.00130881
-0.00129518
-0.00127774
-0.00125077
-0.00123993
-0.00125461
-0.00123795
-0.00124924
-0.00124048
-0.00124088
-0.00119742
-0.00124145
-0.00118844
-0.00127177
-0.00127337
-0.00129026
-0.00129125
-0.00132314
-0.00134825
-0.00136825
-0.00136065
-0.00133433
-0.00130046
-0.00126374
-0.00122964
-0.00124894
-0.00122348
-0.00124694
-0.00123067
-0.00125588
-0.00120502
-0.00120025
-0.00121162
-0.0012934
-0.00128868
-0.00129567
-0.00131711
-0.00134734
-0.00140647
-0.00146902
-0.00145674
-0.00140707
-0.00134017
-0.00128882
-0.00125827
-0.00128773
-0.00127461
-0.00132073
-0.00127801
-0.00130063
-0.0012463
-0.00125894
-0.00122248
-0.00128805
-0.00130345
-0.00131718
-0.00134627
-0.00143806
-0.00159357
-0.00172142
-0.00172104
-0.00161642
-0.00146436
-0.00131215
-0.0012569
-0.00126908
-0.00124279
-0.00129754
-0.00126356
-0.00128918
-0.00120768
-0.0012654
-0.00118783
-0.00129907
-0.00130366
-0.00132688
-0.0013844
-0.00155466
-0.00175616
-0.00194352
-0.00196254
-0.00183716
-0.00161532
-0.00132845
-0.00128019
-0.00132556
-0.00131932
-0.00136569
-0.00130314
-0.00133338
-0.00123343
-0.00129679
-0.00113346
-0.00126389
-0.00129091
-0.00132032
-0.00139054
-0.00156477
-0.0018252
-0.00200923
-0.00202036
-0.00187866
-0.00163584
-0.00133202
-0.00127903
-0.00129283
-0.00126483
-0.00126589
-0.00121041
-0.00122628
-0.00112515
-0.00115746
-0.00112838
-0.00123357
-0.00127206
-0.00128202
-0.00134238
-0.00152661
-0.00173874
-0.00188713
-0.00191521
-0.00180485
-0.00155602
-0.00131639
-0.00132415
-0.00131275
-0.00135611
-0.00142718
-0.00137266
-0.00143401
-0.00128153
-0.00135691
-0.00121464
-0.00112416
-0.00112219
-0.00117379
-0.00121058
-0.00135573
-0.00149595
-0.0016187
-0.00167361
-0.00160357
-0.0014105
-0.00128269
-0.00129129
-0.00133993
-0.0013691
-0.00138106
-0.00136213
-0.00116627
-0.00109241
-0.00116914
-0.00116032
-0.000963146
-0.00106143
-0.00109128
-0.0011123
-0.00119189
-0.00134904
-0.0014091
-0.00148378
-0.00150725
-0.00132287
-0.00123132
-0.0012998
-0.00152898
-0.00157306
-0.00137915
-0.00131376
-0.00131972
-0.00117142
-0.00135207
-0.0010613
-0.000817713
-0.000965187
-0.00097869
-0.0010056
-0.00107554
-0.00119677
-0.00125734
-0.00135624
-0.00153756
-0.00152985
-0.00147103
-0.00141086
-0.00153596
-0.00153447
-0.00135581
-0.00119932
-0.00112621
-0.000993703
-0.000991352
-0.000706578
-0.000541255
-0.000770362
-0.000903229
-0.000944227
-0.000953828
-0.000979156
-0.000937885
-0.00112892
-0.00162444
-0.00192982
-0.0017048
-0.0014284
-0.00155531
-0.00117025
-0.00129538
-0.00123578
-0.00104953
-0.0014024
-0.000824699
-0.000448414
-0.000353553
-0.000674272
-0.000821332
-0.000900148
-0.000955733
-0.00111372
-0.00130205
-0.00138228
-0.0014387
-0.00153538
-0.00156862
-0.00145239
-0.00128209
-0.00110851
-0.000996977
-0.00100746
-0.00106807
-0.00105818
-0.000309645
0.00128305
)
;

boundaryField
{
    movingWall
    {
        type            zeroGradient;
    }
    fixedWalls
    {
        type            zeroGradient;
    }
    frontAndBack
    {
        type            empty;
    }
}


// ************************************************************************* //
