/*--------------------------------*- C++ -*----------------------------------*\
| =========                 |                                                 |
| \\      /  F ield         | OpenFOAM: The Open Source CFD Toolbox           |
|  \\    /   O peration     | Version:  5.x                                   |
|   \\  /    A nd           | Web:      www.OpenFOAM.org                      |
|    \\/     M anipulation  |                                                 |
\*---------------------------------------------------------------------------*/
FoamFile
{
    version     2.0;
    format      ascii;
    class       surfaceScalarField;
    location    "13.4";
    object      phi;
}
// * * * * * * * * * * * * * * * * * * * * * * * * * * * * * * * * * * * * * //

dimensions      [0 3 -1 0 0 0 0];

internalField   nonuniform List<scalar> 
760
(
-1.0433e-06
1.0433e-06
-1.80406e-06
7.6076e-07
-2.11805e-06
3.13988e-07
-2.32358e-06
2.05532e-07
-2.32258e-06
-9.98737e-10
-2.40269e-06
8.01124e-08
-2.39337e-06
-9.32318e-09
-2.41315e-06
1.97761e-08
-2.41394e-06
7.91276e-10
-2.40103e-06
-1.29057e-08
-2.40347e-06
2.43897e-09
-2.37933e-06
-2.41385e-08
-2.40422e-06
2.48838e-08
-2.37284e-06
-3.13733e-08
-2.35424e-06
-1.86016e-08
-2.26791e-06
-8.63298e-08
-2.17983e-06
-8.80852e-08
-1.84175e-06
-3.38075e-07
-1.17125e-06
-6.70496e-07
-1.17125e-06
-6.2944e-07
1.67274e-06
-9.67566e-07
1.09889e-06
-1.06908e-06
4.15499e-07
-1.03748e-06
1.73932e-07
-1.08022e-06
4.17464e-08
-1.0196e-06
1.94875e-08
-1.01898e-06
-9.93855e-09
-9.92191e-07
-7.01344e-09
-9.76826e-07
-1.45735e-08
-9.82196e-07
-7.53656e-09
-9.75408e-07
-4.34814e-09
-9.93606e-07
-5.94046e-09
-1.00978e-06
4.10533e-08
-1.01817e-06
-2.2976e-08
-1.03354e-06
-3.23171e-09
-9.77819e-07
-1.42054e-07
-9.31059e-07
-1.34844e-07
-9.65054e-07
-3.04081e-07
-9.32911e-07
-7.02639e-07
-2.10417e-06
-3.10363e-07
1.9831e-06
-4.04862e-07
1.19338e-06
-3.85636e-07
3.96273e-07
-3.39364e-07
1.2766e-07
-3.03129e-07
5.51072e-09
-2.92523e-07
8.88226e-09
-2.71535e-07
-3.0927e-08
-2.87616e-07
9.06735e-09
-2.65896e-07
-3.62928e-08
-2.86094e-07
1.26611e-08
-2.66058e-07
-2.43845e-08
-2.9659e-07
2.45923e-08
-3.01233e-07
4.56954e-08
-3.41464e-07
1.72554e-08
-3.37312e-07
-7.38365e-09
-3.08609e-07
-1.70758e-07
-2.44619e-07
-1.98834e-07
-1.07921e-07
-4.40779e-07
-1.84742e-07
-6.25818e-07
-2.28891e-06
-1.41084e-07
2.12418e-06
-1.39679e-07
1.19198e-06
-1.4805e-07
4.04645e-07
-1.56953e-07
1.36563e-07
-1.73924e-07
2.24811e-08
-2.13394e-07
4.83526e-08
-2.40938e-07
-3.38284e-09
-2.70523e-07
3.86521e-08
-2.77074e-07
-2.9742e-08
-2.76475e-07
1.20619e-08
-2.66468e-07
-3.43908e-08
-2.47981e-07
6.10463e-09
-2.0262e-07
3.351e-10
-1.55266e-07
-3.00992e-08
-1.41653e-07
-2.09968e-08
-4.2914e-08
-2.69496e-07
-1.22157e-07
-1.19591e-07
-2.59539e-07
-3.03397e-07
-2.22492e-07
-6.62865e-07
-2.5114e-06
-7.34625e-08
2.19765e-06
-8.1811e-08
1.20033e-06
-3.10941e-08
3.53928e-07
-8.59938e-08
1.91462e-07
-1.59268e-07
9.57555e-08
-2.05928e-07
9.50124e-08
-2.47013e-07
3.77021e-08
-2.51244e-07
4.28831e-08
-2.46896e-07
-3.40902e-08
-2.34732e-07
-1.01664e-10
-1.74871e-07
-9.42523e-08
-1.4146e-07
-2.73064e-08
-8.2454e-08
-5.86705e-08
-2.81026e-08
-8.44506e-08
-5.87812e-09
-4.32213e-08
-9.78861e-09
-2.65586e-07
2.50153e-08
-1.54395e-07
7.3326e-08
-3.51708e-07
2.84978e-08
-6.18037e-07
-2.4829e-06
-3.43661e-08
2.23201e-06
-2.15655e-08
1.18753e-06
-4.91818e-09
3.3728e-07
-9.34571e-08
2.80001e-07
-1.83241e-07
1.8554e-07
-2.35121e-07
1.46892e-07
-2.8229e-07
8.48713e-08
-2.96098e-07
5.66908e-08
-2.96959e-07
-3.3229e-08
-2.87064e-07
-9.99672e-09
-2.19596e-07
-1.6172e-07
-1.89354e-07
-5.75479e-08
-1.56104e-07
-9.19205e-08
-1.1176e-07
-1.28795e-07
-1.32443e-07
-2.25378e-08
-1.70132e-07
-2.27897e-07
-9.8918e-08
-2.25608e-07
-6.62505e-08
-3.84375e-07
-9.84063e-08
-5.85881e-07
-2.58131e-06
3.85553e-09
2.22816e-06
-4.8422e-08
1.23981e-06
-8.84323e-08
3.77291e-07
-1.09708e-07
3.01277e-07
-1.98378e-07
2.7421e-07
-2.72914e-07
2.21428e-07
-3.14303e-07
1.2626e-07
-3.27388e-07
6.97755e-08
-3.21991e-07
-3.86253e-08
-3.09992e-07
-2.19964e-08
-1.81313e-07
-2.90399e-07
-1.45468e-07
-9.3392e-08
-8.64381e-08
-1.50951e-07
-4.13167e-08
-1.73917e-07
2.98618e-08
-9.37163e-08
1.00237e-07
-2.98273e-07
2.07701e-08
-1.46141e-07
9.64971e-09
-3.73255e-07
1.99271e-08
-5.96159e-07
-2.56138e-06
9.77967e-09
2.21838e-06
9.24533e-09
1.24034e-06
-4.52308e-08
4.31767e-07
-1.83337e-07
4.39383e-07
-2.84115e-07
3.74988e-07
-3.43752e-07
2.81065e-07
-4.17492e-07
2e-07
-4.19739e-07
7.2023e-08
-4.17267e-07
-4.10979e-08
-3.92931e-07
-4.63323e-08
-2.36759e-07
-4.46572e-07
-2.1885e-07
-1.11301e-07
-2.17593e-07
-1.52207e-07
-2.32225e-07
-1.59285e-07
-1.31252e-07
-1.9469e-07
-1.30103e-07
-2.99422e-07
-1.41317e-07
-1.34928e-07
-5.74255e-08
-4.57146e-07
-7.13327e-08
-5.82251e-07
-2.63271e-06
5.97541e-09
2.2124e-06
-2.56192e-08
1.27193e-06
-1.5336e-07
5.59508e-07
-2.04643e-07
4.90667e-07
-2.8691e-07
4.57255e-07
-3.86735e-07
3.8089e-07
-4.37813e-07
2.51078e-07
-4.70633e-07
1.04843e-07
-4.63051e-07
-4.86801e-08
-3.53917e-07
-1.55466e-07
-1.56416e-07
-6.44073e-07
-1.64161e-07
-1.03555e-07
-1.57417e-07
-1.58951e-07
-1.79539e-07
-1.37163e-07
-9.89745e-08
-2.75255e-07
-6.98609e-08
-3.28535e-07
-4.94402e-08
-1.55348e-07
2.14466e-08
-5.28032e-07
-6.77486e-09
-5.5403e-07
-2.63949e-06
1.66558e-08
2.19575e-06
-2.43401e-08
1.31293e-06
-9.97815e-08
6.34949e-07
-1.79187e-07
5.70072e-07
-3.29678e-07
6.07746e-07
-5.23991e-07
5.75203e-07
-6.46621e-07
3.73709e-07
-6.58408e-07
1.16629e-07
-5.41746e-07
-1.65341e-07
-2.99091e-07
-3.98121e-07
-1.9274e-07
-7.50424e-07
-1.85708e-07
-1.10587e-07
-2.14053e-07
-1.30606e-07
-2.66774e-07
-8.44424e-08
-3.66059e-07
-1.7597e-07
-4.15496e-07
-2.79098e-07
-2.94012e-07
-2.76832e-07
-1.50653e-07
-6.71392e-07
-1.8417e-08
-6.86266e-07
-2.6579e-06
-6.57737e-08
2.26152e-06
1.77318e-08
1.22942e-06
-6.98e-08
7.22481e-07
-2.94018e-07
7.94289e-07
-5.77389e-07
8.91118e-07
-8.10071e-07
8.07885e-07
-9.39442e-07
5.03079e-07
-8.27676e-07
4.86284e-09
-5.55391e-07
-4.37626e-07
-1.94537e-07
-7.58975e-07
-5.14136e-08
-8.93548e-07
-1.94393e-09
-1.60057e-07
-3.82673e-08
-9.42827e-08
-1.6396e-07
4.12505e-08
-2.53559e-07
-8.63711e-08
-2.27244e-07
-3.05413e-07
-1.90231e-07
-3.13845e-07
-1.5524e-07
-7.06382e-07
-5.25978e-08
-7.88908e-07
-2.7105e-06
7.63912e-09
2.25388e-06
-7.30016e-08
1.31007e-06
-2.09114e-07
8.58593e-07
-4.74435e-07
1.05961e-06
-7.61966e-07
1.17865e-06
-9.51102e-07
9.97021e-07
-9.41572e-07
4.93549e-07
-8.20933e-07
-1.15776e-07
-6.14833e-07
-6.43726e-07
-2.59627e-07
-1.11418e-06
-8.9526e-08
-1.06365e-06
3.65523e-08
-2.86135e-07
1.15108e-07
-1.72838e-07
1.0411e-07
5.22482e-08
4.18996e-08
-2.41609e-08
2.21589e-09
-2.65729e-07
4.94795e-09
-3.16577e-07
-1.14454e-07
-5.86981e-07
-5.88762e-09
-8.97474e-07
-2.71639e-06
1.91738e-08
2.23471e-06
2.13726e-08
1.30787e-06
-1.41477e-07
1.02144e-06
-2.74876e-07
1.19301e-06
-3.50505e-07
1.25428e-06
-3.85708e-07
1.03222e-06
-3.89539e-07
4.97379e-07
-2.7402e-07
-2.31294e-07
-1.7202e-07
-7.45726e-07
1.91628e-08
-1.30536e-06
1.56476e-07
-1.20096e-06
2.66434e-07
-3.96093e-07
4.48728e-07
-3.55132e-07
5.19572e-07
-1.85965e-08
4.96264e-07
-8.52086e-10
4.40828e-07
-2.10294e-07
3.70322e-07
-2.4607e-07
2.19988e-07
-4.36647e-07
-2.87439e-08
-6.48743e-07
-2.74513e-06
-7.37394e-09
2.24208e-06
2.50224e-08
1.27547e-06
9.51508e-08
9.51315e-07
6.593e-08
1.22223e-06
4.06253e-08
1.27958e-06
1.47033e-07
9.25817e-07
2.76572e-07
3.6784e-07
3.86161e-07
-3.40884e-07
4.74402e-07
-8.33967e-07
4.45465e-07
-1.27643e-06
3.57463e-07
-1.11296e-06
2.19348e-07
-2.57978e-07
-5.57233e-08
-8.00607e-08
-1.84896e-07
1.10576e-07
-2.05901e-07
2.01526e-08
-3.24994e-07
-9.12003e-08
-1.71157e-07
-3.99908e-07
-9.78593e-08
-5.09944e-07
8.09833e-09
-7.547e-07
-2.73704e-06
9.13789e-08
2.1507e-06
2.08723e-07
1.15813e-06
2.29709e-07
9.30328e-07
4.58157e-07
9.93783e-07
6.69487e-07
1.06825e-06
7.93509e-07
8.01795e-07
1.00133e-06
1.6002e-07
9.25248e-07
-2.64804e-07
9.49083e-07
-8.57801e-07
8.05648e-07
-1.13299e-06
4.52774e-07
-7.60085e-07
3.97936e-07
-2.0314e-07
3.34349e-07
-1.64742e-08
-3.51115e-09
4.48436e-07
-1.0495e-07
1.21592e-07
-1.41545e-07
-5.46055e-08
-2.50474e-08
-5.16405e-07
-1.44801e-07
-3.90191e-07
-1.64785e-07
-7.34716e-07
-2.90182e-06
1.60354e-07
1.99035e-06
3.41853e-07
9.76628e-07
5.51021e-07
7.21161e-07
7.86962e-07
7.57842e-07
9.96437e-07
8.58777e-07
1.26623e-06
5.32002e-07
1.30959e-06
1.16658e-07
1.37108e-06
-3.26294e-07
1.36623e-06
-8.52954e-07
9.10438e-07
-6.77196e-07
4.47838e-07
-2.97485e-07
4.04774e-07
-1.60076e-07
5.16142e-07
-1.27842e-07
6.46777e-07
3.17801e-07
8.95635e-07
-1.27266e-07
7.34499e-07
1.0653e-07
2.94828e-07
-7.67343e-08
-3.68035e-08
-5.85596e-08
9.33819e-08
-8.64901e-07
-2.80844e-06
1.54917e-07
1.83543e-06
1.61009e-07
9.70535e-07
3.70549e-07
5.1162e-07
6.17942e-07
5.10449e-07
9.1746e-07
5.59259e-07
1.23687e-06
2.12595e-07
1.37852e-06
-2.49947e-08
1.59135e-06
-5.39123e-07
1.48744e-06
-7.49039e-07
9.09052e-07
-9.88122e-08
2.225e-07
3.89067e-07
-2.38577e-07
3.01e-07
-6.00593e-07
2.34175e-07
-4.25166e-07
1.42373e-07
-2.29155e-07
-3.23276e-07
-3.21852e-07
1.99227e-07
1.28371e-07
-5.26957e-07
1.82676e-07
-1.12865e-07
-3.4306e-08
-6.4792e-07
-2.84275e-06
3.83898e-07
1.45153e-06
5.46229e-07
8.08204e-07
7.91202e-07
2.66648e-07
1.13908e-06
1.62566e-07
1.47541e-06
2.22935e-07
1.54963e-06
1.38371e-07
1.80745e-06
-2.8281e-07
1.84869e-06
-5.80363e-07
1.52408e-06
-4.24434e-07
1.50165e-06
-7.63843e-08
1.60165e-06
2.89075e-07
1.76503e-06
1.37616e-07
1.84647e-06
1.52737e-07
1.7689e-06
2.19941e-07
1.472e-06
-2.63764e-08
1.08817e-06
5.83058e-07
7.13413e-07
-1.522e-07
4.80922e-07
1.19626e-07
3.56104e-07
-5.23102e-07
-2.48664e-06
4.7376e-07
9.77773e-07
7.19453e-07
5.62511e-07
8.02625e-07
1.83476e-07
8.76462e-07
8.87295e-08
8.79405e-07
2.19992e-07
7.65581e-07
2.52196e-07
3.29184e-07
1.53587e-07
-3.88332e-07
1.37153e-07
-9.2566e-07
1.12894e-07
-1.08923e-06
8.71887e-08
-8.07766e-07
7.60779e-09
-6.49683e-07
-2.0467e-08
-4.64715e-07
-3.22308e-08
-2.44985e-07
2.11577e-10
-3.2279e-07
5.14288e-08
1.38997e-07
1.21271e-07
-1.59924e-07
1.46721e-07
1.614e-07
-2.01698e-07
8.30402e-07
-1.1921e-06
-1.65624e-06
9.77773e-07
1.54028e-06
1.72376e-06
1.81249e-06
2.03248e-06
2.28468e-06
2.43826e-06
2.57542e-06
2.68831e-06
2.7755e-06
2.78311e-06
2.76264e-06
2.73041e-06
2.73062e-06
2.78205e-06
2.90332e-06
3.05004e-06
2.84834e-06
1.65624e-06
)
;

boundaryField
{
    movingWall
    {
        type            calculated;
        value           uniform 0;
    }
    fixedWalls
    {
        type            calculated;
        value           uniform 0;
    }
    frontAndBack
    {
        type            empty;
        value           nonuniform 0();
    }
}


// ************************************************************************* //
