/*--------------------------------*- C++ -*----------------------------------*\
| =========                 |                                                 |
| \\      /  F ield         | OpenFOAM: The Open Source CFD Toolbox           |
|  \\    /   O peration     | Version:  5.x                                   |
|   \\  /    A nd           | Web:      www.OpenFOAM.org                      |
|    \\/     M anipulation  |                                                 |
\*---------------------------------------------------------------------------*/
FoamFile
{
    version     2.0;
    format      ascii;
    class       surfaceScalarField;
    location    "12.2";
    object      phi;
}
// * * * * * * * * * * * * * * * * * * * * * * * * * * * * * * * * * * * * * //

dimensions      [0 3 -1 0 0 0 0];

internalField   nonuniform List<scalar> 
760
(
-9.89545e-07
9.89545e-07
-1.77816e-06
7.88616e-07
-2.06752e-06
2.89354e-07
-2.29113e-06
2.23614e-07
-2.31944e-06
2.83072e-08
-2.3819e-06
6.24667e-08
-2.35132e-06
-3.05816e-08
-2.38293e-06
3.16063e-08
-2.39902e-06
1.60901e-08
-2.4149e-06
1.58809e-08
-2.43661e-06
2.17078e-08
-2.44587e-06
9.26623e-09
-2.44525e-06
-6.26549e-10
-2.38504e-06
-6.02116e-08
-2.38987e-06
4.83566e-09
-2.34761e-06
-4.22663e-08
-2.29074e-06
-5.68673e-08
-1.92065e-06
-3.70085e-07
-1.21104e-06
-7.09609e-07
-1.21104e-06
-6.0335e-07
1.5929e-06
-9.50005e-07
1.13527e-06
-1.04635e-06
3.85703e-07
-1.06218e-06
2.3944e-07
-1.07756e-06
4.36881e-08
-1.05151e-06
3.642e-08
-1.05997e-06
-2.2127e-08
-1.03108e-06
2.71758e-09
-1.0011e-06
-1.3891e-08
-9.71489e-07
-1.37286e-08
-9.62805e-07
1.30239e-08
-9.28098e-07
-2.54404e-08
-9.46402e-07
1.76777e-08
-9.72538e-07
-3.40758e-08
-1.03767e-06
6.99649e-08
-1.05017e-06
-2.97611e-08
-1.03731e-06
-6.9731e-08
-1.03854e-06
-3.68853e-07
-9.67655e-07
-7.80494e-07
-2.1787e-06
-4.11335e-07
2.00423e-06
-4.10884e-07
1.13482e-06
-3.90445e-07
3.65264e-07
-3.56459e-07
2.05454e-07
-3.2799e-07
1.52195e-08
-3.21358e-07
2.97873e-08
-2.96341e-07
-4.71438e-08
-2.92452e-07
-1.17138e-09
-2.63482e-07
-4.28608e-08
-2.52028e-07
-2.51829e-08
-2.23698e-07
-1.53059e-08
-2.26889e-07
-2.22492e-08
-2.26619e-07
1.74073e-08
-2.689e-07
8.20536e-09
-2.90328e-07
9.13929e-08
-2.97544e-07
-2.25443e-08
-2.2412e-07
-1.43156e-07
-1.19268e-07
-4.73705e-07
-2.05624e-07
-6.94138e-07
-2.38432e-06
-1.11138e-07
2.11537e-06
-1.63138e-07
1.18682e-06
-1.46967e-07
3.49093e-07
-1.22362e-07
1.80849e-07
-1.68743e-07
6.16005e-08
-1.86636e-07
4.76801e-08
-2.14727e-07
-1.90525e-08
-2.26693e-07
1.07945e-08
-2.34399e-07
-3.51546e-08
-2.36027e-07
-2.35551e-08
-2.31286e-07
-2.00474e-08
-2.32e-07
-2.15352e-08
-2.28566e-07
1.39735e-08
-1.97312e-07
-2.30481e-08
-1.62628e-07
5.67083e-08
-4.9229e-08
-1.35943e-07
-8.55921e-08
-1.06792e-07
-2.53616e-07
-3.05681e-07
-2.22487e-07
-7.25267e-07
-2.60681e-06
-8.42965e-08
2.19967e-06
-4.46296e-08
1.14715e-06
-2.39649e-08
3.28428e-07
-7.68202e-08
2.33705e-07
-1.58046e-07
1.42827e-07
-2.06438e-07
9.60715e-08
-2.37378e-07
1.18877e-08
-2.3673e-07
1.01471e-08
-2.16295e-07
-5.559e-08
-1.99258e-07
-4.05925e-08
-1.60719e-07
-5.8586e-08
-1.21782e-07
-6.04719e-08
-7.14296e-08
-3.63791e-08
-1.25098e-08
-8.19679e-08
4.82893e-08
-4.09083e-09
1.19813e-07
-2.07467e-07
1.07592e-07
-9.45718e-08
8.35585e-08
-2.81648e-07
3.85327e-08
-6.80242e-07
-2.56828e-06
-4.058e-08
2.24025e-06
-5.99677e-08
1.16654e-06
-1.09515e-07
3.77976e-07
-1.42447e-07
2.66636e-07
-2.06359e-07
2.06739e-07
-2.43e-07
1.32712e-07
-2.66156e-07
3.50438e-08
-2.64396e-07
8.38739e-09
-2.43003e-07
-7.69832e-08
-2.26958e-07
-5.66374e-08
-2.00256e-07
-8.52876e-08
-1.71222e-07
-8.95066e-08
-1.4995e-07
-5.7651e-08
-1.11011e-07
-1.20907e-07
-9.5679e-08
-1.94224e-08
-1.17493e-07
-1.85653e-07
-5.98337e-08
-1.52231e-07
-4.28214e-08
-2.9866e-07
-6.86961e-08
-6.54367e-07
-2.63697e-06
-2.85579e-08
2.2688e-06
-4.7494e-08
1.18548e-06
-1.10465e-07
4.40947e-07
-1.68056e-07
3.24227e-07
-2.45613e-07
2.84295e-07
-3.01356e-07
1.88456e-07
-3.16364e-07
5.00519e-08
-3.02923e-07
-5.05422e-09
-2.50159e-07
-1.29747e-07
-2.22057e-07
-8.47389e-08
-1.62504e-07
-1.44841e-07
-1.2002e-07
-1.3199e-07
-5.57524e-08
-1.21919e-07
3.00144e-10
-1.7696e-07
5.21421e-08
-7.12643e-08
1.23859e-07
-2.57369e-07
1.04247e-07
-1.3262e-07
8.0047e-08
-2.7446e-07
3.23552e-08
-6.06675e-07
-2.60462e-06
1.28486e-08
2.25595e-06
6.73817e-08
1.13094e-06
-5.678e-08
5.65109e-07
-2.41577e-07
5.09024e-07
-3.50047e-07
3.92765e-07
-4.02522e-07
2.40931e-07
-4.00516e-07
4.8046e-08
-3.79799e-07
-2.57714e-08
-3.02503e-07
-2.07043e-07
-2.73863e-07
-1.13379e-07
-2.24569e-07
-1.94136e-07
-1.89309e-07
-1.67251e-07
-1.4898e-07
-1.62248e-07
-1.41669e-07
-1.8427e-07
-8.47829e-08
-1.28151e-07
-7.24534e-08
-2.69699e-07
-7.29105e-08
-1.32163e-07
-2.73766e-09
-3.44632e-07
4.62824e-09
-6.14041e-07
-2.59999e-06
2.34254e-08
2.23253e-06
-3.33899e-09
1.15771e-06
-1.97215e-07
7.58985e-07
-3.37701e-07
6.4951e-07
-4.72139e-07
5.27203e-07
-5.36005e-07
3.04797e-07
-5.03454e-07
1.54955e-08
-3.90447e-07
-1.38778e-07
-2.78129e-07
-3.19361e-07
-2.70564e-07
-1.20944e-07
-1.78718e-07
-2.85982e-07
-1.50523e-07
-1.95445e-07
-9.66717e-08
-2.16099e-07
-9.70426e-08
-1.83899e-07
1.30731e-08
-2.38266e-07
1.25069e-07
-3.81695e-07
9.3286e-08
-1.00379e-07
6.74871e-08
-3.18833e-07
-9.24775e-09
-5.37306e-07
-2.60924e-06
-2.04687e-08
2.253e-06
-7.56675e-08
1.21291e-06
-1.94105e-07
8.77422e-07
-4.97776e-07
9.53181e-07
-7.80656e-07
8.10083e-07
-8.54309e-07
3.7845e-07
-7.66642e-07
-7.21717e-08
-4.92063e-07
-4.13357e-07
-3.36268e-07
-4.75156e-07
-3.04093e-07
-1.53119e-07
-2.03392e-07
-3.86683e-07
-1.82573e-07
-2.16263e-07
-1.5627e-07
-2.42403e-07
-2.02013e-07
-1.38157e-07
-1.28239e-07
-3.1204e-07
-1.08453e-07
-4.0148e-07
-9.20679e-08
-1.16765e-07
-2.86283e-09
-4.08039e-07
1.99283e-08
-5.60097e-07
-2.58931e-06
5.7986e-08
2.19501e-06
-9.17945e-08
1.36269e-06
-3.92597e-07
1.17822e-06
-6.92579e-07
1.25316e-06
-9.02419e-07
1.01992e-06
-9.99961e-07
4.75992e-07
-9.34874e-07
-1.37259e-07
-6.81625e-07
-6.66606e-07
-4.07455e-07
-7.49326e-07
-1.92649e-07
-3.67925e-07
-6.24505e-08
-5.16881e-07
-8.38124e-08
-1.94901e-07
-1.31981e-07
-1.94234e-07
-2.18718e-07
-5.14199e-08
-1.61261e-07
-3.69498e-07
-1.95925e-07
-3.66816e-07
-3.97789e-08
-2.72911e-07
8.92479e-08
-5.37065e-07
-1.90134e-08
-4.51836e-07
-2.60832e-06
-7.85197e-08
2.27353e-06
-1.3776e-07
1.42193e-06
-3.72613e-07
1.41308e-06
-5.96168e-07
1.47672e-06
-7.06833e-07
1.13059e-06
-8.22415e-07
5.91574e-07
-8.0436e-07
-1.55313e-07
-6.91947e-07
-7.7902e-07
-4.32529e-07
-1.00874e-06
-7.55615e-08
-7.24893e-07
3.85986e-08
-6.31041e-07
-1.4707e-08
-1.41595e-07
-4.07811e-08
-1.6816e-07
-1.37967e-07
4.57658e-08
-1.87748e-07
-3.19716e-07
-2.0492e-07
-3.49644e-07
-2.02055e-07
-2.75777e-07
-2.01119e-07
-5.38001e-07
1.17063e-08
-6.64661e-07
-2.59662e-06
1.0057e-08
2.26347e-06
-8.57347e-08
1.51772e-06
-1.84587e-07
1.51193e-06
-1.44818e-07
1.43695e-06
-1.52149e-07
1.13792e-06
-1.54725e-07
5.94149e-07
-6.48627e-08
-2.45175e-07
-1.39137e-08
-8.29969e-07
1.26657e-08
-1.03532e-06
1.69495e-07
-8.81723e-07
3.57213e-07
-8.18759e-07
4.0897e-07
-1.93352e-07
4.32295e-07
-1.91485e-07
4.82902e-07
-4.84122e-09
3.64179e-07
-2.00994e-07
2.0314e-07
-1.88605e-07
4.16843e-08
-1.1432e-07
-1.31269e-07
-3.65048e-07
-5.48889e-08
-7.41041e-07
-2.65151e-06
1.82276e-07
2.0812e-06
2.45e-07
1.45499e-06
3.01884e-07
1.45505e-06
3.54547e-07
1.38429e-06
4.92498e-07
9.99969e-07
6.20931e-07
4.65715e-07
5.30737e-07
-1.54981e-07
6.45128e-07
-9.4436e-07
6.94044e-07
-1.08424e-06
5.08111e-07
-6.9579e-07
1.39974e-07
-4.50621e-07
1.89058e-07
-2.42437e-07
2.5207e-07
-2.54496e-07
4.15339e-07
-1.6811e-07
5.33793e-07
-3.19448e-07
2.74876e-07
7.03117e-08
2.00586e-07
-4.00298e-08
1.14708e-07
-2.7917e-07
1.07444e-07
-7.33777e-07
-2.54406e-06
2.55472e-07
1.82573e-06
3.96983e-07
1.31348e-06
5.35088e-07
1.31694e-06
7.12475e-07
1.2069e-06
9.80362e-07
7.32082e-07
1.10286e-06
3.43214e-07
1.18602e-06
-2.38136e-07
1.17182e-06
-9.30163e-07
1.12022e-06
-1.03263e-06
9.9251e-07
-5.68084e-07
5.59551e-07
-1.7662e-08
1.85369e-07
1.31744e-07
-2.87172e-08
-4.04098e-08
-1.92451e-07
-4.37654e-09
2.61314e-08
-5.38031e-07
3.59471e-08
6.0496e-08
3.04748e-07
-3.08831e-07
3.1175e-07
-2.86173e-07
-1.91818e-08
-4.02845e-07
-2.56324e-06
4.23544e-07
1.40218e-06
6.77549e-07
1.05948e-06
7.96476e-07
1.19801e-06
9.99929e-07
1.00345e-06
1.29417e-06
4.37839e-07
1.43453e-06
2.02856e-07
1.59557e-06
-3.9918e-07
1.44968e-06
-7.84267e-07
1.10289e-06
-6.85852e-07
1.10167e-06
-5.66862e-07
1.47133e-06
-3.87317e-07
1.61377e-06
-1.0699e-08
1.54641e-06
2.69555e-08
1.25051e-06
2.91516e-07
5.77322e-07
1.3516e-07
1.87439e-07
4.50379e-07
1.32684e-07
-2.54077e-07
6.07364e-08
-2.14225e-07
1.15874e-07
-4.57982e-07
-2.44737e-06
7.75879e-07
6.26304e-07
9.96696e-07
8.38662e-07
1.0444e-06
1.15031e-06
1.29405e-06
7.53791e-07
1.43524e-06
2.96656e-07
1.62039e-06
1.76968e-08
1.32928e-06
-1.08063e-07
6.59027e-07
-1.14016e-07
1.02172e-07
-1.28996e-07
-1.62592e-07
-3.02098e-07
-2.68156e-07
-2.81752e-07
-3.23801e-08
-2.46475e-07
-8.66255e-08
8.12009e-08
-7.21743e-08
2.77065e-07
-4.05636e-08
1.03549e-07
-1.54349e-07
5.64165e-07
5.00064e-08
-4.58432e-07
-6.76456e-08
-9.65727e-08
-1.04265e-07
-4.21363e-07
-2.55163e-06
5.81559e-07
4.47447e-08
1.01724e-06
4.02983e-07
1.35283e-06
8.14721e-07
1.61598e-06
4.90638e-07
1.71355e-06
1.99093e-07
1.75546e-06
-2.42202e-08
1.742e-06
-9.4597e-08
1.66844e-06
-4.04578e-08
1.60435e-06
-6.49031e-08
1.39066e-06
-8.8412e-08
1.03648e-06
7.24287e-08
8.01827e-07
-1.18235e-08
6.62489e-07
2.20539e-07
5.64325e-07
3.75229e-07
7.60501e-07
-9.26269e-08
7.91516e-07
5.3315e-07
7.0909e-07
-3.76006e-07
4.46803e-07
1.65714e-07
2.91645e-07
-2.66205e-07
-2.25999e-06
-3.24997e-07
3.69742e-07
-6.6855e-08
1.44841e-07
2.49016e-07
4.9885e-07
3.08636e-07
4.31018e-07
1.78848e-07
3.28881e-07
-3.34191e-08
1.88047e-07
-1.95294e-07
6.72778e-08
-2.65874e-07
3.01222e-08
-4.01423e-07
7.06457e-08
-5.53491e-07
6.3656e-08
-5.42762e-07
6.16995e-08
-5.76044e-07
2.1459e-08
-3.60972e-07
5.46643e-09
-9.20711e-08
1.06329e-07
-2.96078e-07
1.1138e-07
8.84043e-08
1.48668e-07
-2.67478e-07
-2.01244e-08
1.39614e-08
-1.15725e-07
7.41015e-07
-9.93258e-07
-1.51897e-06
3.69742e-07
5.14582e-07
1.01343e-06
1.44445e-06
1.77333e-06
1.96138e-06
2.02866e-06
2.05878e-06
2.12942e-06
2.19308e-06
2.25478e-06
2.27624e-06
2.28171e-06
2.38803e-06
2.49941e-06
2.64808e-06
2.62796e-06
2.51223e-06
1.51897e-06
)
;

boundaryField
{
    movingWall
    {
        type            calculated;
        value           uniform 0;
    }
    fixedWalls
    {
        type            calculated;
        value           uniform 0;
    }
    frontAndBack
    {
        type            empty;
        value           nonuniform 0();
    }
}


// ************************************************************************* //
