/*--------------------------------*- C++ -*----------------------------------*\
| =========                 |                                                 |
| \\      /  F ield         | OpenFOAM: The Open Source CFD Toolbox           |
|  \\    /   O peration     | Version:  5.x                                   |
|   \\  /    A nd           | Web:      www.OpenFOAM.org                      |
|    \\/     M anipulation  |                                                 |
\*---------------------------------------------------------------------------*/
FoamFile
{
    version     2.0;
    format      ascii;
    class       volVectorField;
    location    "4.4";
    object      U;
}
// * * * * * * * * * * * * * * * * * * * * * * * * * * * * * * * * * * * * * //

dimensions      [0 1 -1 0 0 0 0];

internalField   nonuniform List<vector> 
400
(
(-0.000167161 0.000168936 0)
(-0.000521555 0.000181895 0)
(-0.000899863 0.000190525 0)
(-0.00129643 0.000204143 0)
(-0.00172614 0.00022329 0)
(-0.00220001 0.000249014 0)
(-0.00273286 0.000282858 0)
(-0.00334311 0.000327082 0)
(-0.00405469 0.000385009 0)
(-0.00489926 0.000461359 0)
(-0.0059196 0.00056276 0)
(-0.00717445 0.000698553 0)
(-0.00874499 0.000881764 0)
(-0.0107476 0.00113071 0)
(-0.0133678 0.00147167 0)
(-0.0168311 0.00192457 0)
(-0.0212422 0.00242474 0)
(-0.0274764 0.00276089 0)
(-0.0355121 0.00130245 0)
(-0.018045 -0.0153529 0)
(-0.000174428 0.000518807 0)
(-0.000543942 0.00055804 0)
(-0.000937407 0.000583533 0)
(-0.00134815 0.00062375 0)
(-0.00179067 0.000680251 0)
(-0.00227514 0.000756109 0)
(-0.00281526 0.000855855 0)
(-0.00342776 0.000986046 0)
(-0.00413415 0.00115609 0)
(-0.00496278 0.00137935 0)
(-0.00595167 0.00167483 0)
(-0.00715281 0.00206975 0)
(-0.0086378 0.00260333 0)
(-0.0105087 0.00333441 0)
(-0.0129478 0.0043615 0)
(-0.0162438 0.00580112 0)
(-0.0202742 0.00736673 0)
(-0.0244377 0.00712992 0)
(-0.0321586 -0.000108258 0)
(-0.00355962 -0.0482946 0)
(-0.000166703 0.000870211 0)
(-0.000520608 0.000935645 0)
(-0.000897403 0.000976906 0)
(-0.00128949 0.00104175 0)
(-0.00171013 0.00113256 0)
(-0.00216781 0.00125406 0)
(-0.002674 0.00141328 0)
(-0.00324234 0.00162032 0)
(-0.00389006 0.00188952 0)
(-0.00463923 0.00224116 0)
(-0.00551866 0.00270417 0)
(-0.00656663 0.00332039 0)
(-0.00783252 0.00415119 0)
(-0.00937117 0.00528943 0)
(-0.0112788 0.00687928 0)
(-0.0138486 0.00907221 0)
(-0.0168356 0.0111553 0)
(-0.0156563 0.00833316 0)
(-0.0238362 -0.00668572 0)
(0.0127446 -0.0603215 0)
(-0.000154541 0.00119943 0)
(-0.000483842 0.00129024 0)
(-0.000834639 0.00134567 0)
(-0.0011981 0.00143229 0)
(-0.00158572 0.00155285 0)
(-0.00200366 0.00171316 0)
(-0.0024603 0.00192188 0)
(-0.00296509 0.00219155 0)
(-0.00352947 0.00253986 0)
(-0.00416727 0.00299172 0)
(-0.0048952 0.0035824 0)
(-0.00573338 0.0043625 0)
(-0.00670373 0.00540517 0)
(-0.00781697 0.00681462 0)
(-0.00905494 0.0087046 0)
(-0.0105759 0.0110277 0)
(-0.0130075 0.0129103 0)
(-0.00978225 0.00759767 0)
(-0.0153718 -0.0172219 0)
(0.00788162 -0.0576301 0)
(-0.000138942 0.00150133 0)
(-0.000436896 0.00161662 0)
(-0.000754981 0.00168424 0)
(-0.00108289 0.00178897 0)
(-0.00143001 0.00193345 0)
(-0.00179977 0.00212384 0)
(-0.0021969 0.00236955 0)
(-0.00262607 0.00268413 0)
(-0.00309219 0.00308657 0)
(-0.00359992 0.0036031 0)
(-0.00415274 0.00426986 0)
(-0.00475175 0.00513755 0)
(-0.00539255 0.00627718 0)
(-0.00606276 0.00778171 0)
(-0.00673479 0.00976411 0)
(-0.00711 0.0117851 0)
(-0.00889594 0.0132333 0)
(-0.00585234 0.006582 0)
(-0.00707566 -0.0241293 0)
(-0.000858806 -0.0663597 0)
(-0.000120322 0.00176924 0)
(-0.000381312 0.00190852 0)
(-0.000661589 0.00198655 0)
(-0.000949149 0.00210582 0)
(-0.00125117 0.00226805 0)
(-0.00156803 0.00247917 0)
(-0.00190066 0.00274834 0)
(-0.00224901 0.00308901 0)
(-0.00261191 0.00351973 0)
(-0.00298619 0.00406575 0)
(-0.00336432 0.00476049 0)
(-0.00373205 0.00564881 0)
(-0.00406729 0.00680214 0)
(-0.00428802 0.00822397 0)
(-0.00457617 0.0102407 0)
(-0.00375083 0.0117158 0)
(-0.00457845 0.0126509 0)
(-0.000857608 0.00530452 0)
(-0.000272107 -0.024958 0)
(0.00458006 -0.0687199 0)
(-9.8664e-05 0.00199768 0)
(-0.000317919 0.00216084 0)
(-0.000556959 0.00224811 0)
(-0.000801639 0.00237852 0)
(-0.00105701 0.00255285 0)
(-0.00131998 0.00277535 0)
(-0.00158778 0.00305458 0)
(-0.00185574 0.00340237 0)
(-0.00211713 0.00383502 0)
(-0.00236204 0.00437355 0)
(-0.00257495 0.00504555 0)
(-0.00271852 0.00586509 0)
(-0.00283164 0.00696137 0)
(-0.002551 0.008035 0)
(-0.00271413 0.00999835 0)
(-0.00094047 0.0107387 0)
(-0.00121391 0.0110885 0)
(0.00283397 0.00308305 0)
(0.00244965 -0.0254244 0)
(0.0060621 -0.0603873 0)
(-7.39233e-05 0.00218051 0)
(-0.000247149 0.00237235 0)
(-0.000443272 0.0024686 0)
(-0.000644673 0.00261166 0)
(-0.000854637 0.00279246 0)
(-0.00106674 0.0030187 0)
(-0.00127427 0.00329484 0)
(-0.00146948 0.00363336 0)
(-0.00164197 0.0040473 0)
(-0.00177711 0.00455287 0)
(-0.00187543 0.00518779 0)
(-0.00181216 0.00586833 0)
(-0.00190232 0.00698393 0)
(-0.00111634 0.00764962 0)
(-0.00138439 0.00957451 0)
(0.000956351 0.00974616 0)
(0.000496657 0.00960778 0)
(0.00428569 0.00135234 0)
(0.00224347 -0.0256543 0)
(0.000285991 -0.059201 0)
(-4.10067e-05 0.0023132 0)
(-0.000163876 0.00253275 0)
(-0.000317302 0.00263933 0)
(-0.000478141 0.00278639 0)
(-0.000650642 0.00297323 0)
(-0.000818395 0.00319334 0)
(-0.000974245 0.00345969 0)
(-0.00110482 0.00377499 0)
(-0.00120021 0.00415429 0)
(-0.00122503 0.00458527 0)
(-0.00127047 0.00517928 0)
(-0.000923464 0.00561784 0)
(-0.00108946 0.0066768 0)
(0.000151191 0.0069066 0)
(-0.00024707 0.00845071 0)
(0.00234648 0.00818088 0)
(0.00153522 0.00790752 0)
(0.00556423 0.000242301 0)
(0.0018801 -0.0236237 0)
(0.00202102 -0.0608386 0)
(-5.62701e-06 0.00237526 0)
(-7.35439e-05 0.00267324 0)
(-0.000189136 0.00278509 0)
(-0.000311033 0.00300908 0)
(-0.000446527 0.00317459 0)
(-0.000579637 0.00340494 0)
(-0.000691627 0.00362659 0)
(-0.000774179 0.00390362 0)
(-0.000831248 0.00423193 0)
(-0.000747212 0.0045671 0)
(-0.000842404 0.00515548 0)
(-0.000279979 0.005431 0)
(-0.000611641 0.00643903 0)
(0.000827074 0.00660116 0)
(0.00018906 0.00792932 0)
(0.00314997 0.00752404 0)
(0.00159068 0.00716219 0)
(0.00673392 0.000104584 0)
(0.00158768 -0.0211133 0)
(0.00595001 -0.0563387 0)
(8.91715e-05 0.0023905 0)
(7.71884e-05 0.00270723 0)
(1.64084e-05 0.0028399 0)
(-8.96582e-05 0.00295472 0)
(-0.000259215 0.00315525 0)
(-0.000370358 0.00332149 0)
(-0.000480876 0.00356845 0)
(-0.000504452 0.00380307 0)
(-0.000544698 0.00412884 0)
(-0.000306979 0.00435572 0)
(-0.000433949 0.00487331 0)
(0.000349504 0.00499159 0)
(-1.18526e-05 0.00569955 0)
(0.00168472 0.00558754 0)
(0.000769324 0.00648689 0)
(0.00397866 0.00544399 0)
(0.0017423 0.00549181 0)
(0.00684884 -0.00115717 0)
(0.000179428 -0.0196967 0)
(0.00328715 -0.052545 0)
(0.000132795 0.00216497 0)
(0.000178527 0.00276498 0)
(6.40449e-05 0.00300229 0)
(3.51206e-06 0.00349118 0)
(-6.91994e-05 0.00359731 0)
(-0.000160063 0.00390667 0)
(-0.000200229 0.00396149 0)
(-0.000203647 0.00415099 0)
(-0.000268765 0.00431931 0)
(1.64281e-05 0.00448347 0)
(-0.000188753 0.00484083 0)
(0.000596344 0.0050233 0)
(3.63167e-05 0.00558763 0)
(0.00179155 0.00564577 0)
(0.000238424 0.00653489 0)
(0.00400542 0.00605109 0)
(0.000274353 0.00569037 0)
(0.00674074 0.000240022 0)
(-0.000992633 -0.0168829 0)
(0.00157064 -0.0533337 0)
(0.000491163 0.00216271 0)
(0.000728747 0.00299901 0)
(0.000722146 0.00294183 0)
(0.000503026 0.00287726 0)
(0.000135281 0.00306868 0)
(-2.16845e-05 0.00308855 0)
(-0.000253683 0.0033387 0)
(-0.00016372 0.00345367 0)
(-0.000234598 0.00371059 0)
(0.000189089 0.0038726 0)
(4.75565e-05 0.00413447 0)
(0.00104147 0.00427688 0)
(0.000432117 0.00454809 0)
(0.0025919 0.00437637 0)
(0.000871417 0.00475988 0)
(0.00492243 0.00345314 0)
(0.000954721 0.00384399 0)
(0.00735555 -0.00170732 0)
(-0.00271966 -0.0151556 0)
(0.00498606 -0.0534838 0)
(0.0008198 0.000730074 0)
(0.000586716 0.00219068 0)
(5.02927e-05 0.00311384 0)
(0.000221305 0.00439359 0)
(0.000226433 0.00441958 0)
(0.000152264 0.00479408 0)
(0.000190517 0.00448754 0)
(0.000201632 0.00456925 0)
(0.000182955 0.00441494 0)
(0.000491909 0.00453628 0)
(0.000274108 0.00452438 0)
(0.00111369 0.00470176 0)
(0.000262888 0.00489964 0)
(0.00223594 0.00501388 0)
(-0.000382041 0.00555496 0)
(0.0042189 0.0056411 0)
(-0.00203595 0.00520899 0)
(0.00793919 0.00246824 0)
(-0.00351298 -0.0116246 0)
(0.00733341 -0.0508453 0)
(0.00195126 0.000877865 0)
(0.00272201 0.00464677 0)
(0.00228288 0.00347516 0)
(0.00127007 0.00251372 0)
(7.44198e-05 0.00270985 0)
(-0.000245208 0.0025033 0)
(-0.000637256 0.00279986 0)
(-0.000380116 0.00283707 0)
(-0.000374131 0.00299829 0)
(0.000160636 0.00312779 0)
(6.45999e-05 0.00325663 0)
(0.00120819 0.00346601 0)
(0.000408597 0.00341881 0)
(0.00290853 0.00372329 0)
(0.000489594 0.00310587 0)
(0.00581399 0.00292401 0)
(-0.000303444 0.00105522 0)
(0.00844696 -0.00235479 0)
(-0.00680205 -0.0141065 0)
(0.0066985 -0.0506995 0)
(0.00470555 -0.00456802 0)
(0.00295346 0.00133396 0)
(0.00178453 0.00399868 0)
(0.00250658 0.00711167 0)
(0.00219032 0.00636111 0)
(0.00142193 0.0063378 0)
(0.00118835 0.00517922 0)
(0.00112486 0.00500171 0)
(0.000992606 0.0044944 0)
(0.00136486 0.0046214 0)
(0.00105909 0.00423685 0)
(0.0019769 0.00458547 0)
(0.000917813 0.00431662 0)
(0.00302218 0.00491528 0)
(-0.000433179 0.00440715 0)
(0.00352731 0.0062562 0)
(-0.00363681 0.0052369 0)
(0.00845189 0.00784935 0)
(-0.00642467 -0.00707056 0)
(0.00785435 -0.0510426 0)
(0.00236844 -0.00645071 0)
(0.00295584 0.00984511 0)
(-0.00628682 0.00355025 0)
(-0.00435318 0.00190093 0)
(-0.00643889 0.00302652 0)
(-0.00489987 0.00243053 0)
(-0.00437932 0.00239381 0)
(-0.00367954 0.00226343 0)
(-0.00274849 0.00217756 0)
(-0.00240882 0.00218052 0)
(-0.00162171 0.00227735 0)
(-0.00096917 0.00251498 0)
(-0.00075772 0.00231095 0)
(0.000395694 0.00347988 0)
(-0.000507354 0.00273185 0)
(0.00422054 0.00428568 0)
(-0.00386241 -0.00418767 0)
(0.0108608 -0.00160929 0)
(-0.00740317 -0.0159924 0)
(0.00922847 -0.0521915 0)
(-0.00900065 -0.0126217 0)
(0.00934713 0.00869795 0)
(0.00836977 0.00940569 0)
(0.00786307 0.0089109 0)
(0.0104129 0.00676487 0)
(0.0107009 0.00576646 0)
(0.0103561 0.00433212 0)
(0.0110788 0.00431756 0)
(0.00977025 0.00368908 0)
(0.0105799 0.00435997 0)
(0.00852202 0.00364227 0)
(0.00981699 0.00429266 0)
(0.00720219 0.00378636 0)
(0.0100959 0.00553707 0)
(0.00593842 0.00150609 0)
(0.0112366 0.0102985 0)
(0.00164465 0.00102078 0)
(0.00769423 0.0105788 0)
(-0.00127843 0.000469418 0)
(0.0124282 -0.0478645 0)
(-0.0227543 -0.00417404 0)
(-0.01353 -0.00280597 0)
(-0.0233835 0.00332852 0)
(-0.0121973 0.000400291 0)
(-0.0216286 0.00078855 0)
(-0.011306 0.00180441 0)
(-0.0203341 0.000943397 0)
(-0.0112654 0.00259715 0)
(-0.0176258 0.00154576 0)
(-0.0113094 0.00283413 0)
(-0.0141261 0.00204349 0)
(-0.0104714 0.00271434 0)
(-0.0103878 0.00194816 0)
(-0.00766821 0.00254709 0)
(-0.00555484 0.00178652 0)
(-0.00827535 0.00729931 0)
(0.00746293 -0.00335564 0)
(-0.00654535 0.000317428 0)
(0.0170341 -0.0257485 0)
(0.0135846 -0.0472949 0)
(-0.000164663 0.0179905 0)
(0.0153498 0.0122194 0)
(0.0114265 0.00649958 0)
(0.0210445 0.00651873 0)
(0.0225605 0.00549904 0)
(0.0242509 0.00525843 0)
(0.0305395 0.00510577 0)
(0.0302679 0.00308207 0)
(0.0347812 0.00305518 0)
(0.0353068 0.00309545 0)
(0.0399903 0.0028343 0)
(0.039617 0.00170861 0)
(0.0444548 0.0020711 0)
(0.043022 0.00170225 0)
(0.0484208 0.00158556 0)
(0.0472662 0.000597095 0)
(0.0501646 9.07851e-05 0)
(0.0502442 0.000528265 0)
(0.0423586 -0.00497479 0)
(0.027879 -0.00663575 0)
)
;

boundaryField
{
    movingWall
    {
        type            fixedValue;
        value           uniform (1 0 0);
    }
    fixedWalls
    {
        type            noSlip;
    }
    frontAndBack
    {
        type            empty;
    }
}


// ************************************************************************* //
