/*--------------------------------*- C++ -*----------------------------------*\
| =========                 |                                                 |
| \\      /  F ield         | OpenFOAM: The Open Source CFD Toolbox           |
|  \\    /   O peration     | Version:  5.x                                   |
|   \\  /    A nd           | Web:      www.OpenFOAM.org                      |
|    \\/     M anipulation  |                                                 |
\*---------------------------------------------------------------------------*/
FoamFile
{
    version     2.0;
    format      ascii;
    class       surfaceScalarField;
    location    "0.3";
    object      phi;
}
// * * * * * * * * * * * * * * * * * * * * * * * * * * * * * * * * * * * * * //

dimensions      [0 3 -1 0 0 0 0];

internalField   nonuniform List<scalar> 
760
(
-1.23881e-09
1.23881e-09
-2.45138e-09
1.21258e-09
-3.60093e-09
1.14955e-09
-4.65864e-09
1.05771e-09
-5.59875e-09
9.40106e-10
-6.39908e-09
8.00332e-10
-7.04139e-09
6.4231e-10
-7.51147e-09
4.70079e-10
-7.79914e-09
2.87671e-10
-7.89819e-09
9.90548e-11
-7.80634e-09
-9.18558e-11
-7.52519e-09
-2.81147e-10
-7.06034e-09
-4.64851e-10
-6.42145e-09
-6.38888e-10
-5.62238e-09
-7.9907e-10
-4.68122e-09
-9.41157e-10
-3.62022e-09
-1.06101e-09
-2.46543e-09
-1.15478e-09
-1.2462e-09
-1.21924e-09
-1.2462e-09
-1.27647e-09
2.51527e-09
-2.52557e-09
2.46168e-09
-3.70918e-09
2.33315e-09
-4.79751e-09
2.14605e-09
-5.76413e-09
1.90672e-09
-6.58642e-09
1.62262e-09
-7.24593e-09
1.30182e-09
-7.72838e-09
9.52526e-10
-8.0236e-09
5.82888e-10
-8.12539e-09
2.00854e-10
-8.03147e-09
-1.85776e-10
-7.74341e-09
-5.69216e-10
-7.2667e-09
-9.41556e-10
-6.61097e-09
-1.29462e-09
-5.79009e-09
-1.61995e-09
-4.82235e-09
-1.9089e-09
-3.73041e-09
-2.15294e-09
-2.54106e-09
-2.34414e-09
-1.28462e-09
-2.47568e-09
-2.53081e-09
-1.34158e-09
3.85685e-09
-2.65369e-09
3.77379e-09
-3.89572e-09
3.57518e-09
-5.03622e-09
3.28655e-09
-6.04759e-09
2.91809e-09
-6.90662e-09
2.48166e-09
-7.59467e-09
1.98986e-09
-8.09752e-09
1.45537e-09
-8.40516e-09
8.90536e-10
-8.51157e-09
3.07257e-10
-8.41444e-09
-2.82901e-10
-8.11523e-09
-8.68431e-10
-7.61919e-09
-1.4376e-09
-6.93566e-09
-1.97815e-09
-6.07836e-09
-2.47724e-09
-5.06573e-09
-2.92153e-09
-3.92101e-09
-3.29766e-09
-2.67216e-09
-3.59298e-09
-1.35132e-09
-3.79653e-09
-3.88213e-09
-1.44226e-09
5.29911e-09
-2.85157e-09
5.1831e-09
-4.18338e-09
4.907e-09
-5.4036e-09
4.50676e-09
-6.48294e-09
3.99743e-09
-7.39741e-09
3.39613e-09
-8.12824e-09
2.7207e-09
-8.66153e-09
1.98866e-09
-8.98769e-09
1.21669e-09
-9.10098e-09
4.20555e-10
-8.9992e-09
-3.84681e-10
-8.68355e-09
-1.18409e-09
-8.15879e-09
-1.96235e-09
-7.43369e-09
-2.70326e-09
-6.52152e-09
-3.38941e-09
-5.44073e-09
-4.00233e-09
-4.2153e-09
-4.52308e-09
-2.87496e-09
-4.93333e-09
-1.4546e-09
-5.21688e-09
-5.33673e-09
-1.5824e-09
6.88151e-09
-3.12656e-09
6.72726e-09
-4.58215e-09
6.36258e-09
-5.91133e-09
5.83595e-09
-7.08268e-09
5.16878e-09
-8.07143e-09
4.38488e-09
-8.85906e-09
3.50832e-09
-9.43243e-09
2.56203e-09
-9.78288e-09
1.56713e-09
-9.9053e-09
5.42978e-10
-9.79765e-09
-4.92333e-10
-9.46073e-09
-1.52101e-09
-8.89843e-09
-2.52465e-09
-8.11837e-09
-3.48332e-09
-7.13282e-09
-4.37495e-09
-5.9598e-09
-5.17535e-09
-4.624e-09
-5.85888e-09
-3.15733e-09
-6.4e-09
-1.59868e-09
-6.77553e-09
-6.93541e-09
-1.76783e-09
8.64934e-09
-3.48955e-09
8.44898e-09
-5.10661e-09
7.97965e-09
-6.57622e-09
7.30556e-09
-7.86445e-09
6.45701e-09
-8.94615e-09
5.46658e-09
-9.80382e-09
4.366e-09
-1.04261e-08
3.18429e-09
-1.0806e-08
1.94702e-09
-1.09396e-08
6.76602e-10
-1.08252e-08
-6.06683e-10
-1.04631e-08
-1.88316e-09
-9.85551e-09
-3.13223e-09
-9.00807e-09
-4.33076e-09
-7.93098e-09
-5.45204e-09
-6.64093e-09
-6.46541e-09
-5.16281e-09
-7.337e-09
-3.53107e-09
-8.03174e-09
-1.78987e-09
-8.51673e-09
-8.72528e-09
-2.0071e-09
1.06564e-08
-3.95627e-09
1.03981e-08
-5.77749e-09
9.80087e-09
-7.42155e-09
8.94962e-09
-8.85203e-09
7.88749e-09
-1.00444e-08
6.65894e-09
-1.09837e-08
5.30534e-09
-1.1662e-08
3.86254e-09
-1.20753e-08
2.36032e-09
-1.22219e-08
8.23166e-10
-1.21006e-08
-7.27929e-10
-1.17107e-08
-2.27302e-09
-1.10522e-08
-3.7908e-09
-1.01269e-08
-5.25602e-09
-8.94134e-09
-6.6376e-09
-7.5091e-09
-7.89765e-09
-5.85413e-09
-8.99198e-09
-4.01327e-09
-9.87259e-09
-2.03751e-09
-1.04925e-08
-1.07628e-08
-2.31276e-09
1.29692e-08
-4.54944e-09
1.26348e-08
-6.62394e-09
1.18754e-08
-8.47912e-09
1.08048e-08
-1.00768e-08
9.48515e-09
-1.13951e-08
7.9773e-09
-1.24245e-08
6.33474e-09
-1.31629e-08
4.60088e-09
-1.36115e-08
2.80895e-09
-1.37721e-08
9.83777e-10
-1.36447e-08
-8.55296e-10
-1.32271e-08
-2.69063e-09
-1.25153e-08
-4.50264e-09
-1.15055e-08
-6.26585e-09
-1.01974e-08
-7.94569e-09
-8.59858e-09
-9.49644e-09
-6.7296e-09
-1.0861e-08
-4.62876e-09
-1.19734e-08
-2.35536e-09
-1.27659e-08
-1.31182e-08
-2.70362e-09
1.56728e-08
-5.30222e-09
1.52334e-08
-7.68722e-09
1.42604e-08
-9.79227e-09
1.29098e-08
-1.15796e-08
1.12725e-08
-1.30343e-08
9.43194e-09
-1.41563e-08
7.45677e-09
-1.49537e-08
5.39823e-09
-1.54361e-08
3.29136e-09
-1.56107e-08
1.15842e-09
-1.54795e-08
-9.86543e-10
-1.5038e-08
-3.13213e-09
-1.42763e-08
-5.26427e-09
-1.31817e-08
-7.36044e-09
-1.17429e-08
-9.38459e-09
-9.95619e-09
-1.12831e-08
-7.83422e-09
-1.29829e-08
-5.414e-09
-1.43937e-08
-2.76426e-09
-1.54156e-08
-1.58824e-08
-3.20878e-09
1.88816e-08
-6.26408e-09
1.82887e-08
-9.02642e-09
1.70227e-08
-1.14204e-08
1.53038e-08
-1.34138e-08
1.32659e-08
-1.50056e-08
1.10238e-08
-1.6213e-08
8.66409e-09
-1.70599e-08
6.24515e-09
-1.7569e-08
3.80052e-09
-1.77558e-08
1.34523e-09
-1.76251e-08
-1.1173e-09
-1.71694e-08
-3.58777e-09
-1.63706e-08
-6.06316e-09
-1.52019e-08
-8.5291e-09
-1.36346e-08
-1.09519e-08
-1.16461e-08
-1.32715e-08
-9.2327e-09
-1.53964e-08
-6.42375e-09
-1.72026e-08
-3.29676e-09
-1.85426e-08
-1.91792e-08
-3.87523e-09
2.27568e-08
-7.51067e-09
2.19242e-08
-1.07275e-08
2.02396e-08
-1.34452e-08
1.80215e-08
-1.5648e-08
1.54688e-08
-1.73614e-08
1.27372e-08
-1.86307e-08
9.9333e-09
-1.95047e-08
7.11916e-09
-2.00251e-08
4.32099e-09
-2.02193e-08
1.53944e-09
-2.00963e-08
-1.24034e-09
-1.9645e-08
-4.03907e-09
-1.88352e-08
-6.87295e-09
-1.76207e-08
-9.74363e-09
-1.59459e-08
-1.26267e-08
-1.3757e-08
-1.54604e-08
-1.10196e-08
-1.81338e-08
-7.74241e-09
-2.04798e-08
-4.00601e-09
-2.2279e-08
-2.31852e-08
-4.78257e-09
2.75394e-08
-9.16085e-09
2.63025e-08
-1.29177e-08
2.39964e-08
-1.598e-08
2.10838e-08
-1.83707e-08
1.78594e-08
-2.01623e-08
1.45288e-08
-2.14446e-08
1.12157e-08
-2.23039e-08
7.97843e-09
-2.28084e-08
4.82552e-09
-2.30012e-08
1.7322e-09
-2.28967e-08
-1.3448e-09
-2.24798e-08
-4.45596e-09
-2.17055e-08
-7.64726e-09
-2.05007e-08
-1.09485e-08
-1.87702e-08
-1.43572e-08
-1.64113e-08
-1.78193e-08
-1.33352e-08
-2.12099e-08
-9.50355e-09
-2.43115e-08
-4.98334e-09
-2.67992e-08
-2.81685e-08
-6.07279e-09
3.36122e-08
-1.14062e-08
3.16358e-08
-1.5787e-08
2.83773e-08
-1.91818e-08
2.44785e-08
-2.1693e-08
2.03706e-08
-2.3473e-08
1.63088e-08
-2.46824e-08
1.24251e-08
-2.54593e-08
8.75526e-09
-2.59052e-08
5.27146e-09
-2.60821e-08
1.90908e-09
-2.60113e-08
-1.41555e-09
-2.56735e-08
-4.79374e-09
-2.50071e-08
-8.31371e-09
-2.39065e-08
-1.2049e-08
-2.22236e-08
-1.60402e-08
-1.9778e-08
-2.02649e-08
-1.63897e-08
-2.45982e-08
-1.19241e-08
-2.87771e-08
-6.39411e-09
-3.23292e-08
-3.45626e-08
-8.01205e-09
4.16242e-08
-1.45627e-08
3.81865e-08
-1.96223e-08
3.34369e-08
-2.32651e-08
2.81213e-08
-2.57455e-08
2.28511e-08
-2.73547e-08
1.7918e-08
-2.83549e-08
1.34252e-08
-2.89481e-08
9.34848e-09
-2.92736e-08
5.59702e-09
-2.94132e-08
2.04863e-09
-2.93957e-08
-1.43307e-09
-2.91987e-08
-4.9907e-09
-2.87452e-08
-8.76724e-09
-2.78954e-08
-1.28988e-08
-2.64378e-08
-1.74978e-08
-2.40853e-08
-2.26173e-08
-2.04998e-08
-2.81837e-08
-1.53643e-08
-3.39125e-08
-8.55248e-09
-3.9141e-08
-4.31151e-08
-1.11139e-08
5.27382e-08
-1.91611e-08
4.62336e-08
-2.48542e-08
3.913e-08
-2.85064e-08
3.17736e-08
-3.06686e-08
2.50132e-08
-3.18493e-08
1.90987e-08
-3.24389e-08
1.40149e-08
-3.27086e-08
9.6182e-09
-3.28315e-08
5.71992e-09
-3.29046e-08
2.12171e-09
-3.2963e-08
-1.37465e-09
-3.29848e-08
-4.96889e-09
-3.28847e-08
-8.86732e-09
-3.24969e-08
-1.32866e-08
-3.15469e-08
-1.84478e-08
-2.96191e-08
-2.45451e-08
-2.61393e-08
-3.16635e-08
-2.04328e-08
-3.9619e-08
-1.20809e-08
-4.7493e-08
-5.5196e-08
-1.65276e-08
6.92657e-08
-2.61216e-08
5.58276e-08
-3.21053e-08
4.51137e-08
-3.52336e-08
3.49019e-08
-3.65824e-08
2.63621e-08
-3.69458e-08
1.9462e-08
-3.68508e-08
1.39199e-08
-3.66217e-08
9.38904e-09
-3.64451e-08
5.54334e-09
-3.6417e-08
2.09362e-09
-3.65733e-08
-1.2183e-09
-3.68993e-08
-4.64291e-09
-3.73211e-08
-8.44556e-09
-3.76735e-08
-1.29341e-08
-3.76465e-08
-1.84749e-08
-3.67033e-08
-2.54883e-08
-3.39757e-08
-3.43912e-08
-2.81641e-08
-4.54305e-08
-1.83026e-08
-5.73545e-08
-7.34986e-08
-2.56077e-08
9.48734e-08
-3.67334e-08
6.69533e-08
-4.21556e-08
5.05359e-08
-4.37645e-08
3.65107e-08
-4.35113e-08
2.6109e-08
-4.25207e-08
1.84713e-08
-4.14118e-08
1.2811e-08
-4.04971e-08
8.47435e-09
-3.9923e-08
4.9693e-09
-3.97569e-08
1.92745e-09
-4.00274e-08
-9.4776e-10
-4.07346e-08
-3.93576e-09
-4.18443e-08
-7.33582e-09
-4.32521e-08
-1.15264e-08
-4.4698e-08
-1.70289e-08
-4.56092e-08
-2.45772e-08
-4.48497e-08
-3.51507e-08
-4.01013e-08
-5.0179e-08
-2.96184e-08
-6.78373e-08
-1.03117e-07
-4.89195e-08
1.43793e-07
-5.48915e-08
7.29253e-08
-5.62441e-08
5.18885e-08
-5.43148e-08
3.45814e-08
-5.1253e-08
2.30472e-08
-4.82632e-08
1.54816e-08
-4.58148e-08
1.03626e-08
-4.40527e-08
6.71232e-09
-4.30053e-08
3.92189e-09
-4.26694e-08
1.59148e-09
-4.30572e-08
-5.59948e-10
-4.41889e-08
-2.80408e-09
-4.61099e-08
-5.41475e-09
-4.88557e-08
-8.7806e-09
-5.23792e-08
-1.35054e-08
-5.63809e-08
-2.05755e-08
-6.00358e-08
-3.14957e-08
-5.99334e-08
-5.02814e-08
-5.4739e-08
-7.30317e-08
-1.57856e-07
-7.82084e-08
2.22001e-07
-7.89198e-08
7.36367e-08
-7.46471e-08
4.76158e-08
-6.65554e-08
2.64897e-08
-5.90273e-08
1.5519e-08
-5.31834e-08
9.6377e-09
-4.89631e-08
6.14231e-09
-4.61275e-08
3.87668e-09
-4.44647e-08
2.25914e-09
-4.38412e-08
9.67931e-10
-4.4205e-08
-1.96154e-10
-4.55988e-08
-1.41026e-09
-4.81458e-08
-2.86775e-09
-5.20419e-08
-4.88448e-09
-5.74896e-08
-8.05769e-09
-6.43677e-08
-1.36974e-08
-7.1758e-08
-2.41055e-08
-7.44135e-08
-4.76258e-08
-7.07179e-08
-7.67273e-08
-2.28574e-07
2.22001e-07
2.95638e-07
3.43254e-07
3.69744e-07
3.85263e-07
3.949e-07
4.01043e-07
4.04919e-07
4.07178e-07
4.08146e-07
4.0795e-07
4.0654e-07
4.03672e-07
3.98788e-07
3.9073e-07
3.77033e-07
3.52927e-07
3.05301e-07
2.28574e-07
)
;

boundaryField
{
    movingWall
    {
        type            calculated;
        value           uniform 0;
    }
    fixedWalls
    {
        type            calculated;
        value           uniform 0;
    }
    frontAndBack
    {
        type            empty;
        value           nonuniform 0();
    }
}


// ************************************************************************* //
