/*--------------------------------*- C++ -*----------------------------------*\
| =========                 |                                                 |
| \\      /  F ield         | OpenFOAM: The Open Source CFD Toolbox           |
|  \\    /   O peration     | Version:  5.x                                   |
|   \\  /    A nd           | Web:      www.OpenFOAM.org                      |
|    \\/     M anipulation  |                                                 |
\*---------------------------------------------------------------------------*/
FoamFile
{
    version     2.0;
    format      ascii;
    class       volScalarField;
    location    "10.9";
    object      p;
}
// * * * * * * * * * * * * * * * * * * * * * * * * * * * * * * * * * * * * * //

dimensions      [0 2 -2 0 0 0 0];

internalField   nonuniform List<scalar> 
400
(
7.35377e-09
-0.000503022
-0.000838356
-0.00103725
-0.00114845
-0.00118836
-0.00119138
-0.00120984
-0.00121248
-0.00120653
-0.00120345
-0.00119943
-0.00120231
-0.00118019
-0.00116012
-0.00111881
-0.00100013
-0.000757404
-0.000576223
0.000346576
-0.000602782
-0.00088263
-0.00106028
-0.00112829
-0.00118738
-0.00120649
-0.00120029
-0.0012115
-0.00122325
-0.00121232
-0.00120187
-0.00119975
-0.00121671
-0.00118128
-0.00117115
-0.00116211
-0.00115604
-0.00107797
-0.00102421
-0.000385614
-0.000838028
-0.00108063
-0.0011452
-0.00117032
-0.00119589
-0.0012052
-0.00120615
-0.00120916
-0.00121759
-0.00120324
-0.00121603
-0.00119662
-0.00121333
-0.00118789
-0.00118738
-0.00117045
-0.00118064
-0.00114383
-0.00106967
-0.000809209
-0.00101187
-0.00113287
-0.0011478
-0.00116694
-0.0011858
-0.00120066
-0.00120836
-0.00121048
-0.00121675
-0.00120871
-0.00120873
-0.00119697
-0.00120063
-0.00118039
-0.00118826
-0.00116618
-0.00117799
-0.00117173
-0.00121899
-0.00106295
-0.00108195
-0.00112949
-0.00113312
-0.00116464
-0.00118532
-0.00120225
-0.00121263
-0.00121228
-0.00121961
-0.00120672
-0.00121596
-0.00119631
-0.00121009
-0.00118842
-0.00120233
-0.00119091
-0.001203
-0.00119166
-0.00117875
-0.00112148
-0.00112625
-0.00115384
-0.00114192
-0.00117604
-0.00120063
-0.00121724
-0.00122742
-0.00122337
-0.0012265
-0.00121315
-0.00121298
-0.00119781
-0.00119827
-0.00118237
-0.00118663
-0.0011706
-0.00118968
-0.00115844
-0.00119129
-0.00116068
-0.00112067
-0.00112027
-0.00114143
-0.00119415
-0.00122693
-0.00124543
-0.00124716
-0.00123936
-0.00123817
-0.00122061
-0.00122218
-0.00120299
-0.00121125
-0.00119113
-0.00120677
-0.0011892
-0.00120761
-0.00119091
-0.00121564
-0.00116657
-0.00118936
-0.00120475
-0.00123529
-0.00128135
-0.0013067
-0.00131187
-0.00129178
-0.00126747
-0.00125326
-0.00122884
-0.00122047
-0.00120062
-0.0011989
-0.00118143
-0.0011881
-0.00116821
-0.0011857
-0.0011556
-0.00117015
-0.00117004
-0.00126758
-0.00128748
-0.0013262
-0.00139762
-0.00143663
-0.00141586
-0.00136094
-0.00130959
-0.00127748
-0.00124624
-0.00123323
-0.00120964
-0.0012124
-0.00118495
-0.00120474
-0.00117797
-0.00120357
-0.00117989
-0.00121976
-0.00117053
-0.00134049
-0.00141069
-0.00153259
-0.00165707
-0.00169139
-0.00163819
-0.00148737
-0.00136249
-0.00129439
-0.00124474
-0.00122761
-0.00119667
-0.00119613
-0.00117247
-0.00118547
-0.00116067
-0.00117698
-0.00114331
-0.00115983
-0.00115562
-0.00145615
-0.00158027
-0.00173463
-0.00189392
-0.00196226
-0.00189941
-0.00166763
-0.00144701
-0.00133211
-0.0012646
-0.00124132
-0.00120628
-0.00121287
-0.00117774
-0.00118764
-0.0011569
-0.00120054
-0.00115351
-0.0012102
-0.00114449
-0.00144006
-0.00158366
-0.00180323
-0.00200307
-0.0021614
-0.00208703
-0.001739
-0.00145646
-0.00132267
-0.00124101
-0.00121963
-0.00118041
-0.00118012
-0.001163
-0.0011707
-0.00112926
-0.00116321
-0.00112329
-0.00113784
-0.00111274
-0.00126013
-0.00147101
-0.00172584
-0.00196345
-0.00212266
-0.0020301
-0.00170832
-0.00143136
-0.00122219
-0.001181
-0.00117571
-0.0011828
-0.00119853
-0.00118217
-0.00119689
-0.00111305
-0.00117482
-0.0011378
-0.00117085
-0.00112396
-0.000929041
-0.00117985
-0.00149401
-0.00171975
-0.0018648
-0.00176936
-0.00150418
-0.00133435
-0.00130639
-0.00129571
-0.00123171
-0.00120473
-0.00118001
-0.00114737
-0.00110615
-0.00107809
-0.00114564
-0.00107979
-0.00115484
-0.00112832
-0.000664004
-0.000963909
-0.00119818
-0.00138718
-0.00146217
-0.00139973
-0.00126946
-0.00120592
-0.00126294
-0.00121165
-0.00120009
-0.00124132
-0.00114092
-0.00124454
-0.00112974
-0.00117732
-0.00122243
-0.00115118
-0.00128048
-0.00115215
-0.000787543
-0.000995957
-0.00109216
-0.0011447
-0.00115205
-0.0011503
-0.00116296
-0.00115406
-0.00115195
-0.00112059
-0.00110608
-0.00109993
-0.00109465
-0.00110265
-0.00109178
-0.00104936
-0.00109089
-0.0011344
-0.00111812
-0.00109225
-0.00093889
-0.00107008
-0.00111462
-0.00109686
-0.00105791
-0.00104982
-0.00107742
-0.00108
-0.00114641
-0.0011134
-0.0011491
-0.00115584
-0.00112529
-0.00119952
-0.00112414
-0.00119986
-0.00133986
-0.00109768
-0.00124295
-0.000993983
-0.000968672
-0.00113411
-0.00105331
-0.0010611
-0.00105906
-0.00107302
-0.00110087
-0.00111396
-0.0011216
-0.00111571
-0.00112612
-0.00109253
-0.00110701
-0.00111495
-0.00110109
-0.00125579
-0.00118068
-0.000934878
-0.000989591
-0.000752196
-0.000926973
-0.00106535
-0.00106981
-0.0010573
-0.00101852
-0.001009
-0.00104871
-0.00106685
-0.00110325
-0.00111498
-0.00113214
-0.00111098
-0.00117431
-0.00108756
-0.00118922
-0.00117995
-0.00106109
-0.00128671
-0.000971906
-0.000551853
-0.00108573
-0.00103731
-0.000971064
-0.00104713
-0.00102962
-0.0010503
-0.00107138
-0.00108756
-0.0010941
-0.00109895
-0.00109662
-0.00109193
-0.00108064
-0.0010716
-0.00111392
-0.00115243
-0.00107961
-0.000824958
-0.000390967
0.000947945
)
;

boundaryField
{
    movingWall
    {
        type            zeroGradient;
    }
    fixedWalls
    {
        type            zeroGradient;
    }
    frontAndBack
    {
        type            empty;
    }
}


// ************************************************************************* //
