/*--------------------------------*- C++ -*----------------------------------*\
| =========                 |                                                 |
| \\      /  F ield         | OpenFOAM: The Open Source CFD Toolbox           |
|  \\    /   O peration     | Version:  5.x                                   |
|   \\  /    A nd           | Web:      www.OpenFOAM.org                      |
|    \\/     M anipulation  |                                                 |
\*---------------------------------------------------------------------------*/
FoamFile
{
    version     2.0;
    format      ascii;
    class       volScalarField;
    location    "6.8";
    object      p;
}
// * * * * * * * * * * * * * * * * * * * * * * * * * * * * * * * * * * * * * //

dimensions      [0 2 -2 0 0 0 0];

internalField   nonuniform List<scalar> 
400
(
-3.63144e-12
2.15676e-05
3.08168e-05
-8.7922e-05
-0.000352756
-0.000629553
-0.000879733
-0.0011113
-0.00117084
-0.00112209
-0.00109797
-0.00096753
-0.000725929
-0.000541561
-0.000482218
-0.000423816
-0.000330961
-0.000158111
0.000101902
0.000816066
-0.000107345
-0.000114219
-0.000150624
-0.000288583
-0.000475842
-0.000620274
-0.00085555
-0.00120285
-0.00134024
-0.00124954
-0.00120358
-0.00107385
-0.000790968
-0.000561632
-0.000503686
-0.000472019
-0.000455876
-0.000386099
-0.000283607
0.00020265
-0.00020942
-0.00022542
-0.00026906
-0.00036672
-0.000526672
-0.000730678
-0.00105125
-0.00125103
-0.00128803
-0.0012258
-0.00114835
-0.000989529
-0.000782001
-0.000605724
-0.000538817
-0.000498922
-0.000498847
-0.000462378
-0.000447797
-0.000206186
-0.000298794
-0.000316858
-0.000357308
-0.000435291
-0.000554784
-0.000708177
-0.000875845
-0.00100782
-0.00108149
-0.00108571
-0.0010275
-0.000913445
-0.000777687
-0.000638751
-0.000589084
-0.000533631
-0.000541864
-0.000504813
-0.000535633
-0.000414994
-0.000369036
-0.000385926
-0.000422282
-0.000483129
-0.000568812
-0.000672332
-0.000781936
-0.000878587
-0.000938491
-0.00094351
-0.000900144
-0.000822756
-0.000738303
-0.000642506
-0.000617218
-0.00055658
-0.000577193
-0.00052134
-0.000553192
-0.000475095
-0.000422231
-0.00043682
-0.000466837
-0.000513111
-0.000574257
-0.000645343
-0.000718828
-0.000781139
-0.00081888
-0.000821187
-0.000801111
-0.000757433
-0.000710755
-0.000643423
-0.000630004
-0.000569375
-0.000595011
-0.000534504
-0.000586371
-0.000530564
-0.000461397
-0.000473534
-0.000497648
-0.000532981
-0.000577556
-0.000627622
-0.000677882
-0.000720278
-0.000749106
-0.000757656
-0.000749995
-0.00071884
-0.000691957
-0.000642175
-0.000640803
-0.000585157
-0.000618206
-0.00055262
-0.000618401
-0.000549389
-0.000489545
-0.000499878
-0.000519335
-0.00054659
-0.000579827
-0.000615812
-0.000651299
-0.000680505
-0.000701247
-0.000707585
-0.000703911
-0.000680898
-0.000670927
-0.000629637
-0.000637723
-0.000583194
-0.000620569
-0.000552324
-0.000615383
-0.000542322
-0.000508852
-0.000518184
-0.000534766
-0.000556785
-0.000582351
-0.000609201
-0.000635188
-0.000656856
-0.000672955
-0.00067997
-0.000681375
-0.000670648
-0.00066558
-0.000634561
-0.000644966
-0.000600774
-0.000633265
-0.000574375
-0.000622195
-0.000570303
-0.000521241
-0.000531511
-0.000546499
-0.000564731
-0.000584584
-0.000604249
-0.00062329
-0.00063848
-0.00065037
-0.000653517
-0.00065636
-0.00064138
-0.000646317
-0.000615697
-0.000636014
-0.000589625
-0.00063334
-0.000575837
-0.000644724
-0.000593586
-0.000527064
-0.000539382
-0.000554843
-0.000571477
-0.00058814
-0.000604395
-0.00061921
-0.000631403
-0.00064088
-0.000645441
-0.000649602
-0.00064477
-0.000648521
-0.000632218
-0.000644764
-0.000616203
-0.000646135
-0.00060427
-0.000673715
-0.000619216
-0.00052848
-0.000550088
-0.000564083
-0.000579636
-0.000591541
-0.000601627
-0.0006124
-0.000619229
-0.000626568
-0.000626841
-0.000631424
-0.000621092
-0.00062911
-0.000606939
-0.00062738
-0.000593806
-0.000637639
-0.000591522
-0.000644119
-0.000599738
-0.00052229
-0.000553964
-0.00057128
-0.000584865
-0.000597807
-0.000609594
-0.000617423
-0.000623891
-0.000628202
-0.000631256
-0.000634381
-0.000632958
-0.000638131
-0.000629974
-0.000644458
-0.000623983
-0.00064298
-0.000602366
-0.00066785
-0.000585138
-0.000547422
-0.000607212
-0.000585165
-0.000602392
-0.000604851
-0.000607643
-0.000610489
-0.000610449
-0.000614865
-0.000613221
-0.000617109
-0.000610566
-0.000615371
-0.000602234
-0.000604886
-0.000592619
-0.000627867
-0.000588579
-0.000629443
-0.000599059
-0.000609861
-0.000689416
-0.000607761
-0.000615938
-0.000622535
-0.000622975
-0.000617505
-0.000622689
-0.000619864
-0.000626465
-0.000623517
-0.000631988
-0.000626085
-0.00063236
-0.000647182
-0.000636329
-0.000663356
-0.000600355
-0.000659396
-0.000579361
-0.00073569
-0.00071229
-0.000634544
-0.000645243
-0.000629073
-0.000612855
-0.000611339
-0.000608791
-0.000612443
-0.00060717
-0.000612535
-0.000607315
-0.000616214
-0.000617883
-0.000595055
-0.000577106
-0.000577373
-0.000588623
-0.000599041
-0.00056683
-0.000513661
-0.000635742
-0.000642412
-0.000592756
-0.000617748
-0.000598871
-0.000602357
-0.000610947
-0.000610632
-0.000622314
-0.000622137
-0.0006296
-0.000620742
-0.000655933
-0.000618437
-0.000648307
-0.0007126
-0.000602492
-0.000700397
-0.000509623
-0.000535617
-0.000736923
-0.000642076
-0.000595954
-0.00061435
-0.000588666
-0.000601322
-0.000594138
-0.000609613
-0.000605906
-0.0006093
-0.000610244
-0.000612642
-0.000615
-0.00061227
-0.00069687
-0.000615372
-0.000502223
-0.000473732
-0.000292192
-0.00048751
-0.000634136
-0.000655768
-0.000628298
-0.000597583
-0.00058668
-0.000588149
-0.000591637
-0.000607844
-0.00060194
-0.000625484
-0.000593604
-0.00066159
-0.000589787
-0.000634438
-0.00069765
-0.000572107
-0.000705634
-0.000566893
-0.000106331
-0.000650081
-0.000606218
-0.000556412
-0.000624009
-0.000582604
-0.000578831
-0.000583018
-0.000589968
-0.000589149
-0.00059102
-0.000590453
-0.000580641
-0.000569211
-0.000563014
-0.000600745
-0.000617677
-0.000577281
-0.000340193
5.48993e-05
0.00133568
)
;

boundaryField
{
    movingWall
    {
        type            zeroGradient;
    }
    fixedWalls
    {
        type            zeroGradient;
    }
    frontAndBack
    {
        type            empty;
    }
}


// ************************************************************************* //
