/*--------------------------------*- C++ -*----------------------------------*\
| =========                 |                                                 |
| \\      /  F ield         | OpenFOAM: The Open Source CFD Toolbox           |
|  \\    /   O peration     | Version:  5.x                                   |
|   \\  /    A nd           | Web:      www.OpenFOAM.org                      |
|    \\/     M anipulation  |                                                 |
\*---------------------------------------------------------------------------*/
FoamFile
{
    version     2.0;
    format      ascii;
    class       surfaceScalarField;
    location    "6.8";
    object      phi;
}
// * * * * * * * * * * * * * * * * * * * * * * * * * * * * * * * * * * * * * //

dimensions      [0 3 -1 0 0 0 0];

internalField   nonuniform List<scalar> 
760
(
-2.83776e-07
2.83776e-07
-6.61762e-07
3.77986e-07
-1.21759e-06
5.55831e-07
-1.85925e-06
6.41658e-07
-2.27711e-06
4.17857e-07
-2.51073e-06
2.33622e-07
-2.84087e-06
3.30136e-07
-3.10412e-06
2.63251e-07
-3.03504e-06
-6.9072e-08
-3.0086e-06
-2.64405e-08
-3.06967e-06
6.10635e-08
-2.82826e-06
-2.41407e-07
-2.47314e-06
-3.55118e-07
-2.31055e-06
-1.62593e-07
-2.25812e-06
-5.24309e-08
-2.14714e-06
-1.10982e-07
-2.01778e-06
-1.29356e-07
-1.74927e-06
-2.68513e-07
-1.22038e-06
-5.28886e-07
-1.22038e-06
-1.39339e-07
4.23115e-07
-2.65848e-07
5.04495e-07
-3.63852e-07
6.53835e-07
-5.39196e-07
8.17003e-07
-1.00052e-06
8.79181e-07
-1.60131e-06
8.34411e-07
-1.91896e-06
6.47783e-07
-2.02098e-06
3.65277e-07
-2.17835e-06
8.82944e-08
-2.1377e-06
-6.70913e-08
-1.84898e-06
-2.27657e-07
-1.65766e-06
-4.32727e-07
-1.54054e-06
-4.72235e-07
-1.32212e-06
-3.81015e-07
-1.1308e-06
-2.43747e-07
-1.04251e-06
-1.99278e-07
-1.05339e-06
-1.18469e-07
-1.00227e-06
-3.1964e-07
-7.71293e-07
-7.59859e-07
-1.99167e-06
-6.18056e-08
4.84921e-07
-1.00642e-07
5.43331e-07
-8.63263e-08
6.3952e-07
-3.12978e-08
7.61974e-07
-4.01429e-09
8.51898e-07
-1.76499e-08
8.48046e-07
-9.31262e-08
7.23259e-07
-2.32699e-07
5.0485e-07
-3.65681e-07
2.21276e-07
-4.10844e-07
-2.19283e-08
-3.98237e-07
-2.40263e-07
-4.17459e-07
-4.13506e-07
-4.26019e-07
-4.63674e-07
-3.82369e-07
-4.24666e-07
-3.29923e-07
-2.96194e-07
-2.72863e-07
-2.56338e-07
-2.46766e-07
-1.44565e-07
-2.66043e-07
-3.00364e-07
-3.07682e-07
-7.1822e-07
-2.29936e-06
-1.29836e-08
4.97904e-07
-9.20549e-09
5.39553e-07
3.45902e-08
5.95724e-07
1.30949e-07
6.65615e-07
2.64925e-07
7.17921e-07
3.97025e-07
7.15946e-07
4.80269e-07
6.40015e-07
5.04821e-07
4.80299e-07
4.76477e-07
2.4962e-07
4.32089e-07
2.24593e-08
3.55804e-07
-1.63978e-07
2.4797e-07
-3.05672e-07
1.27301e-07
-3.43005e-07
3.54137e-08
-3.32778e-07
-3.12467e-08
-2.29533e-07
-6.42635e-08
-2.23321e-07
-5.7386e-08
-1.51443e-07
-7.66746e-08
-2.81075e-07
-1.19812e-07
-6.75083e-07
-2.41917e-06
1.60806e-08
4.81824e-07
4.27357e-08
5.12898e-07
9.49152e-08
5.43545e-07
1.82979e-07
5.77552e-07
3.03032e-07
5.97868e-07
4.34134e-07
5.84844e-07
5.49877e-07
5.24272e-07
6.2344e-07
4.06735e-07
6.28706e-07
2.44354e-07
5.75915e-07
7.52502e-08
4.71441e-07
-5.95038e-08
3.45288e-07
-1.79519e-07
2.06035e-07
-2.03752e-07
1.151e-07
-2.41843e-07
5.44825e-08
-1.68916e-07
3.12918e-08
-2.00131e-07
1.33679e-08
-1.33519e-07
-9.3681e-10
-2.6677e-07
-3.07489e-08
-6.45271e-07
-2.44992e-06
3.2063e-08
4.49761e-07
7.00134e-08
4.74947e-07
1.22885e-07
4.90673e-07
1.95787e-07
5.04649e-07
2.8654e-07
5.07115e-07
3.85249e-07
4.86135e-07
4.74276e-07
4.35245e-07
5.32175e-07
3.48836e-07
5.37141e-07
2.39388e-07
5.00996e-07
1.11395e-07
4.28602e-07
1.28901e-08
3.41822e-07
-9.27389e-08
2.36937e-07
-9.88674e-08
1.64577e-07
-1.69483e-07
9.10857e-08
-9.54246e-08
5.30483e-08
-1.62093e-07
1.17014e-08
-9.21718e-08
-8.51984e-09
-2.46549e-07
-4.39189e-08
-6.09872e-07
-2.49384e-06
4.09397e-08
4.08821e-07
8.41822e-08
4.31705e-07
1.34655e-07
4.40201e-07
1.94089e-07
4.45215e-07
2.61516e-07
4.39688e-07
3.30486e-07
4.17165e-07
3.91154e-07
3.74578e-07
4.33354e-07
3.06636e-07
4.42924e-07
2.29818e-07
4.25125e-07
1.29194e-07
3.70471e-07
6.75448e-08
3.0866e-07
-3.09281e-08
2.29723e-07
-1.99307e-08
1.71466e-07
-1.11226e-07
1.10504e-07
-3.44628e-08
7.23781e-08
-1.23968e-07
2.80098e-08
-4.78035e-08
-3.80757e-09
-2.14732e-07
-1.10725e-08
-6.02607e-07
-2.50491e-06
4.59375e-08
3.62884e-07
8.90411e-08
3.88601e-07
1.3401e-07
3.95232e-07
1.82843e-07
3.96382e-07
2.3347e-07
3.89061e-07
2.83589e-07
3.67046e-07
3.24728e-07
3.33439e-07
3.52662e-07
2.78702e-07
3.56696e-07
2.25785e-07
3.41588e-07
1.44302e-07
2.99148e-07
1.09985e-07
2.56157e-07
1.20624e-08
1.96568e-07
3.96591e-08
1.49177e-07
-6.38356e-08
9.53954e-08
1.93191e-08
5.64398e-08
-8.50122e-08
1.52898e-08
-6.6535e-09
-1.79992e-08
-1.81443e-07
5.63871e-09
-6.26245e-07
-2.49927e-06
5.13269e-08
3.11557e-07
9.8298e-08
3.4163e-07
1.4097e-07
3.5256e-07
1.79065e-07
3.58287e-07
2.15553e-07
3.52573e-07
2.47691e-07
3.34908e-07
2.74201e-07
3.06929e-07
2.92056e-07
2.60846e-07
2.95474e-07
2.22367e-07
2.89168e-07
1.50608e-07
2.66351e-07
1.32802e-07
2.35418e-07
4.29952e-08
1.96757e-07
7.83205e-08
1.55995e-07
-2.30735e-08
1.1352e-07
6.17934e-08
6.43634e-08
-3.58552e-08
1.9422e-08
3.82879e-08
-3.39525e-08
-1.28068e-07
-3.61853e-08
-6.24012e-07
-2.53546e-06
6.01218e-08
2.51435e-07
9.65176e-08
3.05234e-07
1.26317e-07
3.22761e-07
1.56628e-07
3.27976e-07
1.84633e-07
3.24568e-07
2.13634e-07
3.05907e-07
2.33895e-07
2.86668e-07
2.46413e-07
2.48328e-07
2.45856e-07
2.22923e-07
2.34023e-07
1.62441e-07
2.11234e-07
1.55591e-07
1.78689e-07
7.55394e-08
1.4693e-07
1.1008e-07
1.09154e-07
1.47022e-08
7.94709e-08
9.14765e-08
5.08955e-08
-7.27983e-09
1.60578e-08
7.31256e-08
-2.92049e-08
-8.28054e-08
-3.0728e-08
-6.22489e-07
-2.56618e-06
7.52716e-08
1.76163e-07
1.33932e-07
2.46574e-07
1.70052e-07
2.8664e-07
1.83525e-07
3.14503e-07
1.93383e-07
3.14709e-07
1.95464e-07
3.03826e-07
2.00191e-07
2.81941e-07
2.02548e-07
2.45972e-07
2.04775e-07
2.20697e-07
1.99845e-07
1.67372e-07
1.95205e-07
1.6023e-07
1.80101e-07
9.06441e-08
1.7002e-07
1.20161e-07
1.45185e-07
3.95374e-08
1.21066e-07
1.15596e-07
6.88668e-08
4.49191e-08
3.72031e-08
1.04789e-07
-2.7009e-08
-1.85933e-08
-1.65305e-08
-6.32967e-07
-2.58271e-06
1.22776e-07
5.33872e-08
1.18944e-07
2.50406e-07
1.13314e-07
2.9227e-07
1.25606e-07
3.02212e-07
1.45906e-07
2.94408e-07
1.71506e-07
2.78226e-07
1.8228e-07
2.71167e-07
1.85364e-07
2.42888e-07
1.80978e-07
2.25083e-07
1.67317e-07
1.81032e-07
1.5143e-07
1.76118e-07
1.21216e-07
1.20857e-07
1.01447e-07
1.3993e-07
5.37639e-08
8.72206e-08
5.52315e-08
1.14128e-07
1.21855e-08
8.79652e-08
3.3669e-08
8.33056e-08
3.96801e-08
-2.46043e-08
1.79782e-08
-6.11265e-07
-2.56474e-06
1.99524e-07
-1.46137e-07
2.39128e-07
2.10803e-07
2.49163e-07
2.82235e-07
2.01737e-07
3.49637e-07
1.61761e-07
3.34385e-07
1.23985e-07
3.16001e-07
1.16973e-07
2.7818e-07
1.13717e-07
2.46143e-07
1.24992e-07
2.13809e-07
1.20642e-07
1.85382e-07
1.34627e-07
1.62133e-07
1.17688e-07
1.37796e-07
1.45457e-07
1.12161e-07
1.28846e-07
1.03832e-07
1.40652e-07
1.02322e-07
1.17683e-07
1.10934e-07
9.58052e-08
1.05184e-07
1.50882e-08
5.61127e-08
-4.26197e-08
-5.53557e-07
-2.60736e-06
3.67921e-07
-5.14057e-07
2.15719e-07
3.63004e-07
2.03312e-07
2.94643e-07
2.43655e-07
3.09294e-07
2.48618e-07
3.29423e-07
2.32389e-07
3.3223e-07
2.09128e-07
3.01441e-07
1.86436e-07
2.68835e-07
1.70986e-07
2.29258e-07
1.48625e-07
2.07744e-07
1.31818e-07
1.7894e-07
1.01336e-07
1.68279e-07
6.45277e-08
1.48969e-07
2.24232e-08
1.45936e-07
-2.22896e-08
1.47034e-07
-1.3343e-07
2.22075e-07
1.46476e-08
-4.28938e-08
7.53415e-08
-4.58122e-09
4.68548e-08
-5.25071e-07
-2.5605e-06
2.1019e-07
-7.24247e-07
2.13849e-07
3.59344e-07
-1.51631e-08
5.23655e-07
-1.40994e-07
4.35125e-07
-1.69685e-07
3.58114e-07
-1.36153e-07
2.98698e-07
-9.3982e-08
2.5927e-07
-5.75821e-08
2.32435e-07
-2.18556e-08
1.93532e-07
-6.4156e-09
1.92304e-07
1.27441e-08
1.5978e-07
-1.09498e-09
1.82118e-07
5.05851e-08
9.72888e-08
-2.96647e-08
2.26186e-07
1.17944e-07
-5.7397e-10
1.5485e-07
1.85168e-07
7.34896e-08
3.84667e-08
-2.27821e-08
9.16905e-08
-3.10814e-08
-5.16771e-07
-2.59158e-06
-5.61163e-08
-6.68131e-07
1.62679e-07
1.40549e-07
2.98428e-07
3.87906e-07
3.82316e-07
3.51238e-07
4.17488e-07
3.22942e-07
4.02402e-07
3.13785e-07
4.24023e-07
2.37648e-07
3.98181e-07
2.58277e-07
3.86268e-07
2.05445e-07
3.3907e-07
2.39502e-07
3.24653e-07
1.74197e-07
2.62423e-07
2.44347e-07
2.85899e-07
7.38135e-08
2.02256e-07
3.09828e-07
8.35479e-08
1.18134e-07
-7.11245e-09
2.75829e-07
5.85895e-08
-2.72353e-08
3.91065e-08
1.11173e-07
3.60459e-08
-5.13711e-07
-2.55554e-06
-2.48208e-07
-4.19923e-07
-5.10679e-07
4.0302e-07
-3.16595e-07
1.93822e-07
-3.21793e-07
3.56436e-07
-3.20219e-07
3.21367e-07
-2.8475e-07
2.78316e-07
-3.18878e-07
2.71776e-07
-2.92838e-07
2.32237e-07
-3.18559e-07
2.31166e-07
-2.93366e-07
2.14309e-07
-2.99935e-07
1.80766e-07
-2.53807e-07
1.98219e-07
-2.80449e-07
1.00456e-07
-2.53532e-07
2.82912e-07
-1.34331e-07
-1.0664e-09
-2.38569e-07
3.80066e-07
1.25611e-07
-3.91415e-07
1.7368e-07
6.31038e-08
5.62608e-08
-3.96291e-07
-2.49928e-06
2.53502e-08
-4.45274e-07
3.5548e-07
7.289e-08
2.59535e-07
2.89767e-07
3.30558e-07
2.85413e-07
3.80118e-07
2.71807e-07
4.39923e-07
2.18512e-07
4.88304e-07
2.23395e-07
5.46833e-07
1.73708e-07
5.96084e-07
1.81914e-07
6.21121e-07
1.89272e-07
6.53138e-07
1.48749e-07
6.60501e-07
1.90855e-07
6.63418e-07
9.75395e-08
5.51914e-07
3.94416e-07
6.40861e-07
-9.00132e-08
6.15419e-07
4.05508e-07
4.04313e-07
-1.8031e-07
1.87226e-07
2.80192e-07
2.36185e-07
-4.4525e-07
-2.26309e-06
-8.23581e-07
3.78307e-07
-9.83472e-07
2.32781e-07
-9.57474e-07
2.6377e-07
-8.40141e-07
1.6808e-07
-7.51064e-07
1.82729e-07
-6.75633e-07
1.43081e-07
-6.15897e-07
1.63659e-07
-5.6847e-07
1.26281e-07
-5.15025e-07
1.2847e-07
-4.53225e-07
1.27473e-07
-3.9588e-07
9.14042e-08
-3.23038e-07
1.18013e-07
-3.01506e-07
7.60069e-08
-7.80839e-08
1.70994e-07
-2.68626e-07
1.00529e-07
1.91909e-08
1.17691e-07
-1.05933e-07
-5.51863e-08
1.83144e-07
-8.88455e-09
7.02387e-07
-9.64494e-07
-1.5607e-06
3.78307e-07
6.11088e-07
8.74858e-07
1.04294e-06
1.22567e-06
1.36875e-06
1.53241e-06
1.65869e-06
1.78716e-06
1.91463e-06
2.00603e-06
2.12405e-06
2.20005e-06
2.37105e-06
2.47158e-06
2.58927e-06
2.53408e-06
2.5252e-06
1.5607e-06
)
;

boundaryField
{
    movingWall
    {
        type            calculated;
        value           uniform 0;
    }
    fixedWalls
    {
        type            calculated;
        value           uniform 0;
    }
    frontAndBack
    {
        type            empty;
        value           nonuniform 0();
    }
}


// ************************************************************************* //
