/*--------------------------------*- C++ -*----------------------------------*\
| =========                 |                                                 |
| \\      /  F ield         | OpenFOAM: The Open Source CFD Toolbox           |
|  \\    /   O peration     | Version:  5.x                                   |
|   \\  /    A nd           | Web:      www.OpenFOAM.org                      |
|    \\/     M anipulation  |                                                 |
\*---------------------------------------------------------------------------*/
FoamFile
{
    version     2.0;
    format      ascii;
    class       volScalarField;
    location    "1.1";
    object      p;
}
// * * * * * * * * * * * * * * * * * * * * * * * * * * * * * * * * * * * * * //

dimensions      [0 2 -2 0 0 0 0];

internalField   nonuniform List<scalar> 
400
(
1.76292e-11
3.11584e-07
9.44856e-07
1.88898e-06
3.12952e-06
4.64637e-06
6.41365e-06
8.39941e-06
1.05655e-05
1.28674e-05
1.52548e-05
1.76712e-05
2.00552e-05
2.2342e-05
2.4465e-05
2.63581e-05
2.79585e-05
2.92101e-05
3.00673e-05
3.04949e-05
-3.21536e-07
-5.25423e-09
6.37914e-07
1.5972e-06
2.85836e-06
4.40145e-06
6.20071e-06
8.22424e-06
1.04337e-05
1.27844e-05
1.52254e-05
1.76999e-05
2.01446e-05
2.24932e-05
2.4677e-05
2.66273e-05
2.82786e-05
2.95717e-05
3.04583e-05
3.09008e-05
-9.89263e-07
-6.63155e-07
5.24871e-10
9.91229e-07
2.29509e-06
3.89252e-06
5.75799e-06
7.85963e-06
1.0159e-05
1.26107e-05
1.51628e-05
1.77571e-05
2.03277e-05
2.28048e-05
2.51154e-05
2.71855e-05
2.89436e-05
3.03242e-05
3.12727e-05
3.17469e-05
-2.01179e-06
-1.67098e-06
-9.76598e-07
6.12258e-08
1.42929e-06
3.10859e-06
5.07406e-06
7.294e-06
9.72968e-06
1.23351e-05
1.50568e-05
1.7835e-05
2.05995e-05
2.32755e-05
2.57836e-05
2.80414e-05
2.99679e-05
3.14869e-05
3.25343e-05
3.30591e-05
-3.40723e-06
-3.04718e-06
-2.31243e-06
-1.21242e-06
2.40732e-07
2.02901e-06
4.12812e-06
6.50676e-06
9.12608e-06
1.19393e-05
1.48915e-05
1.79212e-05
2.09526e-05
2.39046e-05
2.66888e-05
2.92116e-05
3.13779e-05
3.30962e-05
3.42869e-05
3.48854e-05
-5.19936e-06
-4.81603e-06
-4.03211e-06
-2.85589e-06
-1.29779e-06
6.25777e-07
2.89175e-06
5.46959e-06
8.32059e-06
1.13973e-05
1.46434e-05
1.79965e-05
2.13744e-05
2.46881e-05
2.78382e-05
3.07166e-05
3.3209e-05
3.52017e-05
3.65923e-05
3.72946e-05
-7.41775e-06
-7.00795e-06
-6.16743e-06
-4.90263e-06
-3.22128e-06
-1.13739e-06
1.32789e-06
4.1453e-06
7.27665e-06
1.06741e-05
1.42794e-05
1.80334e-05
2.18445e-05
2.56161e-05
2.92367e-05
3.25795e-05
3.55053e-05
3.78694e-05
3.95349e-05
4.03823e-05
-1.00975e-05
-9.65936e-06
-8.75702e-06
-7.39377e-06
-5.57324e-06
-3.30589e-06
-6.10103e-07
2.48672e-06
5.94755e-06
9.72447e-06
1.3754e-05
1.79932e-05
2.23312e-05
2.6669e-05
3.08821e-05
3.48223e-05
3.83185e-05
4.11828e-05
4.32273e-05
4.428e-05
-1.32788e-05
-1.28126e-05
-1.18467e-05
-1.03789e-05
-8.40668e-06
-5.93533e-06
-2.97967e-06
4.35338e-07
4.27487e-06
8.49522e-06
1.30474e-05
1.78268e-05
2.27864e-05
2.78103e-05
3.27589e-05
3.746e-05
4.17038e-05
4.52445e-05
4.78173e-05
4.91692e-05
-1.70058e-05
-1.65154e-05
-1.54899e-05
-1.39174e-05
-1.17856e-05
-9.09304e-06
-5.85033e-06
-2.0804e-06
2.18297e-06
6.89645e-06
1.20067e-05
1.74431e-05
2.31355e-05
2.89775e-05
3.48263e-05
4.04889e-05
4.57116e-05
5.01749e-05
5.34967e-05
5.53058e-05
-2.13248e-05
-2.08208e-05
-1.97492e-05
-1.80803e-05
-1.57874e-05
-1.28599e-05
-9.30452e-06
-5.14358e-06
-4.11347e-07
4.84945e-06
1.05896e-05
1.67538e-05
2.32799e-05
3.00744e-05
3.70033e-05
4.38673e-05
5.03701e-05
5.61053e-05
6.05083e-05
6.30605e-05
-2.6284e-05
-2.57873e-05
-2.46991e-05
-2.29549e-05
-2.05071e-05
-1.73335e-05
-1.34392e-05
-8.84967e-06
-3.6033e-06
2.2555e-06
8.68241e-06
1.56373e-05
2.30849e-05
3.09565e-05
3.9148e-05
4.74823e-05
5.56484e-05
6.31555e-05
6.9143e-05
7.29898e-05
-3.18999e-05
-3.14726e-05
-3.04302e-05
-2.86519e-05
-2.6064e-05
-2.26326e-05
-1.83673e-05
-1.33047e-05
-7.49579e-06
-9.92984e-07
6.16073e-06
1.39439e-05
2.2374e-05
3.14163e-05
4.1029e-05
5.11068e-05
6.13844e-05
7.13768e-05
7.97016e-05
8.59549e-05
-3.82869e-05
-3.79788e-05
-3.70797e-05
-3.53223e-05
-3.26147e-05
-2.89034e-05
-2.42172e-05
-1.86197e-05
-1.21892e-05
-4.99779e-06
2.90241e-06
1.15008e-05
2.09348e-05
3.1174e-05
4.22896e-05
5.4329e-05
6.71714e-05
8.06119e-05
9.23455e-05
0.000103305
-4.45615e-05
-4.52928e-05
-4.4772e-05
-4.31762e-05
-4.03715e-05
-3.63282e-05
-3.11328e-05
-2.49037e-05
-1.77672e-05
-9.83065e-06
-1.17939e-06
8.06627e-06
1.85344e-05
2.98725e-05
4.23944e-05
5.64268e-05
7.21372e-05
9.03474e-05
0.000106675
0.000127088
-5.39513e-05
-5.39996e-05
-5.40499e-05
-5.25179e-05
-4.96144e-05
-4.51258e-05
-3.9269e-05
-3.22554e-05
-2.42841e-05
-1.55025e-05
-5.97558e-06
4.43034e-06
1.53118e-05
2.74532e-05
4.12322e-05
5.73413e-05
7.61781e-05
0.000100344
0.000121592
0.000159117
-5.71718e-05
-6.64102e-05
-6.47711e-05
-6.43142e-05
-6.10079e-05
-5.57281e-05
-4.88633e-05
-4.07911e-05
-3.17926e-05
-2.20924e-05
-1.18867e-05
-1.40096e-06
8.81748e-06
2.07561e-05
3.34514e-05
4.89523e-05
6.56602e-05
9.9986e-05
0.000118532
0.000197575
-7.00559e-05
-6.46239e-05
-7.55137e-05
-7.34626e-05
-7.17187e-05
-6.64736e-05
-5.90713e-05
-5.00085e-05
-3.98732e-05
-2.90491e-05
-1.77491e-05
-5.87148e-06
6.87537e-06
1.97214e-05
3.40872e-05
5.39726e-05
7.44438e-05
0.000113223
0.000129637
0.000233637
-6.41886e-05
-0.000120857
-0.000101678
-0.000107181
-9.85736e-05
-8.82137e-05
-7.60348e-05
-6.34475e-05
-5.07955e-05
-3.81849e-05
-2.59196e-05
-1.39473e-05
-3.37243e-06
6.73032e-06
1.1264e-05
2.17682e-05
2.97685e-06
6.68432e-05
1.51417e-05
0.000246402
-0.000148616
-9.37952e-05
-9.83108e-05
-0.000105889
-0.000100966
-9.15046e-05
-8.06447e-05
-6.84393e-05
-5.54773e-05
-4.22914e-05
-2.96939e-05
-1.67264e-05
-6.31729e-06
6.87616e-06
1.15252e-05
3.07319e-05
4.32605e-05
0.000122759
0.000274285
0.000633737
)
;

boundaryField
{
    movingWall
    {
        type            zeroGradient;
    }
    fixedWalls
    {
        type            zeroGradient;
    }
    frontAndBack
    {
        type            empty;
    }
}


// ************************************************************************* //
