/*--------------------------------*- C++ -*----------------------------------*\
| =========                 |                                                 |
| \\      /  F ield         | OpenFOAM: The Open Source CFD Toolbox           |
|  \\    /   O peration     | Version:  5.x                                   |
|   \\  /    A nd           | Web:      www.OpenFOAM.org                      |
|    \\/     M anipulation  |                                                 |
\*---------------------------------------------------------------------------*/
FoamFile
{
    version     2.0;
    format      ascii;
    class       volVectorField;
    location    "1.1";
    object      U;
}
// * * * * * * * * * * * * * * * * * * * * * * * * * * * * * * * * * * * * * //

dimensions      [0 1 -1 0 0 0 0];

internalField   nonuniform List<vector> 
400
(
(-4.16599e-05 4.1422e-05 0)
(-0.000124867 4.11811e-05 0)
(-0.000205956 3.92707e-05 0)
(-0.000282203 3.64542e-05 0)
(-0.000351928 3.28004e-05 0)
(-0.000413524 2.83907e-05 0)
(-0.000465566 2.33168e-05 0)
(-0.000506823 1.76775e-05 0)
(-0.000536268 1.15776e-05 0)
(-0.000553091 5.12807e-06 0)
(-0.000556701 -1.55249e-06 0)
(-0.000546757 -8.34068e-06 0)
(-0.000523207 -1.50798e-05 0)
(-0.000486296 -2.16098e-05 0)
(-0.000436617 -2.77503e-05 0)
(-0.00037514 -3.33056e-05 0)
(-0.000303238 -3.8073e-05 0)
(-0.000222701 -4.18557e-05 0)
(-0.000135599 -4.44748e-05 0)
(-4.53367e-05 -4.50446e-05 0)
(-4.3352e-05 0.000126178 0)
(-0.000129931 0.000125434 0)
(-0.000214291 0.000119607 0)
(-0.0002936 0.000111021 0)
(-0.000366117 9.98885e-05 0)
(-0.000430179 8.64609e-05 0)
(-0.000484321 7.10194e-05 0)
(-0.000527279 5.38646e-05 0)
(-0.000557999 3.53129e-05 0)
(-0.000575647 1.5697e-05 0)
(-0.000579611 -4.62794e-06 0)
(-0.000569513 -2.52783e-05 0)
(-0.000545266 -4.5804e-05 0)
(-0.0005071 -6.57154e-05 0)
(-0.000455586 -8.44632e-05 0)
(-0.00039169 -0.000101449 0)
(-0.000316808 -0.000116046 0)
(-0.000232789 -0.000127645 0)
(-0.000141797 -0.000135685 0)
(-4.7419e-05 -0.000137458 0)
(-4.53227e-05 0.00021468 0)
(-0.000135833 0.000213398 0)
(-0.000224009 0.000203468 0)
(-0.000306886 0.000188849 0)
(-0.000382659 0.000169912 0)
(-0.000449616 0.000147096 0)
(-0.00050626 0.000120882 0)
(-0.000551304 9.17796e-05 0)
(-0.000583675 6.03185e-05 0)
(-0.000602513 2.70493e-05 0)
(-0.00060717 -7.4434e-06 0)
(-0.00059721 -4.2524e-05 0)
(-0.000572476 -7.7457e-05 0)
(-0.000533125 -0.00011142 0)
(-0.000479654 -0.000143483 0)
(-0.000412975 -0.000172617 0)
(-0.000334473 -0.000197732 0)
(-0.000246052 -0.000217745 0)
(-0.000149999 -0.00023165 0)
(-5.01819e-05 -0.000234788 0)
(-4.83422e-05 0.000308032 0)
(-0.000144873 0.000306168 0)
(-0.00023888 0.000291885 0)
(-0.000327195 0.000270884 0)
(-0.000407916 0.000243726 0)
(-0.000479263 0.000211057 0)
(-0.000539695 0.000173575 0)
(-0.000587902 0.00013201 0)
(-0.000622788 8.70996e-05 0)
(-0.000643465 3.96026e-05 0)
(-0.000649237 -9.68604e-06 0)
(-0.000639574 -5.99144e-05 0)
(-0.000614204 -0.000110064 0)
(-0.000573163 -0.000158991 0)
(-0.000516813 -0.000205373 0)
(-0.000445963 -0.000247715 0)
(-0.000361954 -0.000284393 0)
(-0.000266753 -0.000313756 0)
(-0.000162835 -0.000334241 0)
(-5.45116e-05 -0.000339015 0)
(-5.2498e-05 0.000408529 0)
(-0.000157306 0.00040601 0)
(-0.000259309 0.000386984 0)
(-0.000355045 0.000359071 0)
(-0.000442487 0.000323059 0)
(-0.000519768 0.000279843 0)
(-0.000585308 0.000230371 0)
(-0.000637781 0.000175599 0)
(-0.000676083 0.000116475 0)
(-0.0006993 5.39423e-05 0)
(-0.000706688 -1.10249e-05 0)
(-0.000697588 -7.74021e-05 0)
(-0.000671553 -0.000143923 0)
(-0.000628435 -0.00020914 0)
(-0.000568379 -0.000271332 0)
(-0.000491996 -0.000328488 0)
(-0.000400516 -0.000378349 0)
(-0.000295951 -0.000418542 0)
(-0.00018101 -0.000446754 0)
(-6.06554e-05 -0.000453625 0)
(-5.79106e-05 0.000518535 0)
(-0.000173484 0.000515239 0)
(-0.000285839 0.000490914 0)
(-0.00039112 0.000455339 0)
(-0.000487145 0.0004096 0)
(-0.000571952 0.000354904 0)
(-0.00064394 0.000292489 0)
(-0.000701798 0.000223561 0)
(-0.000744446 0.000149268 0)
(-0.000770966 7.07102e-05 0)
(-0.000780582 -1.10102e-05 0)
(-0.000772474 -9.47748e-05 0)
(-0.000745943 -0.000179128 0)
(-0.000700573 -0.000262364 0)
(-0.000636163 -0.000342374 0)
(-0.000552982 -0.000416577 0)
(-0.00045201 -0.000481944 0)
(-0.000335228 -0.00053515 0)
(-0.000205605 -0.00057283 0)
(-6.89972e-05 -0.000582547 0)
(-6.47522e-05 0.000640705 0)
(-0.000193903 0.000636432 0)
(-0.00031923 0.000606027 0)
(-0.000436359 0.000561758 0)
(-0.000542923 0.000505119 0)
(-0.000636881 0.000437722 0)
(-0.000716652 0.000361163 0)
(-0.000781003 0.000276927 0)
(-0.000828936 0.000186349 0)
(-0.00085958 9.0639e-05 0)
(-0.000872174 -9.04218e-06 0)
(-0.000865708 -0.000111605 0)
(-0.000839144 -0.00021551 0)
(-0.000791683 -0.000318895 0)
(-0.000722595 -0.000419306 0)
(-0.000631569 -0.000513557 0)
(-0.000519094 -0.000597683 0)
(-0.000386933 -0.000667085 0)
(-0.000238266 -0.000716859 0)
(-8.01338e-05 -0.000730658 0)
(-7.32697e-05 0.000778094 0)
(-0.000219265 0.000772513 0)
(-0.000360535 0.000734927 0)
(-0.00049203 0.000680547 0)
(-0.000611183 0.00061144 0)
(-0.00071591 0.000529771 0)
(-0.000804738 0.000437589 0)
(-0.000876616 0.000336696 0)
(-0.000930736 0.000228601 0)
(-0.000966359 0.000114549 0)
(-0.000982828 -4.3754e-06 0)
(-0.000978944 -0.000127169 0)
(-0.000953235 -0.000252499 0)
(-0.000904373 -0.000378519 0)
(-0.000830829 -0.000502542 0)
(-0.000731363 -0.000620784 0)
(-0.000605545 -0.000728173 0)
(-0.000454533 -0.000818404 0)
(-0.000281528 -0.000884274 0)
(-9.50148e-05 -0.000904276 0)
(-8.3823e-05 0.000934323 0)
(-0.000250572 0.000926875 0)
(-0.000411216 0.000880541 0)
(-0.000559848 0.000814086 0)
(-0.000693703 0.000730413 0)
(-0.000810737 0.000632451 0)
(-0.000909732 0.000522843 0)
(-0.000989996 0.000403767 0)
(-0.00105109 0.000276878 0)
(-0.00109256 0.000143355 0)
(-0.00111389 4.02122e-06 0)
(-0.00111384 -0.000140315 0)
(-0.0010905 -0.000288937 0)
(-0.00104173 -0.000440309 0)
(-0.000964864 -0.000591783 0)
(-0.000857206 -0.000739098 0)
(-0.000716725 -0.000875953 0)
(-0.000543208 -0.000993813 0)
(-0.000339401 -0.00108197 0)
(-0.00011522 -0.00111201 0)
(-9.69556e-05 0.00111383 0)
(-0.000289287 0.00110355 0)
(-0.000473337 0.00104621 0)
(-0.000642161 0.000964919 0)
(-0.000792823 0.00086384 0)
(-0.000923487 0.000746971 0)
(-0.00103343 0.000617745 0)
(-0.00112259 0.000478794 0)
(-0.00119116 0.00033189 0)
(-0.00123922 0.000178019 0)
(-0.0012665 1.75566e-05 0)
(-0.00127191 -0.000149351 0)
(-0.00125324 -0.000322855 0)
(-0.00120723 -0.000502257 0)
(-0.00112962 -0.00068551 0)
(-0.00101554 -0.000868284 0)
(-0.000860276 -0.00104308 0)
(-0.000660792 -0.00119866 0)
(-0.000418462 -0.00131883 0)
(-0.000143544 -0.00136624 0)
(-0.00011352 0.00132237 0)
(-0.000337594 0.00130747 0)
(-0.00054985 0.00123581 0)
(-0.000742225 0.00113572 0)
(-0.000911659 0.00101334 0)
(-0.00105684 0.000874145 0)
(-0.00117792 0.000722619 0)
(-0.00127586 0.000561952 0)
(-0.00135187 0.000393994 0)
(-0.0014069 0.000219355 0)
(-0.00144127 3.76784e-05 0)
(-0.00145426 -0.000152033 0)
(-0.00144342 -0.000351242 0)
(-0.0014044 -0.000560819 0)
(-0.0013309 -0.000780234 0)
(-0.00121479 -0.00100609 0)
(-0.00104712 -0.00123026 0)
(-0.000819298 -0.00143861 0)
(-0.000529966 -0.00160622 0)
(-0.000185281 -0.00168589 0)
(-0.00013499 0.00156695 0)
(-0.000398936 0.00154459 0)
(-0.000645055 0.00145384 0)
(-0.000864637 0.00132922 0)
(-0.00105441 0.00118013 0)
(-0.00121422 0.00101405 0)
(-0.00134564 0.000836912 0)
(-0.00145123 0.000652597 0)
(-0.00153377 0.000462912 0)
(-0.00159555 0.000267833 0)
(-0.0016379 6.58769e-05 0)
(-0.00166084 -0.000145495 0)
(-0.00166204 -0.000369782 0)
(-0.00163624 -0.00061036 0)
(-0.00157491 -0.000869538 0)
(-0.00146559 -0.00114667 0)
(-0.00129281 -0.00143493 0)
(-0.00103728 -0.00171868 0)
(-0.000694011 -0.00195805 0)
(-0.000251127 -0.00210166 0)
(-0.000163383 0.00186216 0)
(-0.000478123 0.00182341 0)
(-0.000765129 0.00170601 0)
(-0.00101595 0.00154804 0)
(-0.00122685 0.00136456 0)
(-0.00140008 0.0011655 0)
(-0.00153939 0.000958782 0)
(-0.00164988 0.000748887 0)
(-0.00173666 0.000537369 0)
(-0.00180396 0.000323275 0)
(-0.00185462 0.000103558 0)
(-0.00188994 -0.000126298 0)
(-0.0019083 -0.00037262 0)
(-0.00190418 -0.000642446 0)
(-0.00186725 -0.000942749 0)
(-0.00178022 -0.00127839 0)
(-0.00161908 -0.00164779 0)
(-0.00134336 -0.0020404 0)
(-0.000947867 -0.00238918 0)
(-0.000363934 -0.00266647 0)
(-0.00020678 0.00219186 0)
(-0.000587964 0.00214892 0)
(-0.000920199 0.00199713 0)
(-0.00120613 0.001794 0)
(-0.00143697 0.00156549 0)
(-0.00162003 0.00132556 0)
(-0.00176228 0.00108455 0)
(-0.00187267 0.000847275 0)
(-0.00195941 0.000614625 0)
(-0.00202939 0.000384354 0)
(-0.0020875 0.000151596 0)
(-0.00213705 -9.05559e-05 0)
(-0.00217822 -0.000352367 0)
(-0.00220641 -0.00064519 0)
(-0.00221091 -0.00098304 0)
(-0.00217069 -0.00138046 0)
(-0.00205452 -0.00184737 0)
(-0.00178079 -0.00239684 0)
(-0.00136247 -0.00290882 0)
(-0.000574959 -0.0034765 0)
(-0.000243864 0.00273928 0)
(-0.000711117 0.00255319 0)
(-0.00111964 0.00234481 0)
(-0.00144776 0.00206777 0)
(-0.00169532 0.00177932 0)
(-0.00188107 0.00148825 0)
(-0.00201772 0.00120764 0)
(-0.00211985 0.000941678 0)
(-0.00219961 0.000689809 0)
(-0.00226701 0.000447916 0)
(-0.00232956 0.000208937 0)
(-0.00239393 -3.76345e-05 0)
(-0.00246298 -0.000302313 0)
(-0.00253492 -0.000605419 0)
(-0.0026026 -0.000969874 0)
(-0.00264476 -0.00142561 0)
(-0.00263419 -0.00200044 0)
(-0.00241094 -0.00276622 0)
(-0.00207121 -0.00348942 0)
(-0.00100331 -0.0047095 0)
(-0.000443211 0.00289465 0)
(-0.0010329 0.00302794 0)
(-0.00140217 0.00271913 0)
(-0.00177197 0.00237198 0)
(-0.00201644 0.00200192 0)
(-0.00219185 0.00164559 0)
(-0.00230894 0.00131878 0)
(-0.00239056 0.00102346 0)
(-0.00245321 0.000756032 0)
(-0.0025103 0.000509737 0)
(-0.0025731 0.00027595 0)
(-0.00264837 4.38241e-05 0)
(-0.00274613 -0.000200777 0)
(-0.00287426 -0.000484799 0)
(-0.00303167 -0.000830595 0)
(-0.00320287 -0.0012908 0)
(-0.00339149 -0.00189954 0)
(-0.00328966 -0.00298526 0)
(-0.00329562 -0.0038697 0)
(-0.00189144 -0.00671246 0)
(-0.000275439 0.00464215 0)
(-0.000976088 0.00328842 0)
(-0.00179179 0.00319831 0)
(-0.00217118 0.00260099 0)
(-0.00242294 0.00216284 0)
(-0.00256459 0.00174893 0)
(-0.00263991 0.00138607 0)
(-0.00268261 0.00107053 0)
(-0.00271332 0.000796767 0)
(-0.00274706 0.000554977 0)
(-0.0027954 0.000332722 0)
(-0.00287047 0.00011376 0)
(-0.00299107 -0.000123908 0)
(-0.00316342 -0.000407514 0)
(-0.00340498 -0.000777174 0)
(-0.00370733 -0.00133321 0)
(-0.00429432 -0.00210589 0)
(-0.0043811 -0.00357928 0)
(-0.00536489 -0.00488112 0)
(-0.00323855 -0.010244 0)
(-0.000217257 0.00344221 0)
(-0.00207228 0.00541625 0)
(-0.00178922 0.00392128 0)
(-0.00270005 0.003328 0)
(-0.0028196 0.00259304 0)
(-0.00294951 0.00198983 0)
(-0.00297963 0.00151399 0)
(-0.00297748 0.00114488 0)
(-0.00296857 0.000854119 0)
(-0.00297477 0.000620109 0)
(-0.00301449 0.000428523 0)
(-0.00310448 0.000265645 0)
(-0.00326631 0.000137606 0)
(-0.00352653 3.09194e-05 0)
(-0.00395866 -2.02e-05 0)
(-0.00453087 -0.000241897 0)
(-0.00556072 -0.000113169 0)
(-0.00565436 -0.0020727 0)
(-0.00734396 -0.00263114 0)
(-0.00168365 -0.0154622 0)
(-0.00871393 0.00822367 0)
(-0.00479198 0.00315379 0)
(-0.00683768 0.00366891 0)
(-0.00551535 0.00275113 0)
(-0.00506358 0.00205263 0)
(-0.00450171 0.00155702 0)
(-0.00404468 0.00118934 0)
(-0.00368028 0.000904301 0)
(-0.00340581 0.000683735 0)
(-0.00320642 0.000513757 0)
(-0.00307479 0.000387826 0)
(-0.00298161 0.000286835 0)
(-0.0029544 0.000234669 0)
(-0.00288315 0.00013394 0)
(-0.00306965 0.000130174 0)
(-0.00244157 -0.000343814 0)
(-0.00370992 -0.000941578 0)
(-0.000244134 -0.00410396 0)
(-0.00500097 -0.00949558 0)
(0.00530589 -0.0232986 0)
(0.0114472 0.0138862 0)
(0.013247 0.00663514 0)
(0.0183974 0.00417288 0)
(0.021848 0.00281763 0)
(0.0238627 0.00190721 0)
(0.0253857 0.00127669 0)
(0.0265577 0.000885355 0)
(0.0274243 0.000634631 0)
(0.0280678 0.000464685 0)
(0.0285669 0.000343574 0)
(0.0289045 0.000265797 0)
(0.0292636 0.000185259 0)
(0.0292266 0.000183166 0)
(0.0299178 1.82718e-05 0)
(0.028701 0.000107841 0)
(0.0310791 -0.000185421 0)
(0.0262988 -0.000444793 0)
(0.031168 -0.00106184 0)
(0.0181258 -0.00326383 0)
(0.0211815 -0.00932465 0)
)
;

boundaryField
{
    movingWall
    {
        type            fixedValue;
        value           uniform (1 0 0);
    }
    fixedWalls
    {
        type            noSlip;
    }
    frontAndBack
    {
        type            empty;
    }
}


// ************************************************************************* //
