/*--------------------------------*- C++ -*----------------------------------*\
| =========                 |                                                 |
| \\      /  F ield         | OpenFOAM: The Open Source CFD Toolbox           |
|  \\    /   O peration     | Version:  5.x                                   |
|   \\  /    A nd           | Web:      www.OpenFOAM.org                      |
|    \\/     M anipulation  |                                                 |
\*---------------------------------------------------------------------------*/
FoamFile
{
    version     2.0;
    format      ascii;
    class       surfaceScalarField;
    location    "10.8";
    object      phi;
}
// * * * * * * * * * * * * * * * * * * * * * * * * * * * * * * * * * * * * * //

dimensions      [0 3 -1 0 0 0 0];

internalField   nonuniform List<scalar> 
760
(
-1.03631e-06
1.03631e-06
-1.7854e-06
7.49082e-07
-2.0859e-06
3.00499e-07
-2.22443e-06
1.38531e-07
-2.32426e-06
9.98302e-08
-2.34261e-06
1.83539e-08
-2.33163e-06
-1.09792e-08
-2.35866e-06
2.70256e-08
-2.37403e-06
1.53709e-08
-2.36854e-06
-5.48781e-09
-2.37177e-06
3.23209e-09
-2.38072e-06
8.94548e-09
-2.42876e-06
4.80428e-08
-2.36241e-06
-6.63503e-08
-2.3694e-06
6.99085e-09
-2.30866e-06
-6.07415e-08
-2.19969e-06
-1.08968e-07
-1.85697e-06
-3.42723e-07
-1.23145e-06
-6.25517e-07
-1.23145e-06
-6.00323e-07
1.63664e-06
-8.30075e-07
9.78835e-07
-8.9553e-07
3.65953e-07
-9.63693e-07
2.06694e-07
-9.64182e-07
1.0032e-07
-1.00082e-06
5.49965e-08
-1.02871e-06
1.6901e-08
-1.02184e-06
2.01575e-08
-1.01919e-06
1.27214e-08
-1.0127e-06
-1.19741e-08
-1.0129e-06
3.42839e-09
-9.70102e-07
-3.38504e-08
-9.33938e-07
1.18792e-08
-9.2521e-07
-7.50788e-08
-9.20757e-07
2.53858e-09
-9.3398e-07
-4.75184e-08
-1.05064e-06
7.68923e-09
-1.08531e-06
-3.08047e-07
-9.12053e-07
-7.98777e-07
-2.1435e-06
-2.80854e-07
1.91749e-06
-3.2536e-07
1.02334e-06
-3.15698e-07
3.56292e-07
-3.04168e-07
1.95164e-07
-3.05675e-07
1.01826e-07
-3.25399e-07
7.47212e-08
-3.13116e-07
4.61779e-09
-2.90823e-07
-2.13575e-09
-2.7331e-07
-4.79153e-09
-2.52048e-07
-3.32358e-08
-2.12272e-07
-3.63476e-08
-2.03699e-07
-4.24239e-08
-1.68595e-07
-2.32244e-08
-1.82005e-07
-6.16695e-08
-1.92094e-07
1.2628e-08
-2.12241e-07
-2.73713e-08
-2.03338e-07
-1.21367e-09
-1.34529e-07
-3.76856e-07
-2.26718e-07
-7.06588e-07
-2.37022e-06
-2.49579e-08
1.94245e-06
-2.34795e-08
1.02186e-06
-8.16467e-08
4.14459e-07
-1.36343e-07
2.4986e-07
-1.89951e-07
1.55435e-07
-2.21807e-07
1.06577e-07
-2.19862e-07
2.67243e-09
-2.15787e-07
-6.21056e-09
-1.8912e-07
-3.14586e-08
-1.74305e-07
-4.80504e-08
-1.68969e-07
-4.16838e-08
-1.58943e-07
-5.24499e-08
-1.75302e-07
-6.86573e-09
-1.83161e-07
-5.38104e-08
-2.19285e-07
4.87517e-08
-1.68837e-07
-7.78185e-08
-1.47448e-07
-2.26029e-08
-2.39039e-07
-2.85265e-07
-2.16132e-07
-7.29495e-07
-2.58635e-06
-4.01681e-08
1.98262e-06
-4.74741e-08
1.02917e-06
-1.5935e-07
5.26334e-07
-2.22452e-07
3.12962e-07
-2.58729e-07
1.91712e-07
-2.69226e-07
1.17074e-07
-2.68567e-07
2.0126e-09
-2.4631e-07
-2.84671e-08
-2.10211e-07
-6.7558e-08
-1.76635e-07
-8.1626e-08
-1.37061e-07
-8.1258e-08
-9.69458e-08
-9.25649e-08
-5.31316e-08
-5.06799e-08
-4.83988e-09
-1.02102e-07
4.80481e-08
-4.13629e-09
1.18751e-07
-1.48521e-07
1.13295e-07
-1.71478e-08
5.78357e-08
-2.29806e-07
1.07903e-08
-6.8245e-07
-2.57556e-06
3.24532e-08
1.95016e-06
-8.2474e-08
1.1441e-06
-2.36521e-07
6.80381e-07
-3.15949e-07
3.92389e-07
-3.3446e-07
2.10223e-07
-3.15802e-07
9.84161e-08
-2.92623e-07
-2.11658e-08
-2.49531e-07
-7.15595e-08
-2.064e-07
-1.10689e-07
-1.67166e-07
-1.2086e-07
-1.45926e-07
-1.02498e-07
-1.18621e-07
-1.1987e-07
-1.10718e-07
-5.85828e-08
-9.74578e-08
-1.15362e-07
-8.33806e-08
-1.82135e-08
-1.02537e-07
-1.29365e-07
-7.46782e-08
-4.50062e-08
-5.57067e-08
-2.48777e-07
-6.11443e-08
-6.77012e-07
-2.63671e-06
-2.69877e-08
1.97715e-06
-2.058e-07
1.32291e-06
-3.9348e-07
8.68062e-07
-4.94545e-07
4.93454e-07
-4.92564e-07
2.08243e-07
-4.31591e-07
3.74426e-08
-3.67534e-07
-8.52228e-08
-2.98963e-07
-1.40131e-07
-2.27704e-07
-1.81948e-07
-1.69594e-07
-1.7897e-07
-1.10185e-07
-1.61907e-07
-6.80021e-08
-1.62053e-07
-2.08061e-08
-1.05779e-07
1.92734e-08
-1.55442e-07
4.90481e-08
-4.79882e-08
8.67049e-08
-1.67022e-07
7.88461e-08
-3.71474e-08
2.64206e-08
-1.96352e-07
-1.6303e-09
-6.48961e-07
-2.63834e-06
-1.45715e-07
2.12287e-06
-3.45084e-07
1.52228e-06
-5.88621e-07
1.1116e-06
-6.87391e-07
5.92224e-07
-6.78926e-07
1.99778e-07
-5.63054e-07
-7.84302e-08
-4.27485e-07
-2.20791e-07
-3.21507e-07
-2.46109e-07
-2.4384e-07
-2.59615e-07
-1.80308e-07
-2.42501e-07
-1.34924e-07
-2.07292e-07
-1.06909e-07
-1.90067e-07
-7.68204e-08
-1.35867e-07
-6.74736e-08
-1.64788e-07
-4.04449e-08
-7.50169e-08
-5.19405e-08
-1.55526e-07
-4.86625e-08
-4.04254e-08
-1.15842e-08
-2.3343e-07
7.72584e-09
-6.68271e-07
-2.63061e-06
-1.37308e-07
2.26017e-06
-3.48684e-07
1.73365e-06
-6.233e-07
1.38622e-06
-8.07722e-07
7.76646e-07
-8.30782e-07
2.22838e-07
-7.03783e-07
-2.05428e-07
-4.65742e-07
-4.58833e-07
-2.88387e-07
-4.23464e-07
-1.86251e-07
-3.61751e-07
-1.25173e-07
-3.0358e-07
-5.99867e-08
-2.72477e-07
-3.60431e-08
-2.14011e-07
6.03307e-09
-1.77944e-07
8.47039e-09
-1.67226e-07
4.77632e-08
-1.1431e-07
8.25216e-08
-1.90285e-07
7.26432e-08
-3.0547e-08
2.74355e-08
-1.88222e-07
-3.39444e-08
-6.06891e-07
-2.66456e-06
-2.14591e-07
2.47477e-06
-4.93239e-07
2.0123e-06
-6.69134e-07
1.56211e-06
-8.17088e-07
9.246e-07
-8.71146e-07
2.76897e-07
-7.66536e-07
-3.10039e-07
-4.91144e-07
-7.34224e-07
-2.46285e-07
-6.68324e-07
-1.28753e-07
-4.79283e-07
-1.03208e-07
-3.29124e-07
-6.84239e-08
-3.07262e-07
-6.89248e-08
-2.1351e-07
-3.26222e-08
-2.14246e-07
-4.10183e-08
-1.5883e-07
1.94012e-08
-1.74729e-07
4.49819e-08
-2.15865e-07
7.0491e-09
7.38579e-09
1.43249e-08
-1.95498e-07
3.27222e-08
-6.25289e-07
-2.63184e-06
2.81607e-09
2.47195e-06
-1.34458e-07
2.14957e-06
-2.26814e-07
1.65447e-06
-3.61175e-07
1.05896e-06
-4.82716e-07
3.98437e-07
-4.73577e-07
-3.19178e-07
-3.41478e-07
-8.66323e-07
-1.20041e-07
-8.8976e-07
7.92841e-08
-6.78608e-07
8.46398e-08
-3.3448e-07
7.9716e-08
-3.02338e-07
5.96444e-08
-1.93439e-07
3.49901e-08
-1.89592e-07
-6.20915e-09
-1.1763e-07
2.6061e-08
-2.06999e-07
-1.81333e-08
-1.71671e-07
3.93801e-08
-5.01276e-08
6.64731e-08
-2.22591e-07
-4.57791e-08
-5.13036e-07
-2.67761e-06
1.47821e-07
2.32413e-06
2.5506e-07
2.04233e-06
2.80192e-07
1.62934e-06
1.68739e-07
1.17041e-06
1.02628e-07
4.64549e-07
1.86019e-07
-4.0257e-07
1.55285e-07
-8.35589e-07
-3.49306e-09
-7.30982e-07
-1.93347e-08
-6.62767e-07
1.86528e-08
-3.72468e-07
3.07883e-08
-3.14473e-07
-1.17723e-08
-1.50878e-07
-5.75455e-08
-1.43819e-07
-1.57116e-07
-1.80599e-08
-1.61611e-08
-3.47954e-07
-5.83556e-08
-1.29477e-07
-7.73863e-09
-1.00745e-07
1.17527e-07
-3.47857e-07
4.59622e-08
-4.41471e-07
-2.63165e-06
3.71699e-07
1.95243e-06
6.88365e-07
1.72567e-06
7.79227e-07
1.53847e-06
8.63404e-07
1.08624e-06
9.07437e-07
4.20516e-07
9.39097e-07
-4.3423e-07
1.04049e-06
-9.3698e-07
8.72776e-07
-5.6327e-07
5.39876e-07
-3.29867e-07
2.72119e-07
-1.0471e-07
2.29228e-07
-2.71582e-07
9.35834e-08
-1.52335e-08
1.49038e-07
-1.99274e-07
1.32442e-07
-1.46297e-09
5.58284e-08
-2.71341e-07
-5.15019e-09
-6.84981e-08
-1.20914e-08
-9.38033e-08
-2.17029e-08
-3.38246e-07
-4.77991e-08
-4.15375e-07
-2.67945e-06
8.79135e-07
1.07329e-06
1.21099e-06
1.39381e-06
1.42191e-06
1.32755e-06
1.50731e-06
1.00084e-06
1.528e-06
3.99827e-07
1.32913e-06
-2.35364e-07
1.05034e-06
-6.5819e-07
1.06605e-06
-5.78974e-07
1.12631e-06
-3.90125e-07
1.08856e-06
-6.69629e-08
1.00027e-06
-1.83297e-07
9.46235e-07
3.88045e-08
7.78856e-07
-3.18948e-08
6.49613e-07
1.27779e-07
1.65971e-07
2.12301e-07
-2.38728e-07
3.36202e-07
-1.7332e-07
-1.59211e-07
-1.45821e-07
-3.65745e-07
3.41877e-08
-5.95383e-07
-2.64526e-06
7.8203e-07
2.91264e-07
1.43897e-06
7.36878e-07
1.8105e-06
9.56013e-07
1.88967e-06
9.2167e-07
1.70188e-06
5.87619e-07
1.34928e-06
1.17232e-07
6.97183e-07
-6.08856e-09
2.55334e-07
-1.37124e-07
5.42889e-09
-1.4022e-07
-1.24478e-08
-4.90863e-08
-1.64311e-07
-3.14334e-08
-1.46018e-07
2.05117e-08
-1.27359e-07
-5.05541e-08
-1.47735e-07
1.48155e-07
8.42804e-08
-1.97144e-08
1.75904e-07
2.44578e-07
2.29741e-07
-2.13049e-07
-9.60482e-08
-3.99562e-08
-6.80956e-08
-6.23336e-07
-2.71336e-06
5.87336e-07
-2.96072e-07
1.05998e-06
2.64232e-07
1.36909e-06
6.46906e-07
1.61655e-06
6.74208e-07
1.61018e-06
5.93994e-07
1.53921e-06
1.88199e-07
1.35381e-06
1.79308e-07
1.17891e-06
3.77839e-08
9.19165e-07
1.19521e-07
7.04487e-07
1.65591e-07
5.82776e-07
9.02779e-08
3.90216e-07
2.13072e-07
3.52146e-07
-1.24842e-08
2.70605e-07
2.29696e-07
1.48312e-07
1.02579e-07
2.9424e-07
9.86497e-08
4.18731e-07
-3.37539e-07
1.42584e-07
2.36191e-07
9.75762e-08
-5.78328e-07
-2.61578e-06
1.55364e-07
-4.51437e-07
2.41186e-08
3.95478e-07
2.1863e-07
4.52394e-07
3.84384e-07
5.08454e-07
4.1605e-07
5.62328e-07
3.21893e-07
2.82355e-07
2.85226e-07
2.15975e-07
1.70571e-07
1.52439e-07
1.56865e-07
1.33226e-07
1.561e-07
1.66357e-07
8.49679e-08
1.6141e-07
1.75656e-07
1.22384e-07
-1.43303e-09
1.64605e-07
2.3566e-08
2.04697e-07
7.36983e-09
1.18775e-07
-2.72004e-07
3.78024e-07
3.14895e-08
-6.41033e-07
2.00393e-07
6.72877e-08
2.66901e-08
-4.04625e-07
-2.58909e-06
-1.14715e-07
-3.36722e-07
1.82518e-07
9.82454e-08
3.12822e-07
3.2209e-07
4.71427e-07
3.49849e-07
6.83463e-07
3.50292e-07
7.23626e-07
2.42192e-07
7.64063e-07
1.75538e-07
7.60054e-07
1.56448e-07
7.52501e-07
1.40779e-07
7.82433e-07
1.36425e-07
7.52817e-07
1.91026e-07
7.36025e-07
1.39176e-07
7.71885e-07
1.28745e-07
6.48319e-07
3.28263e-07
8.16348e-07
-4.92532e-08
8.14209e-07
3.80163e-07
5.19193e-07
-3.46017e-07
3.23844e-07
2.62636e-07
2.88097e-07
-3.68878e-07
-2.301e-06
-7.05012e-07
3.6829e-07
-8.31896e-07
2.25129e-07
-7.49016e-07
2.3921e-07
-6.18555e-07
2.19389e-07
-4.93722e-07
2.25458e-07
-4.21161e-07
1.69631e-07
-4.20006e-07
1.74383e-07
-3.95096e-07
1.31538e-07
-3.89739e-07
1.35422e-07
-3.63927e-07
1.10613e-07
-2.85845e-07
1.12944e-07
-2.55856e-07
1.09187e-07
-1.9068e-07
6.3569e-08
-3.9824e-08
1.77407e-07
-2.05063e-07
1.15986e-07
9.20774e-08
8.3022e-08
-2.21818e-07
-3.21215e-08
7.8905e-08
-3.80869e-08
7.38665e-07
-1.02864e-06
-1.56233e-06
3.6829e-07
5.93419e-07
8.32629e-07
1.05202e-06
1.27748e-06
1.44711e-06
1.62149e-06
1.75303e-06
1.88845e-06
1.99906e-06
2.11201e-06
2.22119e-06
2.28476e-06
2.46217e-06
2.57816e-06
2.66118e-06
2.62906e-06
2.59097e-06
1.56233e-06
)
;

boundaryField
{
    movingWall
    {
        type            calculated;
        value           uniform 0;
    }
    fixedWalls
    {
        type            calculated;
        value           uniform 0;
    }
    frontAndBack
    {
        type            empty;
        value           nonuniform 0();
    }
}


// ************************************************************************* //
