/*--------------------------------*- C++ -*----------------------------------*\
| =========                 |                                                 |
| \\      /  F ield         | OpenFOAM: The Open Source CFD Toolbox           |
|  \\    /   O peration     | Version:  5.x                                   |
|   \\  /    A nd           | Web:      www.OpenFOAM.org                      |
|    \\/     M anipulation  |                                                 |
\*---------------------------------------------------------------------------*/
FoamFile
{
    version     2.0;
    format      ascii;
    class       volVectorField;
    location    "10.8";
    object      U;
}
// * * * * * * * * * * * * * * * * * * * * * * * * * * * * * * * * * * * * * //

dimensions      [0 1 -1 0 0 0 0];

internalField   nonuniform List<vector> 
400
(
(-0.0134381 0.00124909 0)
(-0.0317083 0.00419819 0)
(-0.039499 0.000766061 0)
(-0.0424735 -0.00115737 0)
(-0.0451218 0.000363336 0)
(-0.0472821 -0.00145519 0)
(-0.0455638 -0.00186011 0)
(-0.0468637 -0.000664769 0)
(-0.0476325 -0.000674188 0)
(-0.0470403 -0.00175663 0)
(-0.0479459 -0.00151255 0)
(-0.046526 -0.000501305 0)
(-0.0488649 -0.000243307 0)
(-0.0480783 -0.0023013 0)
(-0.0475781 -0.000602733 0)
(-0.0473249 -0.00124271 0)
(-0.0468617 -0.00357117 0)
(-0.0385777 -0.00530833 0)
(-0.0408314 -0.00689431 0)
(-0.00219837 -0.0150661 0)
(-0.00911291 0.035691 0)
(-0.0169918 0.0228438 0)
(-0.0161232 0.00977082 0)
(-0.0185847 0.00605079 0)
(-0.0192749 0.00328432 0)
(-0.0195367 0.00204609 0)
(-0.0204845 0.00134023 0)
(-0.0201588 0.00173613 0)
(-0.0206074 0.00124514 0)
(-0.020438 0.00148316 0)
(-0.0203556 0.00166222 0)
(-0.0192709 0.000887953 0)
(-0.0204864 0.0020508 0)
(-0.0163351 -0.000409186 0)
(-0.0211144 0.000893105 0)
(-0.0147388 -0.0014664 0)
(-0.0242611 -0.0016109 0)
(-0.0164424 -0.0104127 0)
(-0.0304246 -0.021387 0)
(-0.00144199 -0.0392002 0)
(-0.00648215 0.0329886 0)
(-0.00623491 0.0174621 0)
(-0.00589023 0.00558894 0)
(-0.00625705 0.00257713 0)
(-0.00582868 0.000826597 0)
(-0.00666068 0.000312583 0)
(-0.00613421 -0.000592301 0)
(-0.00607458 -0.000912577 0)
(-0.00599024 -0.000718876 0)
(-0.00444397 -0.00186147 0)
(-0.00617123 -0.00156683 0)
(-0.00176025 -0.00227573 0)
(-0.00695312 -0.00162015 0)
(0.000644765 -0.00270738 0)
(-0.00831561 -0.000824887 0)
(0.00109492 -0.000455349 0)
(-0.010158 0.00206809 0)
(0.00193338 -0.000700571 0)
(-0.00789724 -0.00774018 0)
(0.000207932 -0.0441979 0)
(-0.00162527 0.0430352 0)
(0.000305315 0.024848 0)
(-0.00102222 0.00936128 0)
(-0.00240875 0.00558766 0)
(-0.00294765 0.00348182 0)
(-0.00479686 0.00280499 0)
(-0.00412377 0.000766593 0)
(-0.00441739 0.000816633 0)
(-0.00448568 0.000543321 0)
(-0.00280333 0.000392017 0)
(-0.00444734 0.000242872 0)
(-0.00198567 0.000515137 0)
(-0.00470506 0.000824224 0)
(-0.0019257 0.000427046 0)
(-0.0058453 0.00142462 0)
(-0.00236486 -0.000475398 0)
(-0.00486111 -0.00209123 0)
(-0.00056616 -0.0143457 0)
(-0.0100712 -0.022514 0)
(0.00264852 -0.051681 0)
(-0.00304171 0.0360176 0)
(0.00116912 0.0169222 0)
(-0.00278627 0.00773182 0)
(-0.00399227 0.00469192 0)
(-0.00473563 0.00293083 0)
(-0.00560461 0.00159424 0)
(-0.00531958 -0.000637081 0)
(-0.00508717 -0.00102498 0)
(-0.00513576 -0.0017665 0)
(-0.00285615 -0.00218285 0)
(-0.00462775 -0.00203477 0)
(-0.000440753 -0.00253882 0)
(-0.00380185 -0.00117983 0)
(0.00194819 -0.00276656 0)
(-0.00221842 0.000304688 0)
(0.00437145 -0.00298323 0)
(1.64537e-05 0.00102235 0)
(0.00477823 0.00242881 0)
(-0.00271137 -0.00489551 0)
(0.00329857 -0.0487871 0)
(0.000207421 0.0439345 0)
(0.000980472 0.0246725 0)
(-0.0040174 0.0134819 0)
(-0.00590246 0.00810717 0)
(-0.00673284 0.00482044 0)
(-0.00645435 0.0030595 0)
(-0.00640828 0.000706992 0)
(-0.00491286 -0.000172658 0)
(-0.00541812 -0.000974187 0)
(-0.00248654 -0.00119672 0)
(-0.00450634 -0.00103695 0)
(-0.00103418 -0.00110206 0)
(-0.00397749 -0.000623332 0)
(-0.000177944 -0.00106736 0)
(-0.00399699 -0.000393408 0)
(0.000965319 -0.00245438 0)
(-0.00548369 -0.00155005 0)
(0.00290161 -0.0108799 0)
(-0.00549156 -0.0219696 0)
(0.00336957 -0.0543882 0)
(0.000435535 0.0357369 0)
(-0.00133607 0.0223966 0)
(-0.00713256 0.0146426 0)
(-0.0092328 0.00811155 0)
(-0.0102132 0.00397717 0)
(-0.00929488 0.00105917 0)
(-0.00806296 -0.00145731 0)
(-0.00624975 -0.00261036 0)
(-0.00608306 -0.00352626 0)
(-0.00263075 -0.00371475 0)
(-0.00451069 -0.00327852 0)
(0.000419252 -0.0038645 0)
(-0.00340726 -0.00196509 0)
(0.00273431 -0.00383176 0)
(-0.00212754 -0.000503487 0)
(0.00435571 -0.00317081 0)
(-0.00125167 -0.000513891 0)
(0.00477591 0.000110275 0)
(-0.00398406 -0.00638506 0)
(0.0039884 -0.0501071 0)
(-0.00331634 0.0416516 0)
(-0.00268287 0.0288047 0)
(-0.0111399 0.0191281 0)
(-0.0131933 0.0115347 0)
(-0.0140939 0.0044934 0)
(-0.0125326 0.000533233 0)
(-0.0100246 -0.001979 0)
(-0.00664512 -0.00301962 0)
(-0.00658869 -0.00360629 0)
(-0.00281815 -0.00326152 0)
(-0.00469799 -0.00291425 0)
(-0.00043165 -0.00236234 0)
(-0.00410477 -0.00193855 0)
(0.00127381 -0.00206133 0)
(-0.00423046 -0.00114911 0)
(0.00283835 -0.00302977 0)
(-0.00521505 -0.000725026 0)
(0.00357116 -0.00725455 0)
(-0.00415466 -0.0180056 0)
(0.00451898 -0.0546836 0)
(-0.00197033 0.0438887 0)
(-0.00375538 0.0333007 0)
(-0.0105207 0.026389 0)
(-0.0153013 0.0130667 0)
(-0.0170488 0.00386486 0)
(-0.0154172 -0.00352421 0)
(-0.0119454 -0.00683495 0)
(-0.00637291 -0.00710533 0)
(-0.00552519 -0.00711221 0)
(-0.00169164 -0.00682796 0)
(-0.00356498 -0.00574605 0)
(0.00135551 -0.00560597 0)
(-0.00298592 -0.00387975 0)
(0.00332388 -0.00486408 0)
(-0.00310981 -0.00216986 0)
(0.00532392 -0.00360595 0)
(-0.00243542 -0.00114826 0)
(0.0057523 -0.00282876 0)
(-0.00494718 -0.0103994 0)
(0.00390278 -0.0514483 0)
(-0.00171063 0.0444811 0)
(-0.00736547 0.0338876 0)
(-0.0131494 0.0266397 0)
(-0.0146912 0.0161269 0)
(-0.0173477 0.0043282 0)
(-0.0168724 -0.00526729 0)
(-0.0125431 -0.0117741 0)
(-0.00653315 -0.00939345 0)
(-0.00379202 -0.00687455 0)
(-0.00116073 -0.00479384 0)
(-0.00327215 -0.00470137 0)
(0.000770246 -0.00251278 0)
(-0.00379228 -0.00277784 0)
(0.00268222 -0.00147626 0)
(-0.00456806 -0.00205635 0)
(0.00552581 -0.00362404 0)
(-0.00403032 0.000151892 0)
(0.0044394 -0.00407194 0)
(-0.0040208 -0.0122745 0)
(0.00547946 -0.0541162 0)
(0.00225638 0.0527865 0)
(-0.00226241 0.0452932 0)
(-0.00340844 0.0355935 0)
(-0.00620753 0.0211731 0)
(-0.00869405 0.00628071 0)
(-0.0103006 -0.00801264 0)
(-0.00741551 -0.0190875 0)
(-0.00551251 -0.0184287 0)
(0.000339449 -0.0130951 0)
(0.00296109 -0.0090537 0)
(0.000106707 -0.00814759 0)
(0.00337433 -0.00651615 0)
(-0.00130573 -0.00636803 0)
(0.00295914 -0.00522236 0)
(-0.00330402 -0.00531481 0)
(0.0045935 -0.00538892 0)
(-0.00555835 2.21721e-05 0)
(0.00751916 -0.00431237 0)
(-0.00539813 -0.0143789 0)
(0.00397891 -0.0524156 0)
(0.00241409 0.0464126 0)
(0.00294805 0.0417885 0)
(0.00651205 0.0304986 0)
(0.00413536 0.0202452 0)
(0.00176303 0.00850387 0)
(0.00271845 -0.00565853 0)
(0.00584267 -0.0158193 0)
(0.000729549 -0.0177972 0)
(-0.000956025 -0.0150215 0)
(0.000277915 -0.00390885 0)
(0.000265469 -0.0036465 0)
(0.00117195 -0.00073315 0)
(-0.00175078 -0.00061177 0)
(-0.00031588 0.000881968 0)
(-0.00646512 -0.00245228 0)
(0.00600866 -0.00117939 0)
(-0.00875467 -0.00173655 0)
(0.00858443 -0.0040299 0)
(-0.00438363 -0.00470109 0)
(0.00648356 -0.0529081 0)
(0.00133666 0.0483031 0)
(0.0121861 0.0405076 0)
(0.0144185 0.0347745 0)
(0.0153882 0.02543 0)
(0.0181507 0.0101749 0)
(0.0192793 -0.0110118 0)
(0.0205076 -0.0174672 0)
(0.0217993 -0.0103003 0)
(0.0142615 -0.00933274 0)
(0.00600992 -0.00990829 0)
(0.00504143 -0.00827405 0)
(0.00415142 -0.00560717 0)
(-0.000679231 -0.00566262 0)
(0.00708975 -0.00178868 0)
(-0.00237999 -0.0125141 0)
(0.00512384 -0.00409668 0)
(-0.00548303 -0.0026435 0)
(0.00518973 -0.010722 0)
(-0.0062989 -0.0139991 0)
(0.00473153 -0.0534173 0)
(0.0103283 0.0332671 0)
(0.0225792 0.0318384 0)
(0.0246347 0.0293295 0)
(0.0319681 0.0202707 0)
(0.028095 0.0079031 0)
(0.0351393 -0.00480328 0)
(0.019759 -0.01835 0)
(0.0221084 -0.0129136 0)
(0.0193178 -0.00538341 0)
(0.0252016 0.0048948 0)
(0.0195776 -0.00329839 0)
(0.0195571 0.00510814 0)
(0.0179299 -0.0018757 0)
(0.0136659 0.00183077 0)
(0.0128994 0.00279638 0)
(-0.0058857 0.00177115 0)
(-0.00467905 -0.000629796 0)
(-0.00125077 -0.00164257 0)
(-0.00545731 -0.00145069 0)
(0.00713274 -0.0529365 0)
(0.00191174 0.0115699 0)
(0.0268707 0.0241925 0)
(0.0318042 0.0253644 0)
(0.0406202 0.020644 0)
(0.0358526 0.00917236 0)
(0.0337054 -0.00399423 0)
(0.0200777 -0.00738542 0)
(0.00821226 -0.00949378 0)
(0.00105655 -0.00955747 0)
(-0.000682061 -0.00709196 0)
(0.00015533 -0.00421278 0)
(-0.00753195 -0.00396815 0)
(0.00269302 0.00053749 0)
(-0.00881712 0.00228882 0)
(0.00396784 0.00480354 0)
(-0.00113026 0.0101765 0)
(0.0075709 -0.00671488 0)
(0.00279407 -0.014257 0)
(-0.00757395 -0.0245426 0)
(0.00556657 -0.0552243 0)
(0.00408031 -0.00150852 0)
(0.0175501 0.00333507 0)
(0.0257454 0.0113676 0)
(0.0304104 0.0163715 0)
(0.0337386 0.014266 0)
(0.0312076 0.00842184 0)
(0.0291564 0.00704153 0)
(0.0258721 0.00388511 0)
(0.0204474 0.00462039 0)
(0.0172089 0.00528501 0)
(0.0104815 0.00324131 0)
(0.0129334 0.00517795 0)
(0.00306184 -0.00229731 0)
(0.0104774 0.00481266 0)
(0.000554573 -0.00536925 0)
(0.00592499 0.00114322 0)
(0.00521158 -0.000248626 0)
(0.0107843 0.0128723 0)
(-0.00475307 0.00219279 0)
(0.00897013 -0.0519642 0)
(0.00678965 -0.00991646 0)
(-0.00143481 0.00722873 0)
(0.00246781 0.0129827 0)
(0.00684412 0.00916964 0)
(0.00862381 0.00883784 0)
(0.00780323 -0.00058671 0)
(0.00449617 0.000701833 0)
(0.00748231 -0.00210709 0)
(-0.00131899 -0.000371812 0)
(0.00829233 0.00114857 0)
(-0.00259984 -0.000156141 0)
(0.00602263 0.00224633 0)
(0.00168884 0.00163331 0)
(-0.00186827 0.00303517 0)
(0.00318834 0.00899278 0)
(-0.00300806 0.00197341 0)
(-0.00942043 -0.0155356 0)
(0.011372 -0.00413605 0)
(-0.00511539 -0.0280293 0)
(0.00676805 -0.05469 0)
(-0.00748308 -0.00772146 0)
(0.0019334 0.00842882 0)
(0.00643273 0.00644098 0)
(0.00537291 0.0109683 0)
(0.0139381 0.0124149 0)
(0.0129673 0.0108038 0)
(0.0155289 0.00707485 0)
(0.015239 0.00750807 0)
(0.0147929 0.00586832 0)
(0.0159532 0.00518637 0)
(0.0143675 0.00710552 0)
(0.0169515 0.00332577 0)
(0.0115412 0.00557546 0)
(0.0194444 0.0060998 0)
(0.00804256 -0.00364264 0)
(0.0220606 0.0125422 0)
(0.0115323 -0.00770211 0)
(0.0114369 0.00777027 0)
(-0.000443275 0.0140551 0)
(0.013707 -0.0460175 0)
(-0.0186452 -0.00441941 0)
(-0.0115428 -0.00399782 0)
(-0.020249 0.00528513 0)
(-0.0101713 0.00252423 0)
(-0.0137787 0.00236615 0)
(-0.00560501 -0.000189196 0)
(-0.0119832 0.00062039 0)
(-0.00428335 -0.000631283 0)
(-0.012081 -0.000202234 0)
(-0.00297227 0.000369641 0)
(-0.0122081 4.51276e-05 0)
(0.00161534 0.0016765 0)
(-0.0129175 -0.00119376 0)
(0.00638725 0.00647364 0)
(-0.00844942 0.0011722 0)
(2.73353e-05 0.00384216 0)
(0.00456149 -0.0054082 0)
(-0.0153925 9.06064e-05 0)
(0.0193565 -0.0312597 0)
(0.0130271 -0.0538358 0)
(0.000397367 0.0175263 0)
(0.0146246 0.0128287 0)
(0.010594 0.00530771 0)
(0.020689 0.00657805 0)
(0.0230164 0.00617937 0)
(0.0271893 0.0063185 0)
(0.0310519 0.00583865 0)
(0.0332461 0.00545906 0)
(0.0369317 0.00571404 0)
(0.0384579 0.0042651 0)
(0.0417872 0.00487673 0)
(0.0427423 0.00303192 0)
(0.0457519 0.00429134 0)
(0.0471874 0.00085215 0)
(0.0495017 0.00418318 0)
(0.0516385 -0.00067782 0)
(0.0527552 0.00382408 0)
(0.0512433 -0.00062964 0)
(0.0463157 -0.00500389 0)
(0.0245523 0.000689521 0)
)
;

boundaryField
{
    movingWall
    {
        type            fixedValue;
        value           uniform (1 0 0);
    }
    fixedWalls
    {
        type            noSlip;
    }
    frontAndBack
    {
        type            empty;
    }
}


// ************************************************************************* //
