/*--------------------------------*- C++ -*----------------------------------*\
| =========                 |                                                 |
| \\      /  F ield         | OpenFOAM: The Open Source CFD Toolbox           |
|  \\    /   O peration     | Version:  5.x                                   |
|   \\  /    A nd           | Web:      www.OpenFOAM.org                      |
|    \\/     M anipulation  |                                                 |
\*---------------------------------------------------------------------------*/
FoamFile
{
    version     2.0;
    format      ascii;
    class       volScalarField;
    location    "9.3";
    object      p;
}
// * * * * * * * * * * * * * * * * * * * * * * * * * * * * * * * * * * * * * //

dimensions      [0 2 -2 0 0 0 0];

internalField   nonuniform List<scalar> 
400
(
-2.3272e-11
-0.000378553
-0.000698482
-0.000914367
-0.00105654
-0.0011469
-0.00118539
-0.0011641
-0.00118132
-0.00124147
-0.00119905
-0.00117288
-0.00120798
-0.00117036
-0.00116913
-0.0011255
-0.00099984
-0.000795698
-0.000574546
0.000302807
-0.000371051
-0.000641257
-0.000866753
-0.00103937
-0.00114174
-0.00120427
-0.00121268
-0.0011806
-0.00118111
-0.00123833
-0.00120989
-0.00115795
-0.00123233
-0.00118951
-0.00118493
-0.00116691
-0.00114919
-0.00110644
-0.00101163
-0.000412309
-0.000662012
-0.00086432
-0.00105454
-0.00116511
-0.00119123
-0.00120431
-0.00120127
-0.00118613
-0.00119327
-0.00120013
-0.00120577
-0.00117776
-0.00121783
-0.00118022
-0.00118891
-0.00117369
-0.00116245
-0.00114335
-0.00108128
-0.000808259
-0.000967911
-0.00112785
-0.00128245
-0.00134942
-0.00132928
-0.00129326
-0.00126549
-0.00123248
-0.00121964
-0.00120687
-0.00121123
-0.0011833
-0.00119804
-0.00117711
-0.00117622
-0.00115946
-0.00116192
-0.00114078
-0.00116812
-0.00104126
-0.00125738
-0.00139828
-0.00153352
-0.00155784
-0.00147562
-0.00137519
-0.0013118
-0.00125941
-0.00123316
-0.00121017
-0.00120989
-0.00118519
-0.00120096
-0.00117746
-0.00119446
-0.00117429
-0.00119382
-0.00117847
-0.00118397
-0.0011057
-0.00149877
-0.00163495
-0.00178521
-0.00177522
-0.00163738
-0.00146984
-0.00136469
-0.00128992
-0.00125203
-0.00121628
-0.00120989
-0.00118416
-0.00118952
-0.00116534
-0.00117391
-0.0011512
-0.00116688
-0.00113525
-0.00116708
-0.00113309
-0.00166921
-0.00180177
-0.00198229
-0.00193254
-0.00173571
-0.00152273
-0.00139055
-0.00130318
-0.00125985
-0.0012163
-0.00121425
-0.00118464
-0.00119521
-0.00116987
-0.00118776
-0.00116222
-0.00118891
-0.00116132
-0.0011991
-0.00114703
-0.00170476
-0.0018591
-0.00204324
-0.00198497
-0.00174559
-0.00152212
-0.00138543
-0.0012944
-0.00125141
-0.00120592
-0.00120099
-0.00117047
-0.00117958
-0.00115232
-0.00117088
-0.00114049
-0.00116841
-0.00112897
-0.00117205
-0.00114404
-0.00151129
-0.00172308
-0.00190458
-0.00188969
-0.00165474
-0.00146147
-0.0013444
-0.00127086
-0.00123341
-0.00120045
-0.00119363
-0.00117173
-0.00117927
-0.00115715
-0.00117687
-0.00114517
-0.00118127
-0.001141
-0.0011969
-0.00114003
-0.00119868
-0.00142401
-0.00161874
-0.00164879
-0.0014903
-0.00135495
-0.00127604
-0.00122519
-0.0011985
-0.00117233
-0.00116838
-0.00114868
-0.00115683
-0.00113539
-0.00115538
-0.00112826
-0.00115948
-0.00111432
-0.00116042
-0.00112143
-0.000905381
-0.00112611
-0.00132254
-0.0013681
-0.00130731
-0.00124843
-0.0012063
-0.00118105
-0.00116982
-0.00116058
-0.00115998
-0.00114943
-0.00115818
-0.00114113
-0.00115896
-0.00112632
-0.00116585
-0.00111475
-0.00117397
-0.00111778
-0.000707649
-0.000929913
-0.0011053
-0.00116218
-0.001155
-0.00114309
-0.00114412
-0.00113855
-0.00113106
-0.00112093
-0.00112339
-0.00111626
-0.00112194
-0.00111273
-0.00113076
-0.00111304
-0.00115372
-0.00110192
-0.00114936
-0.00108875
-0.000714017
-0.000899565
-0.00100214
-0.00104624
-0.00105752
-0.00109038
-0.00112458
-0.00113639
-0.00113074
-0.0011333
-0.00112793
-0.00113392
-0.00114225
-0.00112967
-0.00115125
-0.00110534
-0.00114492
-0.00109967
-0.00115208
-0.0010702
-0.000875206
-0.000991516
-0.000969694
-0.00101253
-0.00103666
-0.00105537
-0.00108022
-0.00108672
-0.00109003
-0.0010911
-0.00109631
-0.00110424
-0.00110229
-0.00109543
-0.00108374
-0.0011168
-0.00114161
-0.00104209
-0.00110825
-0.00107834
-0.000958505
-0.00103833
-0.00100543
-0.00100918
-0.00101648
-0.00102163
-0.00104187
-0.00105781
-0.00107826
-0.00109025
-0.00109979
-0.00113012
-0.00109761
-0.00115321
-0.00114511
-0.00114327
-0.00120187
-0.00112964
-0.00122737
-0.00111976
-0.00114747
-0.00108047
-0.00104256
-0.00103645
-0.00103682
-0.00102628
-0.00106524
-0.0010541
-0.00107758
-0.00107324
-0.00108625
-0.00108656
-0.00109093
-0.00112498
-0.00109878
-0.00109464
-0.00109859
-0.00111168
-0.00113942
-0.00108373
-0.000936152
-0.00105882
-0.00103546
-0.00101453
-0.00102595
-0.00102337
-0.00104005
-0.00103837
-0.00107643
-0.00106041
-0.00111701
-0.0010886
-0.00109736
-0.0011304
-0.00107226
-0.00117534
-0.00121162
-0.00110665
-0.00122089
-0.000998823
-0.000915865
-0.0010599
-0.00103801
-0.00101984
-0.00101629
-0.00102203
-0.00103337
-0.00104755
-0.00106144
-0.00106722
-0.00108401
-0.00105225
-0.00109228
-0.00108152
-0.00110592
-0.00119517
-0.00114096
-0.000990701
-0.000975334
-0.000812557
-0.000881548
-0.00101249
-0.00103976
-0.00103394
-0.00101656
-0.0010107
-0.00102601
-0.00104291
-0.00105426
-0.00106363
-0.0011082
-0.00106092
-0.00112998
-0.00107801
-0.00112993
-0.00116755
-0.00109274
-0.0012417
-0.000975877
-0.000564029
-0.00102873
-0.0010155
-0.000973838
-0.00100051
-0.00100481
-0.00101078
-0.00101711
-0.00104729
-0.00104581
-0.00106057
-0.00106869
-0.00105706
-0.00105308
-0.00103452
-0.00108141
-0.0010982
-0.00109208
-0.000869082
-0.000386221
0.000870948
)
;

boundaryField
{
    movingWall
    {
        type            zeroGradient;
    }
    fixedWalls
    {
        type            zeroGradient;
    }
    frontAndBack
    {
        type            empty;
    }
}


// ************************************************************************* //
