/*--------------------------------*- C++ -*----------------------------------*\
| =========                 |                                                 |
| \\      /  F ield         | OpenFOAM: The Open Source CFD Toolbox           |
|  \\    /   O peration     | Version:  5.x                                   |
|   \\  /    A nd           | Web:      www.OpenFOAM.org                      |
|    \\/     M anipulation  |                                                 |
\*---------------------------------------------------------------------------*/
FoamFile
{
    version     2.0;
    format      ascii;
    class       surfaceScalarField;
    location    "9.3";
    object      phi;
}
// * * * * * * * * * * * * * * * * * * * * * * * * * * * * * * * * * * * * * //

dimensions      [0 3 -1 0 0 0 0];

internalField   nonuniform List<scalar> 
760
(
-9.24573e-07
9.24573e-07
-1.49617e-06
5.71597e-07
-1.86091e-06
3.64738e-07
-2.10214e-06
2.41234e-07
-2.24091e-06
1.38766e-07
-2.30762e-06
6.67163e-08
-2.28476e-06
-2.28669e-08
-2.25468e-06
-3.00745e-08
-2.37383e-06
1.19145e-07
-2.39809e-06
2.42581e-08
-2.32956e-06
-6.85287e-08
-2.39092e-06
6.13588e-08
-2.40065e-06
9.73435e-09
-2.33307e-06
-6.75807e-08
-2.35984e-06
2.67686e-08
-2.28092e-06
-7.89177e-08
-2.21484e-06
-6.60757e-08
-1.88757e-06
-3.27274e-07
-1.21777e-06
-6.69798e-07
-1.21777e-06
-5.78275e-07
1.50285e-06
-1.02406e-06
1.01738e-06
-1.1872e-06
5.27873e-07
-1.15921e-06
2.13243e-07
-1.07266e-06
5.22194e-08
-1.01128e-06
5.34076e-09
-9.82425e-07
-5.17253e-08
-1.00078e-06
-1.17156e-08
-9.23685e-07
4.20461e-08
-9.26913e-07
2.74864e-08
-1.00742e-06
1.19759e-08
-9.53424e-07
7.36494e-09
-9.75082e-07
3.13928e-08
-9.75976e-07
-6.6687e-08
-9.74501e-07
2.5294e-08
-9.47874e-07
-1.05545e-07
-9.8135e-07
-3.26001e-08
-1.03496e-06
-2.73666e-07
-9.07688e-07
-7.97068e-07
-2.12546e-06
-4.6893e-07
1.97178e-06
-8.48783e-07
1.39724e-06
-1.03731e-06
7.16396e-07
-1.01247e-06
1.88409e-07
-8.41251e-07
-1.19002e-07
-6.77398e-07
-1.58512e-07
-5.61089e-07
-1.68034e-07
-4.4412e-07
-1.28685e-07
-3.26071e-07
-7.60028e-08
-2.58721e-07
-3.98645e-08
-2.10652e-07
-3.60926e-08
-1.71791e-07
-3.14959e-08
-1.44255e-07
3.85612e-09
-1.47557e-07
-6.33849e-08
-1.1537e-07
-6.89265e-09
-9.97776e-08
-1.21137e-07
-9.18278e-08
-4.05499e-08
-1.02431e-07
-2.63063e-07
-2.17532e-07
-6.81967e-07
-2.34299e-06
-3.65135e-07
2.33691e-06
-6.88412e-07
1.72051e-06
-9.07819e-07
9.35803e-07
-8.87688e-07
1.68278e-07
-7.21342e-07
-2.85347e-07
-5.48108e-07
-3.31747e-07
-4.09922e-07
-3.0622e-07
-2.97491e-07
-2.41115e-07
-2.11272e-07
-1.62222e-07
-1.34707e-07
-1.16429e-07
-1.01513e-07
-6.92869e-08
-6.73257e-08
-6.56827e-08
-5.94283e-08
-4.04135e-09
-6.25261e-08
-6.02871e-08
-9.79372e-08
2.85184e-08
-1.34229e-07
-8.48452e-08
-1.77906e-07
3.12675e-09
-2.11172e-07
-2.29797e-07
-1.73244e-07
-7.19895e-07
-2.51624e-06
-2.90024e-07
2.62694e-06
-5.78029e-07
2.00852e-06
-7.72577e-07
1.13035e-06
-7.54837e-07
1.50538e-07
-6.25663e-07
-4.14521e-07
-4.76992e-07
-4.80418e-07
-3.63035e-07
-4.20177e-07
-2.78121e-07
-3.2603e-07
-2.07268e-07
-2.33075e-07
-1.43053e-07
-1.80645e-07
-9.39438e-08
-1.18396e-07
-4.872e-08
-1.10906e-07
-5.95048e-09
-4.68109e-08
2.6167e-08
-9.24046e-08
5.18545e-08
2.83096e-09
8.27173e-08
-1.15708e-07
7.0605e-08
1.52391e-08
3.87965e-08
-1.97988e-07
-1.51212e-08
-6.65977e-07
-2.53136e-06
-1.76134e-07
2.80307e-06
-3.76568e-07
2.20895e-06
-5.1397e-07
1.26775e-06
-5.21934e-07
1.58502e-07
-4.19172e-07
-5.17283e-07
-2.8484e-07
-6.1475e-07
-1.83571e-07
-5.21446e-07
-1.13027e-07
-3.96573e-07
-6.39376e-08
-2.82165e-07
-3.43048e-08
-2.10277e-07
-1.51621e-08
-1.37538e-07
-8.68301e-09
-1.17386e-07
9.5409e-10
-5.6448e-08
-8.88046e-09
-8.257e-08
3.4991e-09
-9.54861e-09
-2.57096e-08
-8.64993e-08
-5.18104e-09
-5.28956e-09
-9.81387e-09
-1.93355e-07
-1.46885e-08
-6.61103e-07
-2.54605e-06
-1.0886e-07
2.91193e-06
-1.9186e-07
2.29195e-06
-2.244e-07
1.30029e-06
-1.92509e-07
1.26611e-07
-1.27739e-07
-5.82053e-07
-7.12119e-08
-6.71277e-07
-3.0577e-08
-5.62081e-07
-1.28248e-08
-4.14325e-07
9.70728e-09
-3.04697e-07
1.97109e-08
-2.20281e-07
3.71021e-08
-1.54929e-07
4.73821e-08
-1.27666e-07
5.71455e-08
-6.62114e-08
6.56548e-08
-9.10794e-08
6.06225e-08
-4.5163e-09
6.00287e-08
-8.59055e-08
3.78405e-08
1.68987e-08
-1.31946e-09
-1.54195e-07
-2.91668e-08
-6.33255e-07
-2.57521e-06
8.80518e-08
2.82388e-06
1.58872e-07
2.22113e-06
1.77488e-07
1.28168e-06
2.32331e-07
7.17678e-08
2.13433e-07
-5.63154e-07
1.74113e-07
-6.31957e-07
1.19895e-07
-5.07863e-07
8.39979e-08
-3.78429e-07
6.40378e-08
-2.84737e-07
5.23008e-08
-2.08544e-07
4.51768e-08
-1.47805e-07
3.57332e-08
-1.18222e-07
3.55516e-08
-6.60298e-08
2.54608e-08
-8.09886e-08
3.51487e-08
-1.42042e-08
2.16293e-08
-7.23861e-08
2.25391e-08
1.59889e-08
2.66955e-08
-1.58352e-07
2.38464e-08
-6.30406e-07
-2.55137e-06
4.04743e-07
2.41914e-06
4.99281e-07
2.12659e-06
5.728e-07
1.20816e-06
5.91079e-07
5.34892e-08
5.25199e-07
-4.97275e-07
4.46941e-07
-5.53699e-07
3.57354e-07
-4.18276e-07
2.80534e-07
-3.01609e-07
2.11378e-07
-2.1558e-07
1.68593e-07
-1.6576e-07
1.37977e-07
-1.17189e-07
1.212e-07
-1.01445e-07
1.08252e-07
-5.30818e-08
9.13285e-08
-6.40653e-08
7.10044e-08
6.11984e-09
5.44238e-08
-5.58055e-08
3.64499e-08
3.39628e-08
-5.60699e-09
-1.16295e-07
-3.30466e-08
-6.02967e-07
-2.58441e-06
5.98344e-07
1.82079e-06
7.95582e-07
1.92936e-06
9.80611e-07
1.02313e-06
9.5486e-07
7.92403e-08
7.28753e-07
-2.71168e-07
4.75109e-07
-3.00056e-07
3.08061e-07
-2.51228e-07
2.28972e-07
-2.2252e-07
1.81279e-07
-1.67887e-07
1.45286e-07
-1.29766e-07
1.14551e-07
-8.64547e-08
8.00433e-08
-6.69366e-08
7.39459e-08
-4.69845e-08
4.52031e-08
-3.53225e-08
7.10921e-08
-1.97692e-08
8.89591e-08
-7.36724e-08
6.23808e-08
6.05412e-08
5.86209e-08
-1.12535e-07
3.94372e-08
-5.83783e-07
-2.54498e-06
5.50687e-07
1.27011e-06
9.3271e-07
1.54733e-06
1.14919e-06
8.06645e-07
1.10065e-06
1.27781e-07
9.49291e-07
-1.19806e-07
7.63501e-07
-1.14266e-07
5.79835e-07
-6.75623e-08
4.0603e-07
-4.87147e-08
2.86913e-07
-4.87698e-08
2.06276e-07
-4.91293e-08
1.76415e-07
-5.65944e-08
1.49256e-07
-3.97777e-08
1.39043e-07
-3.67709e-08
1.24093e-07
-2.03722e-08
8.21014e-08
2.2222e-08
2.62089e-08
-1.77799e-08
3.38218e-08
5.29283e-08
-7.4142e-09
-7.12992e-08
-4.37423e-08
-5.47455e-07
-2.58872e-06
7.26742e-07
5.43364e-07
1.12099e-06
1.15309e-06
1.17521e-06
7.52418e-07
9.73963e-07
3.29031e-07
7.96503e-07
5.76544e-08
7.27211e-07
-4.49742e-08
6.3797e-07
2.16793e-08
5.18682e-07
7.05727e-08
3.75871e-07
9.40414e-08
2.75908e-07
5.08344e-08
1.84814e-07
3.44995e-08
1.26408e-07
1.86278e-08
6.84545e-08
2.11827e-08
-2.4809e-08
7.28913e-08
4.74549e-08
-5.00419e-08
-7.44312e-09
3.71181e-08
2.29707e-08
2.25144e-08
6.50972e-08
-1.13426e-07
2.5439e-08
-5.07797e-07
-2.56328e-06
6.53229e-07
-1.09865e-07
1.10262e-06
7.03702e-07
1.2083e-06
6.46729e-07
9.57194e-07
5.80141e-07
5.69985e-07
4.44864e-07
2.67202e-07
2.57808e-07
1.24744e-07
1.64137e-07
7.38461e-08
1.21471e-07
9.11656e-08
7.6722e-08
6.81006e-08
7.38993e-08
1.14315e-07
-1.17153e-08
2.79128e-08
1.0503e-07
1.24874e-07
-7.57782e-08
1.0094e-07
9.68249e-08
8.42282e-08
-3.333e-08
6.82385e-08
5.31078e-08
9.58064e-08
-5.05341e-09
1.1639e-07
-1.34009e-07
-1.39468e-08
-3.7746e-07
-2.57723e-06
3.04932e-07
-4.14798e-07
5.4655e-07
4.62084e-07
7.142e-07
4.7908e-07
8.06896e-07
4.87444e-07
8.31044e-07
4.20716e-07
7.75801e-07
3.13052e-07
7.2883e-07
2.11108e-07
6.53588e-07
1.96713e-07
5.93823e-07
1.36487e-07
4.99652e-07
1.6807e-07
4.49465e-07
3.84726e-08
3.78956e-07
1.75539e-07
2.40832e-07
6.23456e-08
1.65094e-07
1.72563e-07
-1.37903e-07
2.69667e-07
-4.08857e-07
3.24062e-07
-1.6933e-07
-2.4458e-07
-4.79114e-08
-2.55428e-07
2.312e-08
-4.48491e-07
-2.55411e-06
2.57446e-07
-6.72243e-07
3.97853e-07
3.21677e-07
3.05769e-07
5.71163e-07
2.74661e-07
5.18552e-07
2.43691e-07
4.51686e-07
2.34648e-07
3.22094e-07
1.24533e-07
3.21224e-07
8.95961e-08
2.3165e-07
-3.06675e-08
2.56751e-07
-4.8247e-08
1.85649e-07
-1.60782e-07
1.51008e-07
-1.87707e-07
2.02464e-07
-1.95074e-07
6.97124e-08
-2.94711e-07
2.722e-07
1.46275e-09
-2.65068e-08
1.2247e-07
2.03055e-07
2.41662e-08
-1.46277e-07
-2.21164e-07
-1.00974e-08
-8.739e-08
-5.82266e-07
-2.6415e-06
1.65775e-08
-6.88821e-07
1.01462e-07
2.36792e-07
1.95362e-07
4.77264e-07
3.79319e-07
3.34596e-07
3.89401e-07
4.41603e-07
4.48922e-07
2.62574e-07
4.45024e-07
3.25121e-07
4.40116e-07
2.36559e-07
4.55808e-07
2.41058e-07
4.41497e-07
1.9996e-07
4.55163e-07
1.37342e-07
3.63456e-07
2.94171e-07
4.45021e-07
-1.18527e-08
3.65314e-07
3.51908e-07
3.03867e-07
3.494e-08
4.20656e-07
8.62657e-08
2.91049e-07
-1.66705e-08
4.00178e-08
2.40934e-07
7.52486e-08
-6.17496e-07
-2.56625e-06
-3.05453e-07
-3.83368e-07
-5.57967e-07
4.89306e-07
-3.49028e-07
2.68326e-07
-2.87329e-07
2.72897e-07
-2.32382e-07
3.86656e-07
-1.91219e-07
2.21411e-07
-1.19121e-07
2.53023e-07
-1.36192e-07
2.53629e-07
-6.56692e-08
1.70536e-07
-7.05537e-08
2.04845e-07
-6.2597e-08
1.29385e-07
5.47282e-08
1.76846e-07
-7.41126e-08
1.16988e-07
1.58528e-08
2.61942e-07
-6.88441e-08
1.19637e-07
-2.9793e-07
3.15351e-07
1.42836e-07
-4.57436e-07
2.6706e-07
1.1671e-07
4.41454e-08
-3.94582e-07
-2.5221e-06
-4.51272e-08
-3.38241e-07
2.60739e-07
1.8344e-07
3.06574e-07
2.22491e-07
3.04495e-07
2.74976e-07
3.89515e-07
3.01635e-07
4.26589e-07
1.84337e-07
4.74621e-07
2.04991e-07
5.34094e-07
1.94156e-07
5.4251e-07
1.6212e-07
5.95431e-07
1.51924e-07
5.48833e-07
1.75983e-07
5.73601e-07
1.52078e-07
5.96266e-07
9.43229e-08
5.01202e-07
3.57006e-07
6.85258e-07
-6.44183e-08
5.71758e-07
4.28851e-07
4.23674e-07
-3.09352e-07
2.88902e-07
2.51483e-07
2.4558e-07
-3.5126e-07
-2.27652e-06
-7.3641e-07
3.98169e-07
-8.53519e-07
3.00548e-07
-8.55037e-07
2.24009e-07
-7.64247e-07
1.84186e-07
-6.69876e-07
2.07264e-07
-6.10368e-07
1.24829e-07
-5.66853e-07
1.61476e-07
-5.20305e-07
1.47608e-07
-4.69926e-07
1.11741e-07
-4.36927e-07
1.18925e-07
-3.67158e-07
1.06214e-07
-3.05344e-07
9.02645e-08
-2.71334e-07
6.03121e-08
-8.97009e-08
1.75373e-07
-2.18724e-07
6.46049e-08
5.9087e-08
1.5104e-07
-2.23898e-07
-2.63669e-08
9.34347e-08
-6.58505e-08
7.31393e-07
-9.89218e-07
-1.54513e-06
3.98169e-07
6.98717e-07
9.22726e-07
1.10691e-06
1.31418e-06
1.43901e-06
1.60048e-06
1.74809e-06
1.85983e-06
1.97876e-06
2.08497e-06
2.17523e-06
2.23555e-06
2.41092e-06
2.47552e-06
2.62656e-06
2.6002e-06
2.53435e-06
1.54513e-06
)
;

boundaryField
{
    movingWall
    {
        type            calculated;
        value           uniform 0;
    }
    fixedWalls
    {
        type            calculated;
        value           uniform 0;
    }
    frontAndBack
    {
        type            empty;
        value           nonuniform 0();
    }
}


// ************************************************************************* //
