/*--------------------------------*- C++ -*----------------------------------*\
| =========                 |                                                 |
| \\      /  F ield         | OpenFOAM: The Open Source CFD Toolbox           |
|  \\    /   O peration     | Version:  5.x                                   |
|   \\  /    A nd           | Web:      www.OpenFOAM.org                      |
|    \\/     M anipulation  |                                                 |
\*---------------------------------------------------------------------------*/
FoamFile
{
    version     2.0;
    format      ascii;
    class       volScalarField;
    location    "5.4";
    object      p;
}
// * * * * * * * * * * * * * * * * * * * * * * * * * * * * * * * * * * * * * //

dimensions      [0 2 -2 0 0 0 0];

internalField   nonuniform List<scalar> 
400
(
-1.19785e-10
1.94617e-06
6.12764e-06
1.28892e-05
2.29858e-05
3.76316e-05
5.88263e-05
8.97084e-05
0.000134688
0.00019629
0.000254791
0.00021323
-7.81119e-05
-0.000493505
-0.000771162
-0.000792105
-0.000533697
1.5856e-05
0.000699712
0.00135788
-2.48266e-06
-7.72549e-07
2.86841e-06
8.64297e-06
1.69501e-05
2.82527e-05
4.29642e-05
6.09311e-05
7.99129e-05
9.1824e-05
6.98024e-05
-6.7638e-05
-0.000377435
-0.000674555
-0.000842924
-0.000989568
-0.000936895
-0.000531778
2.32512e-05
0.000576933
-7.37659e-06
-6.08895e-06
-3.39105e-06
7.48394e-07
6.383e-06
1.3408e-05
2.13035e-05
2.8565e-05
3.14805e-05
2.16119e-05
-1.85354e-05
-0.000117545
-0.000304402
-0.000543983
-0.000807812
-0.00100328
-0.000987293
-0.000736014
-0.000404646
2.10569e-05
-1.40943e-05
-1.33158e-05
-1.17227e-05
-9.42402e-06
-6.6295e-06
-3.82247e-06
-1.99813e-06
-3.10199e-06
-1.07494e-05
-3.12339e-05
-7.56118e-05
-0.000154737
-0.000286464
-0.000455529
-0.000638492
-0.000744707
-0.000754762
-0.000647116
-0.000477299
-0.000275742
-2.20116e-05
-2.1753e-05
-2.12472e-05
-2.06975e-05
-2.04337e-05
-2.10896e-05
-2.37488e-05
-3.02213e-05
-4.34542e-05
-6.7242e-05
-0.000109923
-0.000171464
-0.000264165
-0.000370767
-0.000480796
-0.000545194
-0.000568822
-0.000515252
-0.00045661
-0.000325516
-3.0477e-05
-3.06956e-05
-3.11497e-05
-3.20726e-05
-3.38089e-05
-3.69784e-05
-4.2549e-05
-5.18679e-05
-6.74135e-05
-8.95182e-05
-0.000127281
-0.000174048
-0.000238109
-0.000303353
-0.000372461
-0.0004033
-0.000421433
-0.000369449
-0.000315704
-0.000283246
-3.89125e-05
-3.95621e-05
-4.08154e-05
-4.29137e-05
-4.61018e-05
-5.09219e-05
-5.81835e-05
-6.83874e-05
-8.47615e-05
-0.000102913
-0.000136039
-0.000169842
-0.000215601
-0.000255206
-0.000301183
-0.000313315
-0.000328694
-0.000300885
-0.00031867
-0.000299404
-4.68217e-05
-4.78696e-05
-4.97685e-05
-5.27473e-05
-5.69287e-05
-6.26326e-05
-7.0935e-05
-8.01579e-05
-9.71871e-05
-0.000111874
-0.000138066
-0.000162261
-0.000196669
-0.000218414
-0.000253475
-0.000247388
-0.000276644
-0.000216507
-0.000253808
-0.000187698
-5.37907e-05
-5.53236e-05
-5.78206e-05
-6.16671e-05
-6.64919e-05
-7.24406e-05
-8.16002e-05
-8.93487e-05
-0.000104897
-0.000117499
-0.000138551
-0.000154667
-0.000181893
-0.0001912
-0.000219745
-0.000201758
-0.000221171
-0.00015468
-0.000131778
-0.000112318
-5.94614e-05
-6.16925e-05
-6.48535e-05
-6.90062e-05
-7.42903e-05
-7.95504e-05
-8.93159e-05
-9.64991e-05
-0.000109325
-0.000119351
-0.000137086
-0.000146215
-0.000169822
-0.000167811
-0.000197248
-0.00016707
-0.000203343
-0.000137284
-0.00020711
-0.000135283
-6.31107e-05
-6.63025e-05
-7.09904e-05
-7.63947e-05
-8.22198e-05
-8.84908e-05
-9.64372e-05
-0.000103546
-0.000114091
-0.000121665
-0.000136653
-0.000141333
-0.00016207
-0.000156696
-0.000183623
-0.000154986
-0.000192834
-0.000120498
-0.000198423
-0.00010793
-6.57141e-05
-7.24829e-05
-7.67796e-05
-8.23397e-05
-8.76543e-05
-9.26805e-05
-9.99622e-05
-0.00010565
-0.0001151
-0.000119974
-0.00013354
-0.000132972
-0.000153158
-0.000138263
-0.000170028
-0.000126968
-0.000180204
-9.47042e-05
-0.000175787
-8.67124e-05
-6.12145e-05
-6.97167e-05
-8.05044e-05
-8.94091e-05
-9.58599e-05
-0.000102633
-0.000108491
-0.000113677
-0.000120917
-0.000124284
-0.000135496
-0.000133723
-0.000151193
-0.00013932
-0.000166152
-0.000136157
-0.000174004
-0.000111255
-0.000177117
-8.95787e-05
-6.22552e-05
-8.78505e-05
-8.99511e-05
-9.84483e-05
-0.000100775
-0.000103499
-0.000108695
-0.000111451
-0.00011844
-0.000119594
-0.000130077
-0.000124751
-0.000140577
-0.000123655
-0.000147435
-0.0001136
-0.00015852
-0.000100473
-0.000172028
-0.000108605
-4.84357e-05
-7.94512e-05
-9.35803e-05
-0.000106627
-0.000112945
-0.000120808
-0.000120729
-0.000123736
-0.000127129
-0.000128437
-0.000135216
-0.000132942
-0.000142844
-0.000135127
-0.000156049
-0.000138578
-0.000176151
-0.000130412
-0.000217761
-0.000137522
-0.000138904
-0.000174417
-0.000107658
-0.000141252
-0.000120713
-0.000111585
-0.000113352
-0.000114808
-0.000120097
-0.000120287
-0.000127701
-0.000122011
-0.000133309
-0.000121233
-0.00013076
-0.000109056
-0.000116959
-0.000125994
-0.000145682
-0.000109669
-4.18555e-05
-0.000183509
-0.00017672
-0.000147509
-0.000124924
-0.000131894
-0.000121319
-0.000130518
-0.000129396
-0.000134264
-0.000136101
-0.000138376
-0.000131734
-0.000145852
-0.000130341
-0.000144184
-0.000221552
-0.000127576
-0.000216599
-3.23319e-05
-7.73392e-05
-0.000249035
-0.00014238
-0.000108856
-0.000124941
-0.000115036
-0.000124367
-0.000126144
-0.000129982
-0.000129777
-0.000130078
-0.000123675
-0.00012717
-0.000115428
-0.000139224
-0.000179703
-9.15332e-05
-3.77065e-05
1.1263e-05
0.000145963
-2.69404e-06
-0.000111981
-0.00012285
-0.000128634
-0.000117213
-0.000115011
-0.000126786
-0.00012696
-0.000130521
-0.000133717
-0.000140722
-0.000146489
-0.000157099
-0.000116589
-0.000134719
-0.000192454
-9.89899e-05
-0.000149184
-8.87395e-05
0.0004162
-0.000154591
-0.000117212
-7.99389e-05
-0.000142424
-9.20514e-05
-0.000107096
-0.000106372
-0.000107813
-0.000103968
-0.000101907
-0.000114667
-0.000116259
-0.000116287
-0.000102958
-9.33338e-05
-6.99661e-05
-9.17367e-05
0.000108945
0.000535979
0.00172577
)
;

boundaryField
{
    movingWall
    {
        type            zeroGradient;
    }
    fixedWalls
    {
        type            zeroGradient;
    }
    frontAndBack
    {
        type            empty;
    }
}


// ************************************************************************* //
