/*--------------------------------*- C++ -*----------------------------------*\
| =========                 |                                                 |
| \\      /  F ield         | OpenFOAM: The Open Source CFD Toolbox           |
|  \\    /   O peration     | Version:  5.x                                   |
|   \\  /    A nd           | Web:      www.OpenFOAM.org                      |
|    \\/     M anipulation  |                                                 |
\*---------------------------------------------------------------------------*/
FoamFile
{
    version     2.0;
    format      ascii;
    class       surfaceScalarField;
    location    "2.7";
    object      phi;
}
// * * * * * * * * * * * * * * * * * * * * * * * * * * * * * * * * * * * * * //

dimensions      [0 3 -1 0 0 0 0];

internalField   nonuniform List<scalar> 
760
(
-8.14581e-09
8.14546e-09
-1.6597e-08
8.45115e-09
-2.49664e-08
8.36941e-09
-3.3197e-08
8.23065e-09
-4.12163e-08
8.0193e-09
-4.89298e-08
7.71349e-09
-5.62149e-08
7.28505e-09
-6.29141e-08
6.6992e-09
-6.88285e-08
5.91447e-09
-7.37122e-08
4.88363e-09
-7.72688e-08
3.55663e-09
-7.91554e-08
1.8866e-09
-7.8988e-08
-1.67357e-10
-7.63096e-08
-2.67837e-09
-7.07611e-08
-5.54851e-09
-6.20745e-08
-8.68661e-09
-5.01766e-08
-1.18979e-08
-3.5292e-08
-1.48846e-08
-1.80408e-08
-1.72512e-08
-1.80408e-08
-8.55413e-09
1.66996e-08
-1.74259e-08
1.73229e-08
-2.62123e-08
1.71559e-08
-3.48548e-08
1.68731e-08
-4.32795e-08
1.6444e-08
-5.13917e-08
1.58257e-08
-5.90691e-08
1.49625e-08
-6.61547e-08
1.37848e-08
-7.24494e-08
1.22092e-08
-7.77051e-08
1.01393e-08
-8.16188e-08
7.4703e-09
-8.38333e-08
4.10113e-09
-8.39601e-08
-4.05025e-11
-8.14603e-08
-5.17827e-09
-7.59072e-08
-1.11015e-08
-6.6943e-08
-1.76508e-08
-5.44183e-08
-2.44226e-08
-3.84919e-08
-3.0811e-08
-1.97801e-08
-3.5963e-08
-3.78209e-08
-8.63771e-09
2.53373e-08
-1.76137e-08
2.62989e-08
-2.65239e-08
2.60661e-08
-3.53212e-08
2.56703e-08
-4.39433e-08
2.50661e-08
-5.2308e-08
2.41904e-08
-6.03065e-08
2.2961e-08
-6.7796e-08
2.12743e-08
-7.45901e-08
1.90033e-08
-8.04485e-08
1.59977e-08
-8.50658e-08
1.20876e-08
-8.80626e-08
7.0979e-09
-8.90096e-08
9.06483e-10
-8.72973e-08
-6.89051e-09
-8.23432e-08
-1.60557e-08
-7.35872e-08
-2.64068e-08
-6.06399e-08
-3.73699e-08
-4.34641e-08
-4.79868e-08
-2.26185e-08
-5.68087e-08
-6.04393e-08
-8.73935e-09
3.40767e-08
-1.78478e-08
3.54074e-08
-2.69212e-08
3.51395e-08
-3.59289e-08
3.4678e-08
-4.48256e-08
3.39628e-08
-5.35481e-08
3.2913e-08
-6.20094e-08
3.14223e-08
-7.009e-08
2.93549e-08
-7.76268e-08
2.65401e-08
-8.43982e-08
2.27691e-08
-9.01068e-08
1.77962e-08
-9.43599e-08
1.1351e-08
-9.66451e-08
3.19172e-09
-9.63132e-08
-7.22239e-09
-9.24998e-08
-1.98691e-08
-8.43223e-08
-3.45843e-08
-7.09524e-08
-5.07399e-08
-5.19369e-08
-6.70022e-08
-2.76362e-08
-8.11094e-08
-8.80756e-08
-8.85253e-09
4.29292e-08
-1.81154e-08
4.46702e-08
-2.73834e-08
4.44075e-08
-3.6647e-08
4.39416e-08
-4.58825e-08
4.31983e-08
-5.50516e-08
4.20821e-08
-6.40971e-08
4.04678e-08
-7.29348e-08
3.81926e-08
-8.14405e-08
3.50458e-08
-8.94304e-08
3.0759e-08
-9.66334e-08
2.49992e-08
-1.02656e-07
1.73738e-08
-1.06932e-07
7.46701e-09
-1.08763e-07
-5.39101e-09
-1.06936e-07
-2.16956e-08
-1.00109e-07
-4.14114e-08
-8.67312e-08
-6.4118e-08
-6.54618e-08
-8.82716e-08
-3.61259e-08
-1.10445e-07
-1.24201e-07
-8.95644e-09
5.18856e-08
-1.83757e-08
5.40895e-08
-2.78501e-08
5.38819e-08
-3.73941e-08
5.34857e-08
-4.7008e-08
5.28122e-08
-5.66831e-08
5.17572e-08
-6.64001e-08
5.01848e-08
-7.61228e-08
4.79154e-08
-8.57858e-08
4.47088e-08
-9.52713e-08
4.02444e-08
-1.04373e-07
3.41009e-08
-1.1274e-07
2.57406e-08
-1.19786e-07
1.45133e-08
-1.24839e-07
-3.37902e-10
-1.26302e-07
-2.02323e-08
-1.22266e-07
-4.54482e-08
-1.10098e-07
-7.62862e-08
-8.67691e-08
-1.116e-07
-5.06705e-08
-1.46544e-07
-1.74872e-07
-9.02395e-09
6.09096e-08
-1.85778e-08
6.36434e-08
-2.82473e-08
6.35514e-08
-3.80717e-08
6.33101e-08
-4.80743e-08
6.28147e-08
-5.82773e-08
6.19603e-08
-6.87056e-08
6.06131e-08
-7.93847e-08
5.85944e-08
-9.03303e-08
5.56544e-08
-1.01526e-07
5.14407e-08
-1.12887e-07
4.54609e-08
-1.24186e-07
3.70404e-08
-1.34957e-07
2.52836e-08
-1.44432e-07
9.13781e-09
-1.51178e-07
-1.34866e-08
-1.52397e-07
-4.42294e-08
-1.44118e-07
-8.45652e-08
-1.2065e-07
-1.35068e-07
-7.65961e-08
-1.90598e-07
-2.51468e-07
-9.01976e-09
6.99294e-08
-1.86599e-08
7.32835e-08
-2.84899e-08
7.33814e-08
-3.85707e-08
7.33909e-08
-4.89408e-08
7.31848e-08
-5.96496e-08
7.26691e-08
-7.07685e-08
7.1732e-08
-8.23956e-08
7.02215e-08
-9.46517e-08
6.79104e-08
-1.07665e-07
6.44538e-08
-1.21538e-07
5.93343e-08
-1.36286e-07
5.17879e-08
-1.51704e-07
4.07022e-08
-1.67063e-07
2.44962e-08
-1.81659e-07
1.10913e-09
-1.9199e-07
-3.38978e-08
-1.92815e-07
-8.374e-08
-1.75052e-07
-1.52831e-07
-1.25316e-07
-2.40335e-07
-3.76784e-07
-8.89277e-09
7.88221e-08
-1.85463e-08
8.29371e-08
-2.8482e-08
8.33171e-08
-3.87783e-08
8.36873e-08
-4.94669e-08
8.38734e-08
-6.06125e-08
8.38147e-08
-7.23283e-08
8.34478e-08
-8.479e-08
8.26832e-08
-9.82397e-08
8.13602e-08
-1.12983e-07
7.91966e-08
-1.29371e-07
7.5723e-08
-1.47772e-07
7.01886e-08
-1.68487e-07
6.14175e-08
-1.91571e-07
4.75804e-08
-2.16404e-07
2.5942e-08
-2.41694e-07
-8.60816e-09
-2.60688e-07
-6.47455e-08
-2.61397e-07
-1.52122e-07
-2.21838e-07
-2.79894e-07
-5.98621e-07
-8.57483e-09
8.7397e-08
-1.81441e-08
9.25063e-08
-2.81168e-08
9.32898e-08
-3.85871e-08
9.41576e-08
-4.95293e-08
9.48157e-08
-6.10008e-08
9.52862e-08
-7.31425e-08
9.55895e-08
-8.62047e-08
9.57454e-08
-1.00561e-07
9.57164e-08
-1.16723e-07
9.53583e-08
-1.35361e-07
9.43614e-08
-1.57325e-07
9.21525e-08
-1.83632e-07
8.77251e-08
-2.15372e-07
7.93198e-08
-2.53409e-07
6.39791e-08
-2.98653e-07
3.66358e-08
-3.4948e-07
-1.39182e-08
-3.92982e-07
-1.0862e-07
-4.08266e-07
-2.6461e-07
-1.00689e-06
-7.84574e-09
9.52427e-08
-1.73307e-08
1.01991e-07
-2.72455e-08
1.03205e-07
-3.79269e-08
1.04839e-07
-4.90585e-08
1.05947e-07
-6.07147e-08
1.06942e-07
-7.30308e-08
1.07906e-07
-8.6319e-08
1.09034e-07
-1.01062e-07
1.10459e-07
-1.17937e-07
1.12233e-07
-1.37869e-07
1.14294e-07
-1.62151e-07
1.16434e-07
-1.92649e-07
1.18223e-07
-2.32007e-07
1.18678e-07
-2.8386e-07
1.15831e-07
-3.54628e-07
1.07404e-07
-4.54326e-07
8.57803e-08
-5.59415e-07
-3.53211e-09
-6.57907e-07
-1.66118e-07
-1.66479e-06
-6.94268e-09
1.02185e-07
-1.60351e-08
1.11084e-07
-2.58165e-08
1.12986e-07
-3.66517e-08
1.15674e-07
-4.7964e-08
1.1726e-07
-5.96878e-08
1.18666e-07
-7.1905e-08
1.20123e-07
-8.49707e-08
1.22099e-07
-9.9481e-08
1.2497e-07
-1.16299e-07
1.29051e-07
-1.36648e-07
1.34644e-07
-1.62267e-07
1.42052e-07
-1.9558e-07
1.51537e-07
-2.40254e-07
1.63352e-07
-3.01776e-07
1.77353e-07
-3.88808e-07
1.94437e-07
-5.25248e-07
2.2222e-07
-6.27342e-07
9.85623e-08
-6.44137e-07
-1.49323e-07
-2.30893e-06
-2.68879e-09
1.04874e-07
-1.34742e-08
1.21869e-07
-2.27409e-08
1.22253e-07
-3.59403e-08
1.28873e-07
-4.70853e-08
1.28405e-07
-5.87488e-08
1.3033e-07
-7.01946e-08
1.31569e-07
-8.22165e-08
1.34121e-07
-9.53658e-08
1.38119e-07
-1.10358e-07
1.44043e-07
-1.28163e-07
1.52449e-07
-1.50517e-07
1.64406e-07
-1.8024e-07
1.8126e-07
-2.21821e-07
2.04933e-07
-2.81397e-07
2.36929e-07
-3.56236e-07
2.69276e-07
-4.65323e-07
3.31307e-07
-5.10163e-07
1.43402e-07
-3.01202e-07
-3.58284e-07
-2.61013e-06
-6.57309e-09
1.11447e-07
-1.20162e-08
1.27312e-07
-2.27125e-08
1.32949e-07
-3.18666e-08
1.38028e-07
-4.30273e-08
1.39565e-07
-5.41018e-08
1.41404e-07
-6.55803e-08
1.43047e-07
-7.73238e-08
1.45865e-07
-8.95912e-08
1.50386e-07
-1.03229e-07
1.57681e-07
-1.19528e-07
1.68748e-07
-1.39982e-07
1.84861e-07
-1.6689e-07
2.08167e-07
-2.01622e-07
2.39666e-07
-2.52414e-07
2.87721e-07
-3.06261e-07
3.23122e-07
-3.50866e-07
3.75912e-07
-3.97003e-07
1.8954e-07
-1.43274e-07
-6.12013e-07
-2.75341e-06
2.7756e-08
8.36913e-08
5.30094e-09
1.49767e-07
-1.13877e-08
1.49638e-07
-3.3793e-08
1.60433e-07
-4.81293e-08
1.53902e-07
-6.09839e-08
1.54259e-07
-6.92441e-08
1.51307e-07
-7.69207e-08
1.53541e-07
-8.3239e-08
1.56705e-07
-9.02345e-08
1.64676e-07
-9.68565e-08
1.7537e-07
-1.05429e-07
1.93434e-07
-1.16227e-07
2.18965e-07
-1.30781e-07
2.54219e-07
-1.646e-07
3.21539e-07
-2.20306e-07
3.78829e-07
-2.77286e-07
4.32892e-07
-3.66199e-07
2.78453e-07
-2.11925e-07
-7.66288e-07
-2.96533e-06
-8.9266e-09
9.26179e-08
-2.87689e-09
1.43717e-07
-1.1664e-08
1.58425e-07
-2.21765e-08
1.70945e-07
-3.1362e-08
1.63087e-07
-4.17735e-08
1.6467e-07
-5.1274e-08
1.60808e-07
-6.12403e-08
1.63508e-07
-7.0258e-08
1.65722e-07
-7.82703e-08
1.72689e-07
-8.71373e-08
1.84237e-07
-9.37885e-08
2.00085e-07
-1.07126e-07
2.32303e-07
-1.13964e-07
2.61057e-07
-1.33834e-07
3.41409e-07
-1.6024e-07
4.05235e-07
-1.41328e-07
4.1398e-07
-1.99268e-07
3.36393e-07
-7.02144e-08
-8.95342e-07
-3.03555e-06
9.29799e-08
-3.61974e-10
3.04072e-09
2.33657e-07
-6.28482e-08
2.24314e-07
-8.93027e-08
1.974e-07
-9.71274e-08
1.70912e-07
-9.93715e-08
1.66914e-07
-9.24859e-08
1.53922e-07
-9.13954e-08
1.62417e-07
-8.12595e-08
1.55586e-07
-7.74988e-08
1.68928e-07
-6.4536e-08
1.71274e-07
-5.06218e-08
1.8617e-07
-2.48554e-08
2.06536e-07
1.81153e-09
2.34391e-07
3.66544e-08
3.06566e-07
5.84947e-08
3.83394e-07
7.77505e-08
3.94725e-07
-1.95445e-09
4.16098e-07
1.44114e-07
-1.04141e-06
-2.89143e-06
1.84954e-07
-1.85316e-07
2.65545e-07
1.53066e-07
2.81695e-07
2.08163e-07
2.24398e-07
2.54697e-07
1.91208e-07
2.04102e-07
1.343e-07
2.23822e-07
1.01723e-07
1.865e-07
6.21238e-08
2.02016e-07
3.75501e-08
1.8016e-07
1.91306e-08
1.87348e-07
9.07452e-09
1.8133e-07
1.06784e-08
1.84567e-07
2.4471e-08
1.92744e-07
5.72025e-08
2.01659e-07
9.77655e-08
2.66003e-07
1.41175e-07
3.39985e-07
2.81736e-07
2.54163e-07
3.78046e-07
3.19788e-07
3.86759e-07
-1.05012e-06
-2.50467e-06
-5.92632e-07
4.07316e-07
-7.12669e-07
2.73103e-07
-7.4443e-07
2.39924e-07
-7.02193e-07
2.1246e-07
-6.91758e-07
1.93667e-07
-6.50918e-07
1.82981e-07
-6.13787e-07
1.4937e-07
-5.85157e-07
1.73386e-07
-5.32151e-07
1.27155e-07
-4.89496e-07
1.44692e-07
-4.43813e-07
1.35646e-07
-3.6852e-07
1.09274e-07
-3.07155e-07
1.31379e-07
-2.17297e-07
1.118e-07
-6.59558e-08
1.14662e-07
1.45636e-07
1.28393e-07
4.48577e-07
-4.8778e-08
8.04921e-07
-3.65549e-08
7.13182e-07
-9.58385e-07
-1.79149e-06
4.07316e-07
6.80419e-07
9.20343e-07
1.1328e-06
1.32647e-06
1.50945e-06
1.65882e-06
1.83221e-06
1.95936e-06
2.10405e-06
2.2397e-06
2.34897e-06
2.48035e-06
2.59215e-06
2.70682e-06
2.83521e-06
2.78643e-06
2.74988e-06
1.79149e-06
)
;

boundaryField
{
    movingWall
    {
        type            calculated;
        value           uniform 0;
    }
    fixedWalls
    {
        type            calculated;
        value           uniform 0;
    }
    frontAndBack
    {
        type            empty;
        value           nonuniform 0();
    }
}


// ************************************************************************* //
