/*--------------------------------*- C++ -*----------------------------------*\
| =========                 |                                                 |
| \\      /  F ield         | OpenFOAM: The Open Source CFD Toolbox           |
|  \\    /   O peration     | Version:  5.x                                   |
|   \\  /    A nd           | Web:      www.OpenFOAM.org                      |
|    \\/     M anipulation  |                                                 |
\*---------------------------------------------------------------------------*/
FoamFile
{
    version     2.0;
    format      ascii;
    class       volVectorField;
    location    "2.7";
    object      U;
}
// * * * * * * * * * * * * * * * * * * * * * * * * * * * * * * * * * * * * * //

dimensions      [0 1 -1 0 0 0 0];

internalField   nonuniform List<vector> 
400
(
(-8.09348e-05 8.05101e-05 0)
(-0.000247308 8.35408e-05 0)
(-0.000416585 8.27456e-05 0)
(-0.000582912 8.13904e-05 0)
(-0.000745774 7.93193e-05 0)
(-0.000903456 7.63133e-05 0)
(-0.0010538 7.209e-05 0)
(-0.00119403 6.63023e-05 0)
(-0.00132059 5.85375e-05 0)
(-0.00142905 4.83273e-05 0)
(-0.001514 3.51764e-05 0)
(-0.00156907 1.85976e-05 0)
(-0.00158694 -1.8073e-06 0)
(-0.00155912 -2.64256e-05 0)
(-0.00147736 -5.48063e-05 0)
(-0.00133525 -8.58347e-05 0)
(-0.00112913 -0.000117435 0)
(-0.000860649 -0.000146681 0)
(-0.00053628 -0.000169745 0)
(-0.00018055 -0.000177304 0)
(-8.49902e-05 0.000247274 0)
(-0.000259688 0.000256521 0)
(-0.000437418 0.000254055 0)
(-0.000612058 0.000249871 0)
(-0.000783119 0.000243501 0)
(-0.000948864 0.000234286 0)
(-0.00110714 0.000221375 0)
(-0.00125517 0.000203718 0)
(-0.00138941 0.000180054 0)
(-0.00150539 0.000148938 0)
(-0.00159765 0.000108807 0)
(-0.00165962 5.81372e-05 0)
(-0.0016838 -4.27797e-06 0)
(-0.00166083 -7.92922e-05 0)
(-0.00158096 -0.000166166 0)
(-0.0014362 -0.000261974 0)
(-0.00122121 -0.000360771 0)
(-0.000936193 -0.000453248 0)
(-0.000586483 -0.000526963 0)
(-0.000198132 -0.000552438 0)
(-8.57754e-05 0.000419738 0)
(-0.000262355 0.000435547 0)
(-0.000442423 0.000431559 0)
(-0.000619846 0.000424774 0)
(-0.000794427 0.000414421 0)
(-0.000964666 0.000399419 0)
(-0.00112867 0.000378366 0)
(-0.00128393 0.000349512 0)
(-0.00142718 0.000310729 0)
(-0.00155419 0.000259523 0)
(-0.00165953 0.000193115 0)
(-0.0017364 0.000108667 0)
(-0.00177674 3.68205e-06 0)
(-0.00177011 -0.000123214 0)
(-0.00170448 -0.000272255 0)
(-0.00156832 -0.000439379 0)
(-0.00135172 -0.000615239 0)
(-0.00105046 -0.000783417 0)
(-0.000666596 -0.000920552 0)
(-0.000227191 -0.000973167 0)
(-8.6715e-05 0.000593207 0)
(-0.000265639 0.000616072 0)
(-0.000448747 0.000611079 0)
(-0.000629895 0.000602503 0)
(-0.000809322 0.00058927 0)
(-0.000985877 0.000569914 0)
(-0.00115807 0.000542528 0)
(-0.00132386 0.000504686 0)
(-0.00148042 0.00045338 0)
(-0.00162396 0.00038498 0)
(-0.00174935 0.000295285 0)
(-0.00184976 0.00017972 0)
(-0.00191623 3.38061e-05 0)
(-0.00193715 -0.000145641 0)
(-0.00189736 -0.000361074 0)
(-0.00177931 -0.000608698 0)
(-0.00156536 -0.000877037 0)
(-0.00124254 -0.00114272 0)
(-0.000806039 -0.00136728 0)
(-0.000279457 -0.00146792 0)
(-8.77381e-05 0.000768849 0)
(-0.000269345 0.000799496 0)
(-0.000456057 0.000794217 0)
(-0.00064169 0.000784953 0)
(-0.000827057 0.000770334 0)
(-0.00101145 0.000748562 0)
(-0.00119394 0.000717287 0)
(-0.00137312 0.00067348 0)
(-0.00154693 0.000613272 0)
(-0.00171232 0.000531821 0)
(-0.00186481 0.000423249 0)
(-0.00199789 0.000280762 0)
(-0.00210211 9.71047e-05 0)
(-0.002165 -0.000134338 0)
(-0.00216756 -0.000420265 0)
(-0.00208434 -0.000760136 0)
(-0.00188594 -0.00114364 0)
(-0.00154254 -0.00154277 0)
(-0.00103637 -0.00189771 0)
(-0.000370614 -0.00209237 0)
(-8.86297e-05 0.000946657 0)
(-0.000272853 0.000986025 0)
(-0.000463339 0.000981367 0)
(-0.000653802 0.000972777 0)
(-0.000845743 0.000958589 0)
(-0.00103896 0.000936762 0)
(-0.00123319 0.00090464 0)
(-0.00142791 0.000858741 0)
(-0.00162212 0.000794477 0)
(-0.00181402 0.000705849 0)
(-0.00200044 0.000585173 0)
(-0.00217592 0.000422935 0)
(-0.00233135 0.000207944 0)
(-0.00245455 -7.20592e-05 0)
(-0.00252319 -0.000428985 0)
(-0.00250275 -0.00087284 0)
(-0.00234822 -0.00140012 0)
(-0.00199968 -0.00198529 0)
(-0.00141813 -0.00254376 0)
(-0.000534387 -0.00293395 0)
(-8.91046e-05 0.00112617 0)
(-0.000275368 0.00117546 0)
(-0.000469339 0.00117253 0)
(-0.0006645 0.00116622 0)
(-0.000863112 0.00115454 0)
(-0.00106545 0.00113535 0)
(-0.00127201 0.00110589 0)
(-0.00148334 0.0010625 0)
(-0.00169988 0.00100019 0)
(-0.00192167 0.000912059 0)
(-0.00214778 0.000788742 0)
(-0.00237517 0.000617759 0)
(-0.00259716 0.00038297 0)
(-0.00280199 6.44543e-05 0)
(-0.00296841 -0.000357161 0)
(-0.00305552 -0.000910863 0)
(-0.00299851 -0.00161136 0)
(-0.00269161 -0.00245207 0)
(-0.00206951 -0.00333286 0)
(-0.000846659 -0.00414913 0)
(-8.87808e-05 0.00130629 0)
(-0.000275889 0.00136709 0)
(-0.000472581 0.00136725 0)
(-0.000671836 0.00136505 0)
(-0.000876672 0.00135809 0)
(-0.00108768 0.00134432 0)
(-0.0013061 0.00132123 0)
(-0.00153368 0.00128542 0)
(-0.00177265 0.00123199 0)
(-0.00202556 0.00115377 0)
(-0.00229484 0.00104037 0)
(-0.00258181 0.000876954 0)
(-0.0028848 0.000642733 0)
(-0.00319486 0.000309274 0)
(-0.00349875 -0.00015991 0)
(-0.00375714 -0.000810206 0)
(-0.00388927 -0.00170316 0)
(-0.00373193 -0.00287621 0)
(-0.00321971 -0.00425668 0)
(-0.00149242 -0.00603232 0)
(-8.70653e-05 0.00148522 0)
(-0.000273069 0.00155968 0)
(-0.000471336 0.00156463 0)
(-0.000673723 0.0015686 0)
(-0.000883916 0.00156853 0)
(-0.00110239 0.00156278 0)
(-0.00133101 0.00154954 0)
(-0.00157268 0.00152629 0)
(-0.00183165 0.00148901 0)
(-0.00211343 0.00143116 0)
(-0.00242473 0.00134244 0)
(-0.00277294 0.00120689 0)
(-0.00316501 0.00100018 0)
(-0.00360489 0.000685681 0)
(-0.00408834 0.000208852 0)
(-0.00459932 -0.000499914 0)
(-0.00506442 -0.00155888 0)
(-0.00527021 -0.00310127 0)
(-0.00528991 -0.00517598 0)
(-0.00296367 -0.00910617 0)
(-8.31339e-05 0.00165886 0)
(-0.000265131 0.00175196 0)
(-0.000463561 0.00176352 0)
(-0.000668019 0.0017765 0)
(-0.000882587 0.00178495 0)
(-0.00110679 0.00178908 0)
(-0.00134273 0.00178824 0)
(-0.00159437 0.00178168 0)
(-0.00186795 0.00176725 0)
(-0.00217234 0.00174046 0)
(-0.00251939 0.00169316 0)
(-0.00292451 0.00161165 0)
(-0.00340674 0.00147327 0)
(-0.00398737 0.00124018 0)
(-0.00468635 0.000849465 0)
(-0.00552827 0.00019896 0)
(-0.0064961 -0.000902451 0)
(-0.00741012 -0.00274719 0)
(-0.00883874 -0.00550686 0)
(-0.00624307 -0.0143387 0)
(-7.35086e-05 0.00182767 0)
(-0.000247722 0.00193922 0)
(-0.000446619 0.00196137 0)
(-0.000652393 0.00198451 0)
(-0.000871479 0.00200419 0)
(-0.00109926 0.00201946 0)
(-0.00133859 0.0020326 0)
(-0.00159387 0.00204526 0)
(-0.00187309 0.0020584 0)
(-0.00218775 0.00207074 0)
(-0.00255371 0.00207782 0)
(-0.00299278 0.00206999 0)
(-0.00353613 0.00202895 0)
(-0.00422835 0.0019235 0)
(-0.00513022 0.00169961 0)
(-0.0063554 0.00126709 0)
(-0.00802204 0.000414505 0)
(-0.00987572 -0.00141256 0)
(-0.0138682 -0.00434492 0)
(-0.0101542 -0.0243709 0)
(-6.34435e-05 0.00195793 0)
(-0.000223171 0.00215291 0)
(-0.000417935 0.00216462 0)
(-0.000625417 0.00222979 0)
(-0.000847662 0.0022433 0)
(-0.00107853 0.00226417 0)
(-0.00131713 0.00228321 0)
(-0.00156883 0.00231186 0)
(-0.00184281 0.0023534 0)
(-0.00215343 0.0024112 0)
(-0.00252106 0.00248822 0)
(-0.00297521 0.00258771 0)
(-0.00355665 0.00270934 0)
(-0.0043225 0.00284363 0)
(-0.00535265 0.00296315 0)
(-0.00682822 0.00305146 0)
(-0.0091031 0.00307448 0)
(-0.0106774 0.00117655 0)
(-0.0170505 -0.00265171 0)
(-0.00563565 -0.0419193 0)
(2.01589e-05 0.00214073 0)
(-0.000141661 0.00222275 0)
(-0.000370024 0.00231911 0)
(-0.000573443 0.00231368 0)
(-0.00083818 0.00238301 0)
(-0.00105985 0.002425 0)
(-0.00129149 0.00248243 0)
(-0.00152413 0.00254464 0)
(-0.00177411 0.00262128 0)
(-0.00205304 0.00272109 0)
(-0.00237657 0.00285428 0)
(-0.00276959 0.00302973 0)
(-0.00327587 0.00326124 0)
(-0.00396764 0.00356262 0)
(-0.00491009 0.00395595 0)
(-0.00614559 0.00442219 0)
(-0.00899469 0.00530259 0)
(-0.00757176 0.0024869 0)
(-0.0160451 -0.00432269 0)
(0.0064702 -0.0533025 0)
(-0.000103008 0.00198432 0)
(-0.000173666 0.00276085 0)
(-0.000321658 0.00264781 0)
(-0.000563302 0.00300367 0)
(-0.000733815 0.00288636 0)
(-0.000978791 0.00292628 0)
(-0.00119678 0.00288806 0)
(-0.00142989 0.00289997 0)
(-0.00166675 0.00295296 0)
(-0.00192169 0.00307474 0)
(-0.00221526 0.00327595 0)
(-0.00257346 0.00359071 0)
(-0.00303222 0.00404376 0)
(-0.00364104 0.00469959 0)
(-0.00449409 0.00563819 0)
(-0.0050722 0.00644508 0)
(-0.0082735 0.00783218 0)
(-0.00402391 0.00373297 0)
(-0.0142154 -0.00856145 0)
(0.00975459 -0.0518018 0)
(0.000622963 0.00258778 0)
(0.000405893 0.00221085 0)
(-0.000164647 0.00256045 0)
(-0.000340901 0.00227671 0)
(-0.000932032 0.00248676 0)
(-0.001061 0.0024939 0)
(-0.00132159 0.00262791 0)
(-0.00146086 0.0027499 0)
(-0.00160075 0.00290482 0)
(-0.00173128 0.00308892 0)
(-0.00186229 0.00333788 0)
(-0.00200626 0.00364939 0)
(-0.00217578 0.00411034 0)
(-0.00237262 0.00466092 0)
(-0.00310557 0.00554763 0)
(-0.00294623 0.00629348 0)
(-0.00673079 0.00697907 0)
(-0.00319903 0.00361393 0)
(-0.0131438 -0.0147597 0)
(0.00583319 -0.0570048 0)
(-0.000264457 0.000537166 0)
(-0.000148048 0.00381251 0)
(5.53238e-05 0.00357521 0)
(-0.000497408 0.00447074 0)
(-0.000420503 0.00396057 0)
(-0.000792815 0.00401262 0)
(-0.000909261 0.00371125 0)
(-0.00113362 0.00366828 0)
(-0.00131438 0.0035968 0)
(-0.00147944 0.00371857 0)
(-0.00164674 0.00386619 0)
(-0.00178656 0.00428528 0)
(-0.00198914 0.00485843 0)
(-0.00210938 0.00572054 0)
(-0.00267693 0.00767247 0)
(-0.00226091 0.00908676 0)
(-0.0046783 0.0107258 0)
(-0.000339647 0.00760232 0)
(-0.00889527 -0.0169373 0)
(0.0068405 -0.0639659 0)
(0.00187152 0.00353993 0)
(0.00159887 0.00234608 0)
(-0.00146399 0.0026917 0)
(-0.00115299 0.001978 0)
(-0.00224508 0.00218129 0)
(-0.00179448 0.00212912 0)
(-0.00201667 0.00233886 0)
(-0.00181427 0.00248654 0)
(-0.00172571 0.00270696 0)
(-0.00161095 0.00286264 0)
(-0.00141338 0.00323734 0)
(-0.0011748 0.00341658 0)
(-0.000962388 0.00412726 0)
(0.000122895 0.00455288 0)
(-6.77419e-05 0.00549031 0)
(0.00168875 0.00669667 0)
(0.000733203 0.00518481 0)
(0.00223988 0.00495473 0)
(-0.00252311 -0.0206324 0)
(0.00953703 -0.0606916 0)
(0.00226176 -0.00361179 0)
(0.00450673 0.00630836 0)
(0.00669494 0.00627867 0)
(0.00449787 0.00635766 0)
(0.00456948 0.00508688 0)
(0.00300124 0.0050808 0)
(0.0024011 0.00423179 0)
(0.001603 0.00449316 0)
(0.000882008 0.00389078 0)
(0.000675136 0.00429609 0)
(3.50651e-05 0.00394374 0)
(0.00035761 0.00440041 0)
(4.81687e-05 0.00451583 0)
(0.000960683 0.00495285 0)
(0.00143235 0.00725922 0)
(0.00225037 0.00903948 0)
(0.00386067 0.0112297 0)
(0.00658799 0.012334 0)
(0.00679713 -0.0194542 0)
(0.0112479 -0.0558756 0)
(-0.0171135 -0.0028373 0)
(-0.00792999 0.000162616 0)
(-0.0195974 0.00160365 0)
(-0.0105877 0.00316899 0)
(-0.0167989 0.0025641 0)
(-0.0117136 0.00317665 0)
(-0.0134057 0.00277939 0)
(-0.0120332 0.00296412 0)
(-0.0106458 0.00289534 0)
(-0.01109 0.00271413 0)
(-0.00837742 0.00289296 0)
(-0.00899353 0.00260198 0)
(-0.00632212 0.00268348 0)
(-0.00550055 0.00311354 0)
(-0.00300097 0.00300387 0)
(-7.96954e-05 0.00371227 0)
(0.00655158 -0.0014159 0)
(0.0106252 -0.000567057 0)
(0.0177999 -0.0263459 0)
(0.0156256 -0.0497647 0)
(0.00490396 0.0174951 0)
(0.012506 0.011207 0)
(0.0138732 0.00867539 0)
(0.0224603 0.00600036 0)
(0.0224153 0.00568032 0)
(0.0310198 0.004729 0)
(0.0294588 0.00357076 0)
(0.0365582 0.00451002 0)
(0.0369371 0.00250698 0)
(0.0415553 0.00348998 0)
(0.0420496 0.00287748 0)
(0.0481808 0.00202734 0)
(0.0457605 0.00303547 0)
(0.0528141 0.00145152 0)
(0.052017 0.00188073 0)
(0.0540299 0.00207806 0)
(0.0567314 -0.000178151 0)
(0.0538162 -0.000234326 0)
(0.0494891 -0.00652653 0)
(0.0314568 -0.0127554 0)
)
;

boundaryField
{
    movingWall
    {
        type            fixedValue;
        value           uniform (1 0 0);
    }
    fixedWalls
    {
        type            noSlip;
    }
    frontAndBack
    {
        type            empty;
    }
}


// ************************************************************************* //
