/*--------------------------------*- C++ -*----------------------------------*\
| =========                 |                                                 |
| \\      /  F ield         | OpenFOAM: The Open Source CFD Toolbox           |
|  \\    /   O peration     | Version:  5.x                                   |
|   \\  /    A nd           | Web:      www.OpenFOAM.org                      |
|    \\/     M anipulation  |                                                 |
\*---------------------------------------------------------------------------*/
FoamFile
{
    version     2.0;
    format      ascii;
    class       volScalarField;
    location    "13.8";
    object      p;
}
// * * * * * * * * * * * * * * * * * * * * * * * * * * * * * * * * * * * * * //

dimensions      [0 2 -2 0 0 0 0];

internalField   nonuniform List<scalar> 
400
(
-2.45296e-08
-0.000493882
-0.000857762
-0.00107222
-0.00117981
-0.0012303
-0.00123393
-0.00124099
-0.00122916
-0.00122899
-0.0012275
-0.00122471
-0.00121806
-0.00119983
-0.00118417
-0.00112438
-0.000991206
-0.000749697
-0.000584106
0.00029798
-0.000520392
-0.000883051
-0.00108185
-0.00119036
-0.00122961
-0.00125107
-0.00124379
-0.00123702
-0.00123002
-0.00122366
-0.0012309
-0.00122664
-0.00124851
-0.00121775
-0.00122434
-0.00116384
-0.00115022
-0.00102388
-0.00103745
-0.000397775
-0.000873844
-0.00111215
-0.00119391
-0.00124533
-0.00123931
-0.00125337
-0.00124729
-0.00123969
-0.00123931
-0.00122823
-0.00123599
-0.00122444
-0.00123364
-0.00121098
-0.00121545
-0.00116959
-0.00115103
-0.00109469
-0.00104473
-0.000792532
-0.0010752
-0.00122112
-0.00124445
-0.00124995
-0.0012505
-0.00124751
-0.00124799
-0.00124277
-0.00124082
-0.00123308
-0.00123327
-0.00122384
-0.00123746
-0.00121494
-0.00122514
-0.00118827
-0.00117785
-0.00113623
-0.00120794
-0.00103329
-0.00115894
-0.0012558
-0.00124266
-0.00125889
-0.00125007
-0.00125072
-0.00125156
-0.00124597
-0.00124657
-0.00123331
-0.00123399
-0.00122694
-0.00123514
-0.00121958
-0.00122188
-0.00119718
-0.00119832
-0.00117202
-0.00115552
-0.00110129
-0.00121414
-0.00125188
-0.00124495
-0.00125409
-0.00125524
-0.00125615
-0.00125934
-0.00125361
-0.00125234
-0.00123962
-0.00123162
-0.00122722
-0.00123539
-0.00121964
-0.00122705
-0.001202
-0.001213
-0.00118188
-0.00120313
-0.00116255
-0.00124001
-0.00127273
-0.00125995
-0.00126262
-0.00126436
-0.00126511
-0.0012683
-0.00126492
-0.00126077
-0.00124636
-0.00123707
-0.00124169
-0.00124778
-0.00123493
-0.00124479
-0.00123185
-0.0012254
-0.00119138
-0.00120624
-0.00117424
-0.00127095
-0.00128222
-0.00128126
-0.00127433
-0.00128117
-0.00128533
-0.00129103
-0.00128634
-0.00128241
-0.00126655
-0.0012446
-0.00123249
-0.00124258
-0.00122948
-0.00124091
-0.0012257
-0.00125318
-0.00119221
-0.00122682
-0.0011937
-0.00129796
-0.00128802
-0.00129323
-0.00129557
-0.00129992
-0.001309
-0.00132067
-0.00131828
-0.00130387
-0.00128862
-0.00128093
-0.00127141
-0.00128028
-0.00126751
-0.00127612
-0.00125521
-0.00125545
-0.00121718
-0.0012727
-0.00121023
-0.00129821
-0.00131739
-0.00131826
-0.00131301
-0.00133633
-0.00135636
-0.00137409
-0.00137715
-0.00135697
-0.00131249
-0.00128694
-0.00127275
-0.00126658
-0.00123941
-0.00126335
-0.00125695
-0.00127753
-0.00124372
-0.00124755
-0.00123938
-0.00130425
-0.00130295
-0.00131679
-0.00133088
-0.0013566
-0.00140025
-0.00146666
-0.00148099
-0.00145748
-0.00139113
-0.00132718
-0.00131333
-0.00131601
-0.00130928
-0.00136391
-0.0013191
-0.00136914
-0.00129283
-0.00131836
-0.00124815
-0.00127685
-0.00127881
-0.00130516
-0.00133144
-0.00140165
-0.00153309
-0.00166666
-0.00171895
-0.00169346
-0.00155756
-0.00136345
-0.00129093
-0.00127187
-0.00125089
-0.0013067
-0.00128148
-0.00131895
-0.00123014
-0.00133435
-0.0012107
-0.00128193
-0.00129762
-0.00131464
-0.00135736
-0.00147749
-0.00165761
-0.00188372
-0.00193759
-0.00189987
-0.00169486
-0.00139519
-0.00129545
-0.00134643
-0.0013472
-0.00137978
-0.00132557
-0.00133032
-0.00126243
-0.00132969
-0.00120993
-0.00126161
-0.00125688
-0.00129437
-0.00133748
-0.00148006
-0.00169059
-0.00193773
-0.00198667
-0.00192263
-0.0017176
-0.001381
-0.00123639
-0.0012786
-0.00125396
-0.00127102
-0.00127112
-0.00128027
-0.00119403
-0.0012383
-0.00127833
-0.00118942
-0.00123794
-0.00125633
-0.00130297
-0.00142023
-0.00164684
-0.00185464
-0.00191364
-0.00184105
-0.00165944
-0.00134386
-0.00127903
-0.00128094
-0.00134
-0.00142767
-0.00142199
-0.00156971
-0.00137942
-0.00147582
-0.00133839
-0.00114198
-0.0011414
-0.00118154
-0.00118964
-0.00130097
-0.00146793
-0.00160612
-0.00169467
-0.0016749
-0.00154024
-0.00132793
-0.00125241
-0.00136427
-0.00139974
-0.00128439
-0.0013674
-0.00124144
-0.00117831
-0.0012049
-0.00120705
-0.00100724
-0.00103872
-0.00111042
-0.00112498
-0.00117399
-0.00129208
-0.00139997
-0.00145962
-0.00153713
-0.00146175
-0.00128121
-0.00121372
-0.00154393
-0.0015204
-0.00130419
-0.00149917
-0.00148948
-0.00119295
-0.00139599
-0.00105345
-0.000826841
-0.00100727
-0.00104414
-0.00104654
-0.00107568
-0.00117704
-0.00127029
-0.00133085
-0.00156194
-0.00169483
-0.00159609
-0.00141192
-0.00136336
-0.00132898
-0.00141328
-0.00143674
-0.00122454
-0.000921658
-0.000837296
-0.000575683
-0.000564688
-0.000811313
-0.000959304
-0.00104824
-0.00103009
-0.00106188
-0.000987235
-0.00107373
-0.00155756
-0.00205256
-0.00186008
-0.00137131
-0.00145686
-0.00110573
-0.00137226
-0.00123214
-0.00103718
-0.00157452
-0.000794191
-0.00035769
-0.000275618
-0.000624447
-0.000876909
-0.00100539
-0.001026
-0.00106682
-0.00121086
-0.00138973
-0.00150896
-0.00151155
-0.00152522
-0.00151762
-0.00142464
-0.00130281
-0.00110777
-0.000952984
-0.00090232
-0.000946478
-0.000311295
0.00142556
)
;

boundaryField
{
    movingWall
    {
        type            zeroGradient;
    }
    fixedWalls
    {
        type            zeroGradient;
    }
    frontAndBack
    {
        type            empty;
    }
}


// ************************************************************************* //
