/*--------------------------------*- C++ -*----------------------------------*\
| =========                 |                                                 |
| \\      /  F ield         | OpenFOAM: The Open Source CFD Toolbox           |
|  \\    /   O peration     | Version:  5.x                                   |
|   \\  /    A nd           | Web:      www.OpenFOAM.org                      |
|    \\/     M anipulation  |                                                 |
\*---------------------------------------------------------------------------*/
FoamFile
{
    version     2.0;
    format      ascii;
    class       volVectorField;
    location    "2.8";
    object      U;
}
// * * * * * * * * * * * * * * * * * * * * * * * * * * * * * * * * * * * * * //

dimensions      [0 1 -1 0 0 0 0];

internalField   nonuniform List<vector> 
400
(
(-8.57802e-05 8.5408e-05 0)
(-0.000262398 8.87939e-05 0)
(-0.000442636 8.82618e-05 0)
(-0.000620478 8.7289e-05 0)
(-0.000795731 8.56966e-05 0)
(-0.000966834 8.32348e-05 0)
(-0.00113172 7.95763e-05 0)
(-0.00128759 7.4309e-05 0)
(-0.00143072 6.69318e-05 0)
(-0.0015563 5.68567e-05 0)
(-0.00165828 4.34322e-05 0)
(-0.00172928 2.59786e-05 0)
(-0.0017607 3.87265e-06 0)
(-0.00174213 -2.33719e-05 0)
(-0.00166283 -5.56896e-05 0)
(-0.00151383 -9.19745e-05 0)
(-0.00128908 -0.000129845 0)
(-0.000988805 -0.000165658 0)
(-0.000619324 -0.000194532 0)
(-0.000209143 -0.000205092 0)
(-8.99681e-05 0.000262202 0)
(-0.0002752 0.000272535 0)
(-0.000464207 0.000270866 0)
(-0.000650695 0.000267843 0)
(-0.000834515 0.000262932 0)
(-0.0010141 0.000255382 0)
(-0.00118742 0.000244209 0)
(-0.00135169 0.000228168 0)
(-0.00150326 0.000205736 0)
(-0.00163734 0.000175107 0)
(-0.00174785 0.00013425 0)
(-0.00182729 8.10471e-05 0)
(-0.00186675 1.35811e-05 0)
(-0.00185511 -6.93931e-05 0)
(-0.00178 -0.00016818 0)
(-0.0016302 -0.000280003 0)
(-0.00139723 -0.000398296 0)
(-0.00107919 -0.000511738 0)
(-0.000680532 -0.000604348 0)
(-0.000230884 -0.000640152 0)
(-9.04864e-05 0.000444619 0)
(-0.000277091 0.000462274 0)
(-0.000467962 0.00045965 0)
(-0.000656812 0.000454861 0)
(-0.000843829 0.000447028 0)
(-0.00102773 0.000434928 0)
(-0.00120681 0.000416954 0)
(-0.00137865 0.000391051 0)
(-0.00153998 0.000354668 0)
(-0.00168637 0.000304726 0)
(-0.00181196 0.000237669 0)
(-0.00190917 0.000149662 0)
(-0.00196844 3.7025e-05 0)
(-0.00197773 -0.0001029 0)
(-0.00192227 -0.000271841 0)
(-0.00178629 -0.000466447 0)
(-0.00155534 -0.00067698 0)
(-0.00122101 -0.000884072 0)
(-0.000782552 -0.0010576 0)
(-0.000268681 -0.00113252 0)
(-9.09924e-05 0.000627307 0)
(-0.000279109 0.000652801 0)
(-0.00047224 0.000649798 0)
(-0.000664112 0.000644142 0)
(-0.000855412 0.000634625 0)
(-0.00104527 0.000619613 0)
(-0.00123247 0.000596944 0)
(-0.00141518 0.000563819 0)
(-0.00159076 0.000516681 0)
(-0.00175544 0.000451122 0)
(-0.0019039 0.000361866 0)
(-0.00202874 0.000242912 0)
(-0.00211993 8.80004e-05 0)
(-0.0021644 -0.000108342 0)
(-0.00214379 -0.000351006 0)
(-0.00203544 -0.000638241 0)
(-0.00181496 -0.000959291 0)
(-0.00146108 -0.00128799 0)
(-0.000962775 -0.00157502 0)
(-0.000338264 -0.00172108 0)
(-9.14133e-05 0.000811164 0)
(-0.000281051 0.000845253 0)
(-0.000476684 0.000842656 0)
(-0.000672026 0.00083735 0)
(-0.000868408 0.000827817 0)
(-0.00106547 0.000812087 0)
(-0.00126266 0.00078755 0)
(-0.00145897 0.000750777 0)
(-0.00165273 0.000697295 0)
(-0.00184123 0.000621353 0)
(-0.0020202 0.000515748 0)
(-0.00218305 0.000371802 0)
(-0.0023197 0.000179688 0)
(-0.00241674 -7.06697e-05 0)
(-0.00245219 -0.000388986 0)
(-0.00239462 -0.00078034 0)
(-0.00220532 -0.00123775 0)
(-0.00183911 -0.00173303 0)
(-0.00126653 -0.00219215 0)
(-0.000463546 -0.00248094 0)
(-9.15152e-05 0.000995834 0)
(-0.000282242 0.00103949 0)
(-0.000480186 0.00103829 0)
(-0.000678979 0.00103481 0)
(-0.000880709 0.00102725 0)
(-0.00108557 0.00101343 0)
(-0.00129382 0.000990467 0)
(-0.00150548 0.000954529 0)
(-0.00172023 0.00090046 0)
(-0.00193703 0.000821349 0)
(-0.00215348 0.000708082 0)
(-0.00236483 0.000548938 0)
(-0.00256243 0.000329405 0)
(-0.00273309 3.24095e-05 0)
(-0.00285349 -0.000358355 0)
(-0.00288424 -0.00086302 0)
(-0.00276785 -0.00148727 0)
(-0.00241957 -0.00221251 0)
(-0.00178238 -0.00294234 0)
(-0.000697335 -0.00353455 0)
(-9.09909e-05 0.00118047 0)
(-0.000281826 0.00123495 0)
(-0.000481396 0.00123632 0)
(-0.000683098 0.00123638 0)
(-0.000889834 0.00123302 0)
(-0.00110231 0.00122402 0)
(-0.00132162 0.0012065 0)
(-0.00154904 0.00117659 0)
(-0.00178597 0.00112886 0)
(-0.00203367 0.0010557 0)
(-0.00229268 0.000946443 0)
(-0.0025618 0.000786446 0)
(-0.0028363 0.00055596 0)
(-0.00310457 0.000229399 0)
(-0.00334771 -0.000222675 0)
(-0.00352359 -0.000838151 0)
(-0.00355477 -0.00165448 0)
(-0.0033018 -0.00268648 0)
(-0.00268395 -0.00384116 0)
(-0.00116315 -0.00510732 0)
(-8.94291e-05 0.00136355 0)
(-0.000278738 0.00143051 0)
(-0.000478753 0.00143589 0)
(-0.000682327 0.0014414 0)
(-0.000893133 0.00144453 0)
(-0.00111217 0.00144327 0)
(-0.00134133 0.00143513 0)
(-0.00158321 0.00141673 0)
(-0.00184122 0.00138306 0)
(-0.00211956 0.00132659 0)
(-0.00242285 0.00123613 0)
(-0.00275547 0.0010953 0)
(-0.00311969 0.000880285 0)
(-0.00351202 0.000557061 0)
(-0.00392146 7.76041e-05 0)
(-0.00431644 -0.000618546 0)
(-0.00461603 -0.00162972 0)
(-0.00462266 -0.00303681 0)
(-0.00430259 -0.00483043 0)
(-0.0021806 -0.007619 0)
(-8.61765e-05 0.00154283 0)
(-0.000271535 0.00162451 0)
(-0.000470459 0.00163568 0)
(-0.000674525 0.00164873 0)
(-0.000888052 0.00166052 0)
(-0.0011118 0.00166956 0)
(-0.00134827 0.00167431 0)
(-0.00160124 0.00167253 0)
(-0.00187626 0.00166055 0)
(-0.00218074 0.00163207 0)
(-0.00252412 0.00157685 0)
(-0.00291782 0.00147849 0)
(-0.00337476 0.00131124 0)
(-0.00390759 0.00103481 0)
(-0.00452394 0.000586677 0)
(-0.005232 -0.000126608 0)
(-0.00597456 -0.00125938 0)
(-0.00654277 -0.00302676 0)
(-0.00718899 -0.00560461 0)
(-0.00455949 -0.0117961 0)
(-8.03708e-05 0.00171341 0)
(-0.000258362 0.00181554 0)
(-0.000454426 0.00183422 0)
(-0.000657576 0.00185791 0)
(-0.000872411 0.00187967 0)
(-0.00109851 0.00190063 0)
(-0.00133851 0.00192047 0)
(-0.00159714 0.00193914 0)
(-0.00188189 0.00195533 0)
(-0.0022035 0.00196559 0)
(-0.00257678 0.00196302 0)
(-0.00302162 0.00193534 0)
(-0.00356432 0.00186152 0)
(-0.00423828 0.00170492 0)
(-0.00508593 0.00140226 0)
(-0.0061683 0.000847132 0)
(-0.00752941 -0.000187411 0)
(-0.00903805 -0.00210318 0)
(-0.0117801 -0.00512539 0)
(-0.00891139 -0.0192173 0)
(-6.77584e-05 0.00187597 0)
(-0.000234213 0.00199714 0)
(-0.000427913 0.00202797 0)
(-0.000629189 0.00206219 0)
(-0.000845496 0.0020972 0)
(-0.00107118 0.00213116 0)
(-0.00130997 0.0021674 0)
(-0.00156663 0.00220838 0)
(-0.00185006 0.00225652 0)
(-0.00217331 0.00231234 0)
(-0.00255454 0.00237361 0)
(-0.00301918 0.00243391 0)
(-0.00360455 0.00248008 0)
(-0.00436599 0.00248883 0)
(-0.00538209 0.00241998 0)
(-0.00682805 0.00221848 0)
(-0.00892412 0.00173427 0)
(-0.0110585 1.10297e-05 0)
(-0.016655 -0.00330736 0)
(-0.00964927 -0.0341587 0)
(-5.56687e-05 0.00199247 0)
(-0.000202848 0.0022116 0)
(-0.00038902 0.00222728 0)
(-0.000588611 0.002315 0)
(-0.000803406 0.0023395 0)
(-0.00102844 0.00237934 0)
(-0.00126147 0.00241943 0)
(-0.00150831 0.00247634 0)
(-0.00177832 0.00255483 0)
(-0.00208702 0.00266079 0)
(-0.00245631 0.00280026 0)
(-0.00291739 0.00298167 0)
(-0.00351361 0.00321293 0)
(-0.0043057 0.00349906 0)
(-0.00536731 0.00383442 0)
(-0.00684815 0.00422476 0)
(-0.0093771 0.00484245 0)
(-0.00967474 0.00246418 0)
(-0.0172694 -0.00310823 0)
(0.00105257 -0.051576 0)
(4.53795e-05 0.00216295 0)
(-0.000104498 0.00225192 0)
(-0.000325018 0.00236178 0)
(-0.00051664 0.00235643 0)
(-0.000782578 0.00244599 0)
(-0.000991919 0.00250607 0)
(-0.00121378 0.00259189 0)
(-0.00143183 0.00268845 0)
(-0.0016661 0.00280718 0)
(-0.0019281 0.00295772 0)
(-0.00223318 0.00315427 0)
(-0.00260469 0.00340988 0)
(-0.00308322 0.00374689 0)
(-0.0037385 0.00419021 0)
(-0.00464088 0.00478415 0)
(-0.00557041 0.00542206 0)
(-0.00876429 0.00662878 0)
(-0.00556523 0.00297077 0)
(-0.0149907 -0.00669019 0)
(0.0100408 -0.0544301 0)
(-9.18938e-05 0.00195338 0)
(-0.000139675 0.00279927 0)
(-0.000277881 0.00269781 0)
(-0.000506233 0.00310437 0)
(-0.000650424 0.00298536 0)
(-0.00088189 0.00305677 0)
(-0.00107786 0.00302771 0)
(-0.00129253 0.00306597 0)
(-0.00150907 0.00314902 0)
(-0.00174086 0.00331447 0)
(-0.00200653 0.00357257 0)
(-0.00232902 0.00396571 0)
(-0.00273974 0.00452076 0)
(-0.00327553 0.00530119 0)
(-0.00411254 0.00646859 0)
(-0.00430164 0.00735597 0)
(-0.00779368 0.00877553 0)
(-0.00316869 0.00424333 0)
(-0.0131968 -0.011926 0)
(0.00733599 -0.0540202 0)
(0.000700375 0.00258041 0)
(0.000518676 0.002241 0)
(-6.58164e-05 0.00257105 0)
(-0.000238938 0.00227206 0)
(-0.000851344 0.0024986 0)
(-0.000954383 0.00250807 0)
(-0.00121023 0.00266974 0)
(-0.0013134 0.00281953 0)
(-0.00142034 0.00301542 0)
(-0.00150764 0.00324325 0)
(-0.00158681 0.00355298 0)
(-0.00166707 0.00392428 0)
(-0.00176881 0.004468 0)
(-0.00179899 0.00507679 0)
(-0.00251514 0.00606469 0)
(-0.00192794 0.00691706 0)
(-0.00567467 0.00748015 0)
(-0.00205767 0.00394869 0)
(-0.0111685 -0.0167402 0)
(0.00541484 -0.0627486 0)
(-0.000184915 0.000299076 0)
(-7.33642e-05 0.00369749 0)
(0.000128949 0.00362396 0)
(-0.000398468 0.00457313 0)
(-0.000292029 0.00406325 0)
(-0.000650145 0.00414459 0)
(-0.000723377 0.00381205 0)
(-0.000917833 0.00381486 0)
(-0.00106407 0.00374182 0)
(-0.0011861 0.00390391 0)
(-0.00130875 0.00407904 0)
(-0.00138535 0.00454654 0)
(-0.00153312 0.00519233 0)
(-0.00152595 0.00605972 0)
(-0.00199158 0.00807464 0)
(-0.00117494 0.00968943 0)
(-0.00341643 0.0111533 0)
(0.00182318 0.00808572 0)
(-0.00609852 -0.0178633 0)
(0.0084419 -0.064076 0)
(0.00204713 0.00332227 0)
(0.00180993 0.00256573 0)
(-0.00146308 0.00271821 0)
(-0.0012194 0.00196366 0)
(-0.00230029 0.0021376 0)
(-0.00180039 0.0020784 0)
(-0.00197262 0.0023006 0)
(-0.00169536 0.00245993 0)
(-0.00156035 0.00272721 0)
(-0.00137697 0.0028898 0)
(-0.00110774 0.00332753 0)
(-0.000774803 0.0035313 0)
(-0.000551875 0.0042717 0)
(0.000642667 0.00477979 0)
(0.000614748 0.00557294 0)
(0.00267336 0.0068495 0)
(0.00219194 0.00472656 0)
(0.0041702 0.00438733 0)
(-0.000830809 -0.0212833 0)
(0.00896173 -0.0593178 0)
(0.0019391 -0.00427263 0)
(0.00491749 0.00617628 0)
(0.00715128 0.00646992 0)
(0.00502349 0.00645931 0)
(0.00521701 0.00509318 0)
(0.00365965 0.00515322 0)
(0.00304348 0.00415352 0)
(0.00232313 0.00456394 0)
(0.00151712 0.00393314 0)
(0.00139892 0.00433359 0)
(0.000724882 0.00407904 0)
(0.00111384 0.00449207 0)
(0.00083887 0.00464281 0)
(0.00181925 0.0050834 0)
(0.00235332 0.00711545 0)
(0.00325435 0.00913511 0)
(0.00472757 0.0103076 0)
(0.00724635 0.0125708 0)
(0.00701874 -0.0180972 0)
(0.0104115 -0.0563359 0)
(-0.0175858 -0.00308513 0)
(-0.00831984 -7.36383e-05 0)
(-0.0201775 0.0015387 0)
(-0.0107563 0.00306699 0)
(-0.017347 0.0023966 0)
(-0.0119574 0.00317523 0)
(-0.0138797 0.00267998 0)
(-0.0123579 0.00293717 0)
(-0.0110617 0.00291247 0)
(-0.0113899 0.00268149 0)
(-0.00875027 0.00290773 0)
(-0.00919166 0.0027001 0)
(-0.00652726 0.00260689 0)
(-0.0058641 0.00320529 0)
(-0.00283943 0.00304514 0)
(-0.000683072 0.00364703 0)
(0.00643746 -0.00196368 0)
(0.00986516 -0.000703254 0)
(0.0175636 -0.026379 0)
(0.0160635 -0.0498236 0)
(0.00464623 0.0176219 0)
(0.0126265 0.0111673 0)
(0.0133686 0.00867197 0)
(0.022546 0.00599553 0)
(0.0218729 0.00557065 0)
(0.0305875 0.00491902 0)
(0.0295094 0.0034298 0)
(0.0356461 0.00446888 0)
(0.0367562 0.00279566 0)
(0.0414434 0.00308206 0)
(0.0410249 0.0032428 0)
(0.0482149 0.00201093 0)
(0.0457739 0.00284871 0)
(0.0514228 0.00202732 0)
(0.0531179 0.00152103 0)
(0.0529415 0.00224331 0)
(0.0567636 0.000361473 0)
(0.0541121 -0.000437381 0)
(0.0484343 -0.00596448 0)
(0.0319364 -0.0119714 0)
)
;

boundaryField
{
    movingWall
    {
        type            fixedValue;
        value           uniform (1 0 0);
    }
    fixedWalls
    {
        type            noSlip;
    }
    frontAndBack
    {
        type            empty;
    }
}


// ************************************************************************* //
