/*--------------------------------*- C++ -*----------------------------------*\
| =========                 |                                                 |
| \\      /  F ield         | OpenFOAM: The Open Source CFD Toolbox           |
|  \\    /   O peration     | Version:  5.x                                   |
|   \\  /    A nd           | Web:      www.OpenFOAM.org                      |
|    \\/     M anipulation  |                                                 |
\*---------------------------------------------------------------------------*/
FoamFile
{
    version     2.0;
    format      ascii;
    class       surfaceScalarField;
    location    "11.3";
    object      phi;
}
// * * * * * * * * * * * * * * * * * * * * * * * * * * * * * * * * * * * * * //

dimensions      [0 3 -1 0 0 0 0];

internalField   nonuniform List<scalar> 
760
(
-1.01929e-06
1.01929e-06
-1.81632e-06
7.97026e-07
-2.09267e-06
2.76356e-07
-2.26375e-06
1.71077e-07
-2.30006e-06
3.63053e-08
-2.35111e-06
5.10509e-08
-2.37336e-06
2.22539e-08
-2.36311e-06
-1.0247e-08
-2.39823e-06
3.51176e-08
-2.41312e-06
1.48906e-08
-2.41162e-06
-1.49991e-09
-2.38379e-06
-2.78365e-08
-2.39343e-06
9.64857e-09
-2.35059e-06
-4.2841e-08
-2.34418e-06
-6.41229e-09
-2.3003e-06
-4.38848e-08
-2.27199e-06
-2.83059e-08
-1.91991e-06
-3.52083e-07
-1.22305e-06
-6.96856e-07
-1.22305e-06
-6.50354e-07
1.66965e-06
-8.78989e-07
1.02566e-06
-9.67157e-07
3.64524e-07
-1.01247e-06
2.16388e-07
-1.03038e-06
5.42129e-08
-1.04194e-06
6.2614e-08
-1.03356e-06
1.38787e-08
-1.05094e-06
7.12615e-09
-1.03007e-06
1.4249e-08
-9.90092e-07
-2.50852e-08
-9.81694e-07
-9.89738e-09
-9.53929e-07
-5.56022e-08
-9.36071e-07
-8.20883e-09
-9.24591e-07
-5.43214e-08
-9.78726e-07
4.77233e-08
-1.00418e-06
-1.84265e-08
-1.03744e-06
4.94727e-09
-1.05043e-06
-3.39095e-07
-9.60273e-07
-7.87009e-07
-2.18332e-06
-3.03958e-07
1.9736e-06
-3.8824e-07
1.10994e-06
-3.57266e-07
3.3355e-07
-3.29257e-07
1.8838e-07
-3.34402e-07
5.93572e-08
-3.25595e-07
5.38073e-08
-3.06531e-07
-5.18537e-09
-2.92237e-07
-7.16771e-09
-2.65399e-07
-1.25897e-08
-2.46403e-07
-4.40809e-08
-2.14338e-07
-4.19624e-08
-2.1813e-07
-5.18101e-08
-1.98252e-07
-2.80869e-08
-2.17283e-07
-3.52899e-08
-2.24646e-07
5.50857e-08
-2.48397e-07
5.32458e-09
-2.26951e-07
-1.64985e-08
-1.39001e-07
-4.27045e-07
-2.11766e-07
-7.14243e-07
-2.39509e-06
-1.20919e-07
2.09452e-06
-1.02324e-07
1.09135e-06
-9.23364e-08
3.23563e-07
-1.03617e-07
1.9966e-07
-1.63476e-07
1.19217e-07
-1.94233e-07
8.45636e-08
-2.01312e-07
1.89439e-09
-2.09465e-07
9.85473e-10
-1.94278e-07
-2.77769e-08
-1.92267e-07
-4.60917e-08
-1.92579e-07
-4.16512e-08
-1.94373e-07
-5.00161e-08
-2.17139e-07
-5.31997e-09
-2.1334e-07
-3.9089e-08
-2.2212e-07
6.3865e-08
-1.37693e-07
-7.91021e-08
-1.1005e-07
-4.41417e-08
-2.42444e-07
-2.94651e-07
-2.25341e-07
-7.31346e-07
-2.62043e-06
-3.51234e-09
2.09804e-06
1.59374e-08
1.0719e-06
-4.73304e-08
3.86831e-07
-1.20721e-07
2.73051e-07
-1.92395e-07
1.90891e-07
-2.3082e-07
1.22988e-07
-2.46338e-07
1.74123e-08
-2.36493e-07
-8.85969e-09
-2.07028e-07
-5.72421e-08
-1.82634e-07
-7.04851e-08
-1.48048e-07
-7.62376e-08
-1.12103e-07
-8.59607e-08
-6.91506e-08
-4.82727e-08
-1.47979e-08
-9.34417e-08
4.62865e-08
2.78068e-09
1.24346e-07
-1.57162e-07
1.13174e-07
-3.29696e-08
6.4431e-08
-2.45908e-07
1.13866e-08
-6.78302e-07
-2.60905e-06
-1.08913e-08
2.10893e-06
4.85225e-10
1.06052e-06
-1.27744e-07
5.1506e-07
-1.89894e-07
3.352e-07
-2.4438e-07
2.45377e-07
-2.69462e-07
1.48071e-07
-2.71893e-07
1.9843e-08
-2.50144e-07
-3.06088e-08
-2.19369e-07
-8.80168e-08
-1.90509e-07
-9.93451e-08
-1.71401e-07
-9.5346e-08
-1.44895e-07
-1.12466e-07
-1.35934e-07
-5.72339e-08
-1.13525e-07
-1.15851e-07
-9.54536e-08
-1.52908e-08
-1.11898e-07
-1.40717e-07
-7.24997e-08
-7.2368e-08
-5.95509e-08
-2.58857e-07
-4.74626e-08
-6.9039e-07
-2.65651e-06
1.67968e-08
2.09213e-06
3.64574e-08
1.04086e-06
-1.16911e-07
6.68429e-07
-2.73542e-07
4.91831e-07
-3.51545e-07
3.23381e-07
-3.70937e-07
1.67463e-07
-3.4467e-07
-6.42416e-09
-3.00902e-07
-7.43771e-08
-2.41694e-07
-1.47225e-07
-1.91991e-07
-1.49047e-07
-1.3359e-07
-1.53747e-07
-9.11215e-08
-1.54935e-07
-3.86151e-08
-1.0974e-07
9.50009e-09
-1.63966e-07
4.88492e-08
-5.46399e-08
9.79305e-08
-1.89798e-07
8.87778e-08
-6.32153e-08
3.63136e-08
-2.06393e-07
-1.12258e-08
-6.42851e-07
-2.66773e-06
-3.73521e-08
2.12948e-06
-1.98194e-07
1.2017e-06
-3.53835e-07
8.24069e-07
-4.72679e-07
6.10675e-07
-5.43984e-07
3.94686e-07
-5.23051e-07
1.46529e-07
-4.25059e-07
-1.04416e-07
-3.49068e-07
-1.50368e-07
-2.79215e-07
-2.17078e-07
-2.19241e-07
-2.09021e-07
-1.74285e-07
-1.98703e-07
-1.41016e-07
-1.88204e-07
-1.06574e-07
-1.44182e-07
-9.40143e-08
-1.76526e-07
-5.93795e-08
-8.92747e-08
-6.24014e-08
-1.86776e-07
-5.79121e-08
-6.77045e-08
-4.85969e-09
-2.59445e-07
1.94165e-08
-6.67127e-07
-2.64832e-06
-1.85542e-08
2.14804e-06
-2.09916e-07
1.39306e-06
-4.50748e-07
1.0649e-06
-6.25591e-07
7.85518e-07
-7.51626e-07
5.2072e-07
-7.11978e-07
1.06881e-07
-5.08231e-07
-3.08162e-07
-3.55393e-07
-3.03206e-07
-2.43703e-07
-3.28769e-07
-1.83743e-07
-2.68981e-07
-1.12506e-07
-2.69941e-07
-8.15905e-08
-2.1912e-07
-3.3376e-08
-1.92396e-07
-2.39075e-08
-1.85994e-07
4.07839e-08
-1.53966e-07
1.04805e-07
-2.50797e-07
9.15867e-08
-5.44866e-08
5.17641e-08
-2.19623e-07
-2.52165e-08
-5.90147e-07
-2.67353e-06
2.64581e-08
2.12158e-06
-2.24058e-07
1.64358e-06
-5.56103e-07
1.39695e-06
-8.50521e-07
1.07994e-06
-9.66854e-07
6.37054e-07
-9.09097e-07
4.91239e-08
-6.8845e-07
-5.2881e-07
-4.20933e-07
-5.70723e-07
-2.25265e-07
-5.24436e-07
-1.76207e-07
-3.18039e-07
-1.28254e-07
-3.17894e-07
-1.14229e-07
-2.33144e-07
-7.52487e-08
-2.31377e-07
-8.90408e-08
-1.72202e-07
-1.73921e-08
-2.25615e-07
1.64535e-08
-2.84643e-07
-1.63115e-08
-2.17217e-08
1.22142e-08
-2.48148e-07
3.3619e-08
-6.11551e-07
-2.63991e-06
-1.71315e-07
2.29289e-06
-3.34356e-07
1.80662e-06
-6.07579e-07
1.67017e-06
-7.53114e-07
1.22547e-06
-8.19023e-07
7.02962e-07
-8.04132e-07
3.42331e-08
-6.59611e-07
-6.7333e-07
-3.83375e-07
-8.46959e-07
-1.31215e-07
-7.76597e-07
-5.84337e-08
-3.9082e-07
6.21368e-09
-3.82541e-07
-1.5811e-09
-2.25349e-07
-3.28677e-08
-2.0009e-07
-9.93764e-08
-1.05693e-07
-2.18105e-08
-3.03181e-07
-4.62511e-08
-2.60202e-07
4.76442e-08
-1.15617e-07
1.29553e-07
-3.30057e-07
-2.28587e-08
-4.5914e-07
-2.66277e-06
6.69802e-08
2.22591e-06
-8.80286e-08
1.96163e-06
-1.72365e-07
1.75451e-06
-1.92494e-07
1.2456e-06
-3.26094e-07
8.36562e-07
-3.58637e-07
6.67764e-08
-2.07114e-07
-8.24853e-07
-3.9592e-08
-1.01448e-06
-1.41127e-08
-8.02076e-07
-1.45831e-08
-3.90349e-07
-5.24415e-09
-3.9188e-07
-5.44721e-08
-1.76121e-07
-9.86154e-08
-1.55947e-07
-2.12003e-07
7.69412e-09
-8.63756e-08
-4.28808e-07
-1.03549e-07
-2.43029e-07
-6.64483e-08
-1.52718e-07
5.64848e-08
-4.5299e-07
4.30399e-08
-4.45695e-07
-2.61973e-06
1.10591e-07
2.11532e-06
2.14085e-07
1.85814e-06
2.82259e-07
1.68633e-06
3.67707e-07
1.16015e-06
4.18533e-07
7.85736e-07
4.26082e-07
5.92278e-08
3.77702e-07
-7.76473e-07
5.00767e-07
-1.13755e-06
6.34674e-07
-9.35984e-07
5.61091e-07
-3.16766e-07
4.7338e-07
-3.0417e-07
2.84758e-07
1.25011e-08
2.58966e-07
-1.30155e-07
2.57738e-07
8.92206e-09
9.86335e-08
-2.69704e-07
-1.02953e-08
-1.341e-07
-6.46801e-08
-9.83327e-08
-1.29645e-07
-3.88025e-07
-6.85777e-08
-5.06762e-07
-2.68831e-06
3.58179e-07
1.75714e-06
5.49163e-07
1.66715e-06
8.19728e-07
1.41577e-06
9.20302e-07
1.05958e-06
1.02483e-06
6.81208e-07
1.07051e-06
1.35519e-08
8.90933e-07
-5.96901e-07
5.23628e-07
-7.70241e-07
4.40292e-07
-8.52648e-07
6.58516e-07
-5.34989e-07
7.63705e-07
-4.09359e-07
8.63277e-07
-8.70709e-08
8.51401e-07
-1.18279e-07
8.35555e-07
2.47681e-08
4.3093e-07
1.34921e-07
-5.23669e-08
3.49197e-07
-7.36912e-08
-7.70084e-08
-1.09137e-07
-3.52579e-07
5.49639e-08
-6.70863e-07
-2.63335e-06
6.67769e-07
1.08937e-06
1.02517e-06
1.30975e-06
1.37513e-06
1.06581e-06
1.65785e-06
7.76852e-07
1.7071e-06
6.31956e-07
1.71051e-06
1.01484e-08
1.46607e-06
-3.52466e-07
8.83734e-07
-1.87901e-07
1.75202e-07
-1.44116e-07
-1.09291e-07
-2.50497e-07
-2.72718e-07
-2.45932e-07
-1.89618e-07
-1.70171e-07
-1.21458e-07
-1.86439e-07
-1.21177e-07
2.44875e-08
1.20394e-07
-1.0665e-07
1.64028e-07
3.05563e-07
3.1598e-07
-2.28961e-07
5.63489e-08
-9.29476e-08
-5.52749e-08
-5.59239e-07
-2.68862e-06
7.42127e-07
3.47247e-07
1.30008e-06
7.51797e-07
1.61797e-06
7.47917e-07
1.87724e-06
5.17581e-07
2.02787e-06
4.81328e-07
2.08724e-06
-4.9218e-08
1.87402e-06
-1.39246e-07
1.80578e-06
-1.19664e-07
1.69919e-06
-3.7527e-08
1.3469e-06
1.01795e-07
1.0273e-06
7.36664e-08
6.62987e-07
1.94145e-07
4.75853e-07
6.94606e-10
3.1434e-07
1.86e-07
1.10044e-07
9.76452e-08
1.76014e-07
2.39593e-07
3.33514e-07
-3.8646e-07
1.67885e-07
7.2681e-08
1.23294e-07
-5.14649e-07
-2.56533e-06
5.53058e-07
-2.05811e-07
7.12862e-07
5.91993e-07
9.07384e-07
5.53394e-07
9.9513e-07
4.29836e-07
9.47539e-07
5.28919e-07
6.52398e-07
2.45923e-07
4.30077e-07
8.30753e-08
2.70019e-07
4.03939e-08
1.98363e-07
3.41291e-08
2.0536e-07
9.47975e-08
1.02446e-07
1.76581e-07
1.80992e-07
1.15599e-07
-2.30379e-09
1.8399e-07
-3.48072e-08
2.18504e-07
-5.1679e-09
6.80059e-08
-2.01697e-07
4.36122e-07
2.42729e-08
-6.1243e-07
9.46667e-08
2.2872e-09
-7.73275e-09
-4.12249e-07
-2.57306e-06
7.44245e-08
-2.80235e-07
4.63707e-07
2.02711e-07
5.87354e-07
4.29748e-07
7.40007e-07
2.77183e-07
9.53955e-07
3.1497e-07
9.7823e-07
2.21648e-07
9.46402e-07
1.14904e-07
8.8446e-07
1.02335e-07
8.17336e-07
1.01253e-07
8.11565e-07
1.00568e-07
7.81175e-07
2.06971e-07
7.80727e-07
1.16046e-07
8.0991e-07
1.54808e-07
6.97932e-07
3.30481e-07
8.39059e-07
-7.31211e-08
8.56448e-07
4.18734e-07
6.22521e-07
-3.78503e-07
3.7068e-07
2.54127e-07
2.96618e-07
-3.38187e-07
-2.27644e-06
-6.45054e-07
3.64819e-07
-7.1425e-07
2.71907e-07
-5.86078e-07
3.01576e-07
-4.8509e-07
1.76195e-07
-3.71173e-07
2.01053e-07
-3.0899e-07
1.59465e-07
-3.51582e-07
1.57496e-07
-3.62374e-07
1.13128e-07
-3.8979e-07
1.28669e-07
-3.88497e-07
9.92752e-08
-2.95629e-07
1.14104e-07
-2.83908e-07
1.04325e-07
-1.96657e-07
6.7557e-08
-4.36179e-08
1.77441e-07
-2.55415e-07
1.38676e-07
7.94937e-08
8.38253e-08
-2.48646e-07
-5.03632e-08
5.02818e-08
-4.48004e-08
7.31117e-07
-1.01902e-06
-1.54533e-06
3.64819e-07
6.36726e-07
9.38301e-07
1.1145e-06
1.31555e-06
1.47501e-06
1.63251e-06
1.74564e-06
1.87431e-06
1.97358e-06
2.08769e-06
2.19201e-06
2.25957e-06
2.43701e-06
2.57569e-06
2.65951e-06
2.60915e-06
2.56435e-06
1.54533e-06
)
;

boundaryField
{
    movingWall
    {
        type            calculated;
        value           uniform 0;
    }
    fixedWalls
    {
        type            calculated;
        value           uniform 0;
    }
    frontAndBack
    {
        type            empty;
        value           nonuniform 0();
    }
}


// ************************************************************************* //
