/*--------------------------------*- C++ -*----------------------------------*\
| =========                 |                                                 |
| \\      /  F ield         | OpenFOAM: The Open Source CFD Toolbox           |
|  \\    /   O peration     | Version:  5.x                                   |
|   \\  /    A nd           | Web:      www.OpenFOAM.org                      |
|    \\/     M anipulation  |                                                 |
\*---------------------------------------------------------------------------*/
FoamFile
{
    version     2.0;
    format      ascii;
    class       volVectorField;
    location    "11.3";
    object      U;
}
// * * * * * * * * * * * * * * * * * * * * * * * * * * * * * * * * * * * * * //

dimensions      [0 1 -1 0 0 0 0];

internalField   nonuniform List<vector> 
400
(
(-0.0120691 -0.000511263 0)
(-0.0323939 0.00599908 0)
(-0.03913 0.000210612 0)
(-0.0439504 0.000509928 0)
(-0.0448321 -0.00104196 0)
(-0.0457653 -0.000420357 0)
(-0.0479951 -0.000628711 0)
(-0.0466764 -0.00191729 0)
(-0.0472012 -9.95473e-05 0)
(-0.0488923 -0.000773722 0)
(-0.0479108 -0.00132864 0)
(-0.0481418 -0.00171004 0)
(-0.0477229 -0.00101513 0)
(-0.0468904 -0.00121865 0)
(-0.0489254 -0.00138011 0)
(-0.0459112 -0.000371248 0)
(-0.0474558 0.000526293 0)
(-0.0408151 -0.00558063 0)
(-0.0413922 -0.0102666 0)
(-0.00116607 -0.0149241 0)
(-0.00867898 0.0367438 0)
(-0.019569 0.0228352 0)
(-0.0156197 0.00941489 0)
(-0.0219483 0.00562548 0)
(-0.0189131 0.00223011 0)
(-0.0212495 0.00231071 0)
(-0.0207845 0.00140437 0)
(-0.0204893 0.00145339 0)
(-0.021233 0.00146896 0)
(-0.0200655 0.00129096 0)
(-0.0199317 0.00125722 0)
(-0.0187539 0.000545057 0)
(-0.0200711 0.0014261 0)
(-0.0164045 -0.000381905 0)
(-0.0215864 0.00118789 0)
(-0.0164094 -0.00156435 0)
(-0.0254709 -0.00211811 0)
(-0.0149813 -0.0107091 0)
(-0.0302949 -0.0210693 0)
(-0.00332667 -0.0390404 0)
(-0.00558378 0.0336873 0)
(-0.00824761 0.0194588 0)
(-0.00622774 0.0058878 0)
(-0.00756498 0.00326028 0)
(-0.00582951 8.87928e-05 0)
(-0.00717749 0.000116464 0)
(-0.0059968 -0.000774771 0)
(-0.00598409 -0.00113303 0)
(-0.00602778 -0.000940648 0)
(-0.00420529 -0.00218401 0)
(-0.00613067 -0.0016563 0)
(-0.0019294 -0.00265842 0)
(-0.00730829 -0.00183136 0)
(-0.000121937 -0.0019981 0)
(-0.00905891 0.000517179 0)
(0.000560474 0.000724371 0)
(-0.0111533 0.00245715 0)
(0.00241997 -0.00132625 0)
(-0.00868266 -0.00768016 0)
(0.00164261 -0.0458866 0)
(-0.00365646 0.0428709 0)
(-0.00197839 0.0251836 0)
(-0.00161242 0.00780421 0)
(-0.00202364 0.00456139 0)
(-0.00224589 0.00243503 0)
(-0.00424244 0.00215939 0)
(-0.00366088 0.000569374 0)
(-0.00421382 0.000824385 0)
(-0.0043845 0.000486777 0)
(-0.00314001 0.000318089 0)
(-0.00482835 0.00011151 0)
(-0.00255817 0.000497013 0)
(-0.00557213 0.000864401 0)
(-0.00261463 0.000758522 0)
(-0.00647828 0.00186877 0)
(-0.0018491 -0.000432116 0)
(-0.00402029 -0.00300954 0)
(-6.70752e-05 -0.0156642 0)
(-0.0106285 -0.0226978 0)
(0.0028072 -0.0510403 0)
(-0.00116264 0.0431283 0)
(0.00096655 0.0205012 0)
(-0.000275251 0.00587967 0)
(-0.00163172 0.0038187 0)
(-0.00314375 0.00253597 0)
(-0.00457718 0.00134088 0)
(-0.00481835 -0.000478503 0)
(-0.004769 -0.00077256 0)
(-0.00501726 -0.00160766 0)
(-0.00287577 -0.00207276 0)
(-0.00485239 -0.00192136 0)
(-0.000644626 -0.00243725 0)
(-0.00421773 -0.00114421 0)
(0.00175916 -0.00248788 0)
(-0.00248114 0.000476181 0)
(0.00451766 -0.003088 0)
(0.000168113 0.00100257 0)
(0.00452335 0.00338335 0)
(-0.00217003 -0.00485567 0)
(0.00277324 -0.0507956 0)
(-0.00284104 0.040362 0)
(0.0023105 0.0209134 0)
(-0.00228321 0.00881748 0)
(-0.00299768 0.00664409 0)
(-0.004546 0.00483528 0)
(-0.00514441 0.00348454 0)
(-0.00582849 0.00113343 0)
(-0.00478038 0.000390626 0)
(-0.00552527 -0.00064242 0)
(-0.00291661 -0.000835582 0)
(-0.00502032 -0.00093905 0)
(-0.00151367 -0.000962698 0)
(-0.00458647 -0.000585309 0)
(-0.000524033 -0.00101334 0)
(-0.00433505 -0.00031163 0)
(0.000849844 -0.00267086 0)
(-0.00577099 -0.00213237 0)
(0.00329217 -0.0124454 0)
(-0.00608638 -0.0231183 0)
(0.00450641 -0.0539382 0)
(-0.00219857 0.045502 0)
(0.00276101 0.0227449 0)
(-0.0010902 0.0129021 0)
(-0.00398452 0.0074589 0)
(-0.00674817 0.00546384 0)
(-0.00728161 0.00272909 0)
(-0.00743959 -0.000252461 0)
(-0.00608384 -0.00153661 0)
(-0.00627652 -0.00291855 0)
(-0.00299341 -0.0031518 0)
(-0.00507961 -0.00308728 0)
(0.000101319 -0.00367515 0)
(-0.00405973 -0.001927 0)
(0.00272696 -0.00388805 0)
(-0.00245199 -0.000435077 0)
(0.00462658 -0.00343728 0)
(-0.00100298 -0.00101825 0)
(0.00480302 0.00123341 0)
(-0.00354296 -0.00503543 0)
(0.00321658 -0.0511951 0)
(-0.000756072 0.0382355 0)
(-0.000877265 0.0184917 0)
(-0.00677629 0.0128175 0)
(-0.00787449 0.011636 0)
(-0.0109325 0.00729875 0)
(-0.0107805 0.00401586 0)
(-0.00976278 -1.98386e-05 0)
(-0.00699854 -0.0014028 0)
(-0.0072407 -0.00284973 0)
(-0.00357678 -0.00266891 0)
(-0.00552772 -0.00278523 0)
(-0.00112213 -0.00230226 0)
(-0.00481803 -0.00214888 0)
(0.00083342 -0.00234612 0)
(-0.004891 -0.00150155 0)
(0.00279171 -0.00362976 0)
(-0.00562291 -0.00126345 0)
(0.00365651 -0.00875689 0)
(-0.00394293 -0.0196742 0)
(0.00483003 -0.05532 0)
(-0.000840851 0.0451918 0)
(-1.46974e-05 0.0285653 0)
(-0.00781042 0.0209728 0)
(-0.011045 0.0135735 0)
(-0.0144749 0.00917544 0)
(-0.0152985 0.00229648 0)
(-0.0124201 -0.00382988 0)
(-0.00775713 -0.00452156 0)
(-0.00660878 -0.00601437 0)
(-0.00289425 -0.00598253 0)
(-0.00477173 -0.00550856 0)
(0.000559591 -0.00555474 0)
(-0.00409829 -0.00399022 0)
(0.00294982 -0.00506629 0)
(-0.00407404 -0.00237126 0)
(0.00594438 -0.00430742 0)
(-0.00215958 -0.00171681 0)
(0.00622724 -0.00238473 0)
(-0.00449953 -0.00830395 0)
(0.00371839 -0.0511004 0)
(0.00234292 0.0420281 0)
(-0.00112925 0.0292195 0)
(-0.00820813 0.0220686 0)
(-0.0149439 0.017666 0)
(-0.0197218 0.0112693 0)
(-0.0193776 0.0018406 0)
(-0.0156291 -0.00816206 0)
(-0.0113169 -0.00723968 0)
(-0.00581346 -0.00678331 0)
(-0.00304129 -0.0044032 0)
(-0.0043657 -0.00486555 0)
(-0.000447502 -0.00280622 0)
(-0.00444343 -0.00324354 0)
(0.00169745 -0.00198661 0)
(-0.00558104 -0.00342148 0)
(0.00503444 -0.00529455 0)
(-0.0045489 -0.000181484 0)
(0.00407559 -0.00574475 0)
(-0.00371924 -0.0138867 0)
(0.00519541 -0.0551579 0)
(-0.00438462 0.0413494 0)
(-0.00280109 0.0340704 0)
(-0.0107957 0.0316836 0)
(-0.0144824 0.0237364 0)
(-0.0164845 0.0130496 0)
(-0.0172958 -8.73485e-05 0)
(-0.0135764 -0.0140927 0)
(-0.0114718 -0.0165554 0)
(-0.00432277 -0.0150327 0)
(-0.00104572 -0.00881873 0)
(-0.00155031 -0.00838176 0)
(0.0018878 -0.00698527 0)
(-0.00199199 -0.00659064 0)
(0.000885807 -0.00521316 0)
(-0.00523265 -0.00595832 0)
(0.00457303 -0.00659516 0)
(-0.00680462 -0.000904868 0)
(0.00913441 -0.00483939 0)
(-0.00471302 -0.0122152 0)
(0.00410378 -0.0510664 0)
(0.000901533 0.0483376 0)
(0.00162768 0.0383716 0)
(-0.0054514 0.0337893 0)
(-0.00183257 0.0237298 0)
(-0.0063366 0.0134627 0)
(-0.00787527 0.00102978 0)
(-0.00528169 -0.0142798 0)
(-0.00203276 -0.0168413 0)
(0.000379701 -0.0154468 0)
(-0.00110689 -0.00640102 0)
(0.000389624 -0.00675586 0)
(-0.000521527 -0.001591 0)
(-0.00187602 -0.000858864 0)
(-0.00192187 0.00122073 0)
(-0.00711291 -0.00568112 0)
(0.00419329 -0.00321374 0)
(-0.0089241 -0.00312403 0)
(0.00665007 -0.00750784 0)
(-0.00467912 -0.00457362 0)
(0.00657801 -0.0538102 0)
(-0.000145118 0.0415346 0)
(0.00419041 0.0390456 0)
(0.00390164 0.0368601 0)
(0.00675314 0.0256603 0)
(0.00700758 0.0207767 0)
(0.00914358 0.00213633 0)
(0.00868423 -0.0192213 0)
(0.00797372 -0.0251643 0)
(0.0124858 -0.0163071 0)
(0.011665 -0.00857146 0)
(0.0108291 -0.00792478 0)
(0.00774118 -0.00501187 0)
(0.00320989 -0.00566743 0)
(0.00743181 -0.000993393 0)
(0.00214852 -0.0124971 0)
(0.00252737 -0.0071496 0)
(-0.00318479 -0.00372758 0)
(0.00110596 -0.01179 0)
(-0.00695607 -0.0147662 0)
(0.00465057 -0.0529292 0)
(0.00703484 0.0439195 0)
(0.0066315 0.036928 0)
(0.0139082 0.0302464 0)
(0.0198967 0.0216576 0)
(0.0155563 0.0106565 0)
(0.0231338 -0.000211777 0)
(0.0221989 -0.0109146 0)
(0.0156974 -0.019269 0)
(0.0040785 -0.0225725 0)
(0.0125261 -0.00513111 0)
(0.0146009 -0.00533421 0)
(0.0151839 0.00532541 0)
(0.0194099 -4.92503e-05 0)
(0.0144589 0.00148796 0)
(0.018973 0.00264553 0)
(-0.000459913 0.00253881 0)
(-0.00218968 0.000492736 0)
(-0.000198583 -0.002457 0)
(-0.00473125 -0.00376829 0)
(0.00718392 -0.053127 0)
(0.00563135 0.02961 0)
(0.0193325 0.0323414 0)
(0.0217441 0.0288098 0)
(0.0323567 0.0221129 0)
(0.0327207 0.01766 0)
(0.0346591 0.000948703 0)
(0.0357801 -0.0115418 0)
(0.025738 -0.00953035 0)
(0.00821615 -0.00924766 0)
(-0.00166322 -0.0148056 0)
(-0.00273272 -0.0107955 0)
(-0.00892431 -0.00926103 0)
(0.00242933 -0.00432811 0)
(-0.00827899 -0.000916537 0)
(0.00432106 0.00214203 0)
(4.39046e-05 0.00974991 0)
(0.00577447 -0.00436488 0)
(0.00827129 -0.0129825 0)
(-0.00670358 -0.0257125 0)
(0.00515041 -0.0545255 0)
(0.00351384 0.015057 0)
(0.023807 0.0196856 0)
(0.0298711 0.0150984 0)
(0.034469 0.0110275 0)
(0.0408147 0.00960315 0)
(0.0417647 -0.00029497 0)
(0.0400096 -0.00199056 0)
(0.0368067 0.00113128 0)
(0.0340178 0.00257496 0)
(0.034469 0.00438921 0)
(0.0205879 0.00214242 0)
(0.0199382 0.00371392 0)
(0.00669193 -0.00228917 0)
(0.0118974 0.00244323 0)
(6.69266e-05 -0.00579491 0)
(0.00493056 0.00428812 0)
(0.00146575 -0.00306064 0)
(0.0114601 0.0098567 0)
(-0.004354 0.00616873 0)
(0.00940814 -0.0510531 0)
(0.00709194 -0.00273039 0)
(0.0136015 0.00960945 0)
(0.016035 0.0134998 0)
(0.0192347 0.00838541 0)
(0.0217234 0.00880194 0)
(0.0165742 -0.00190463 0)
(0.00821687 -0.00379536 0)
(0.00999841 -0.00546752 0)
(-3.40781e-05 -0.00392622 0)
(0.00876733 -0.00016318 0)
(-0.00111427 0.000168139 0)
(0.0050517 0.00273833 0)
(0.00289722 0.00218188 0)
(-0.00312048 0.00355303 0)
(0.00215088 0.00904836 0)
(-0.00241933 0.00390458 0)
(-0.00700218 -0.0148889 0)
(0.00858428 -0.00749377 0)
(-0.00605051 -0.029636 0)
(0.00607438 -0.0544454 0)
(-0.00625465 -0.00527691 0)
(0.00841621 0.0120627 0)
(0.0121121 0.00887549 0)
(0.0101242 0.00884273 0)
(0.0196792 0.0109399 0)
(0.0188844 0.0106373 0)
(0.0192 0.00663087 0)
(0.0191046 0.0067735 0)
(0.0161395 0.00550072 0)
(0.017247 0.00386345 0)
(0.0143754 0.00759312 0)
(0.0179424 0.00264396 0)
(0.0124771 0.00605983 0)
(0.0194756 0.00633205 0)
(0.00994493 -0.00575121 0)
(0.0211975 0.0133536 0)
(0.0138222 -0.00735622 0)
(0.0133904 0.00788575 0)
(-0.000543374 0.0154676 0)
(0.0141526 -0.0450164 0)
(-0.0171777 -0.00475942 0)
(-0.0103609 -0.00292048 0)
(-0.0167906 0.0072889 0)
(-0.00741704 0.00173007 0)
(-0.0113233 0.00243743 0)
(-0.00283922 -0.000772761 0)
(-0.0103469 -0.00142809 0)
(-0.00315147 -0.00212285 0)
(-0.0118051 -0.00139863 0)
(-0.00351335 -0.000218756 0)
(-0.0123917 -4.51488e-06 0)
(0.00143071 0.00141304 0)
(-0.0140494 -0.000862229 0)
(0.00748398 0.00634983 0)
(-0.00981611 0.00211883 0)
(-5.22768e-05 0.00446555 0)
(0.00410808 -0.00672369 0)
(-0.0162429 -0.00027769 0)
(0.0190121 -0.0312456 0)
(0.0127227 -0.0539325 0)
(0.00104703 0.0178822 0)
(0.0143218 0.0134949 0)
(0.0123783 0.00575959 0)
(0.0230108 0.00527739 0)
(0.0233543 0.00502139 0)
(0.0282196 0.00632485 0)
(0.0306382 0.0070511 0)
(0.034279 0.00614213 0)
(0.0360622 0.00657006 0)
(0.0385715 0.00459975 0)
(0.0408455 0.00508516 0)
(0.0424019 0.00317636 0)
(0.0453726 0.00421756 0)
(0.0465572 0.000630122 0)
(0.0494347 0.00433302 0)
(0.0510236 -0.00125021 0)
(0.0533356 0.0042458 0)
(0.0508794 -0.000449287 0)
(0.0458056 -0.0048124 0)
(0.0242015 0.00140661 0)
)
;

boundaryField
{
    movingWall
    {
        type            fixedValue;
        value           uniform (1 0 0);
    }
    fixedWalls
    {
        type            noSlip;
    }
    frontAndBack
    {
        type            empty;
    }
}


// ************************************************************************* //
