/*--------------------------------*- C++ -*----------------------------------*\
| =========                 |                                                 |
| \\      /  F ield         | OpenFOAM: The Open Source CFD Toolbox           |
|  \\    /   O peration     | Version:  5.x                                   |
|   \\  /    A nd           | Web:      www.OpenFOAM.org                      |
|    \\/     M anipulation  |                                                 |
\*---------------------------------------------------------------------------*/
FoamFile
{
    version     2.0;
    format      ascii;
    class       volScalarField;
    location    "5.3";
    object      p;
}
// * * * * * * * * * * * * * * * * * * * * * * * * * * * * * * * * * * * * * //

dimensions      [0 2 -2 0 0 0 0];

internalField   nonuniform List<scalar> 
400
(
-5.75661e-10
1.5522e-06
4.89322e-06
1.02685e-05
1.82269e-05
2.96443e-05
4.59608e-05
6.94857e-05
0.000103752
0.000153219
0.000215909
0.000255468
0.00013568
-0.000234146
-0.000644692
-0.000790088
-0.000574361
-3.98518e-05
0.000699695
0.00139788
-2.00335e-06
-6.26796e-07
2.31539e-06
6.98195e-06
1.37097e-05
2.29154e-05
3.50663e-05
5.04382e-05
6.83169e-05
8.49633e-05
8.79087e-05
3.73247e-05
-0.000170941
-0.000521471
-0.000804984
-0.000953568
-0.000977891
-0.000636193
-1.64289e-05
0.000574292
-5.9898e-06
-4.93501e-06
-2.7072e-06
7.31673e-07
5.46599e-06
1.14985e-05
1.86015e-05
2.59535e-05
3.13797e-05
2.97304e-05
9.59325e-06
-5.08252e-05
-0.000189345
-0.000413848
-0.000694294
-0.000928351
-0.00103719
-0.000848283
-0.000486645
-6.64786e-07
-1.15055e-05
-1.08497e-05
-9.48675e-06
-7.48279e-06
-4.96001e-06
-2.22313e-06
7.27627e-08
6.0756e-07
-3.13543e-06
-1.57576e-05
-4.54165e-05
-0.000102857
-0.000208412
-0.000364739
-0.000564057
-0.000728177
-0.000793933
-0.000715381
-0.000526955
-0.000303176
-1.8061e-05
-1.78243e-05
-1.73392e-05
-1.67491e-05
-1.62845e-05
-1.64003e-05
-1.78929e-05
-2.21268e-05
-3.1337e-05
-4.88298e-05
-8.08771e-05
-0.000129475
-0.000209977
-0.000312791
-0.00043566
-0.000527281
-0.000579753
-0.000554518
-0.000497625
-0.000372848
-2.5128e-05
-2.5289e-05
-2.56059e-05
-2.62516e-05
-2.74824e-05
-2.97715e-05
-3.38756e-05
-4.09376e-05
-5.28346e-05
-7.07887e-05
-0.000101802
-0.000139824
-0.000198781
-0.000263746
-0.000340511
-0.000387651
-0.000424953
-0.000382582
-0.000325888
-0.000271239
-3.22218e-05
-3.27555e-05
-3.37664e-05
-3.54368e-05
-3.79513e-05
-4.1745e-05
-4.74405e-05
-5.57242e-05
-6.87907e-05
-8.35841e-05
-0.000112622
-0.000141922
-0.000185541
-0.000225284
-0.00027588
-0.000295975
-0.000317442
-0.000291216
-0.000287296
-0.000280418
-3.89108e-05
-3.97986e-05
-4.13977e-05
-4.38729e-05
-4.73046e-05
-5.19983e-05
-5.86367e-05
-6.64736e-05
-8.07505e-05
-9.16335e-05
-0.000117828
-0.000138151
-0.000171719
-0.000193942
-0.000232029
-0.000233075
-0.000267385
-0.000226846
-0.000298976
-0.000225294
-4.48254e-05
-4.6145e-05
-4.83194e-05
-5.16344e-05
-5.56937e-05
-6.0856e-05
-6.81704e-05
-7.45349e-05
-8.94275e-05
-9.77886e-05
-0.000118742
-0.000132726
-0.000159867
-0.000169303
-0.00020027
-0.000186564
-0.000212736
-0.000147997
-0.000142596
-0.000104908
-4.95937e-05
-5.15658e-05
-5.43689e-05
-5.80601e-05
-6.26801e-05
-6.71299e-05
-7.5514e-05
-7.98975e-05
-9.40252e-05
-0.000100947
-0.000118171
-0.0001257
-0.000149437
-0.000147214
-0.000177887
-0.00014891
-0.000184099
-0.000114873
-0.000149777
-0.000100579
-5.25887e-05
-5.55066e-05
-5.96662e-05
-6.45515e-05
-6.96923e-05
-7.50524e-05
-8.20402e-05
-8.75163e-05
-9.79321e-05
-0.000103583
-0.000118244
-0.000121323
-0.000142433
-0.000135935
-0.000164073
-0.000135329
-0.000173664
-0.000102574
-0.000184533
-8.9356e-05
-5.46485e-05
-6.08172e-05
-6.45825e-05
-6.96143e-05
-7.43463e-05
-7.86609e-05
-8.52282e-05
-8.97786e-05
-9.87955e-05
-0.000102261
-0.000115634
-0.00011365
-0.000134348
-0.000118294
-0.000151261
-0.000107957
-0.000162291
-7.83145e-05
-0.00016815
-7.29496e-05
-4.99162e-05
-5.78498e-05
-6.76979e-05
-7.60276e-05
-8.19343e-05
-8.80355e-05
-9.33089e-05
-9.75485e-05
-0.000104409
-0.000106471
-0.000117679
-0.000114242
-0.000132359
-0.000118616
-0.000146712
-0.000113723
-0.000155375
-8.37138e-05
-0.000158076
-6.54058e-05
-5.10104e-05
-7.43881e-05
-7.60786e-05
-8.38844e-05
-8.61165e-05
-8.8539e-05
-9.32971e-05
-9.54285e-05
-0.000102017
-0.00010215
-0.000112566
-0.000105741
-0.000122302
-0.000103132
-0.000129004
-9.13502e-05
-0.000137532
-7.22911e-05
-0.000141615
-7.55367e-05
-3.46212e-05
-6.36e-05
-7.86396e-05
-9.26975e-05
-9.76957e-05
-0.00010514
-0.000104952
-0.000107408
-0.000110576
-0.000110845
-0.000117578
-0.000113422
-0.00012434
-0.000114084
-0.000136055
-0.000115702
-0.000153453
-0.000106328
-0.000193816
-0.000111322
-0.000115675
-0.000151823
-9.11751e-05
-0.000122029
-0.00010471
-9.63978e-05
-9.79288e-05
-9.90202e-05
-0.000103635
-0.00010327
-0.000110142
-0.000103359
-0.000114546
-0.000100604
-0.000112248
-8.88847e-05
-9.93033e-05
-0.000105552
-0.00013193
-9.23191e-05
-3.10314e-05
-0.000168287
-0.000156437
-0.000132974
-0.000110893
-0.000117598
-0.000106491
-0.000114154
-0.000113475
-0.000117372
-0.000118476
-0.000118972
-0.000112841
-0.000124137
-0.00011174
-0.000121935
-0.000196985
-0.000107098
-0.000196484
-1.56961e-05
-7.05979e-05
-0.000237151
-0.000128382
-9.79309e-05
-0.000110539
-0.000101623
-0.000109335
-0.000110593
-0.000113065
-0.000112283
-0.00011164
-0.000104603
-0.000107657
-9.51446e-05
-0.000121279
-0.000155368
-6.92013e-05
-2.27712e-05
3.23335e-05
0.000163519
1.1443e-05
-9.92645e-05
-0.000105072
-0.000109817
-0.000102322
-0.000100999
-0.000110205
-0.000109293
-0.000113905
-0.000119635
-0.000125332
-0.00012888
-0.00013271
-9.72544e-05
-0.000116912
-0.000172932
-8.19693e-05
-0.000121014
-7.15591e-05
0.000436415
-0.000138471
-0.000104291
-6.32817e-05
-0.0001272
-7.91155e-05
-9.25929e-05
-9.01056e-05
-8.93648e-05
-8.59476e-05
-8.75018e-05
-0.00010028
-9.83907e-05
-9.59366e-05
-8.26864e-05
-7.29969e-05
-4.88165e-05
-7.49488e-05
0.000129266
0.000556006
0.00174044
)
;

boundaryField
{
    movingWall
    {
        type            zeroGradient;
    }
    fixedWalls
    {
        type            zeroGradient;
    }
    frontAndBack
    {
        type            empty;
    }
}


// ************************************************************************* //
