/*--------------------------------*- C++ -*----------------------------------*\
| =========                 |                                                 |
| \\      /  F ield         | OpenFOAM: The Open Source CFD Toolbox           |
|  \\    /   O peration     | Version:  5.x                                   |
|   \\  /    A nd           | Web:      www.OpenFOAM.org                      |
|    \\/     M anipulation  |                                                 |
\*---------------------------------------------------------------------------*/
FoamFile
{
    version     2.0;
    format      ascii;
    class       surfaceScalarField;
    location    "6.2";
    object      phi;
}
// * * * * * * * * * * * * * * * * * * * * * * * * * * * * * * * * * * * * * //

dimensions      [0 3 -1 0 0 0 0];

internalField   nonuniform List<scalar> 
760
(
-7.387e-08
7.38701e-08
-1.60571e-07
8.67013e-08
-2.73982e-07
1.13411e-07
-4.42029e-07
1.68047e-07
-7.18993e-07
2.76964e-07
-1.19002e-06
4.71028e-07
-1.85514e-06
6.65119e-07
-2.40591e-06
5.50771e-07
-2.64528e-06
2.39372e-07
-2.85071e-06
2.05427e-07
-3.13582e-06
2.85114e-07
-3.17475e-06
3.89229e-08
-2.97615e-06
-1.98595e-07
-2.86856e-06
-1.07592e-07
-2.76294e-06
-1.05618e-07
-2.48718e-06
-2.75766e-07
-2.17877e-06
-3.08403e-07
-1.8031e-06
-3.75676e-07
-1.17921e-06
-6.23883e-07
-1.17921e-06
-6.43658e-08
1.38236e-07
-1.34754e-07
1.5709e-07
-2.1252e-07
1.91177e-07
-2.97449e-07
2.52976e-07
-3.76864e-07
3.56379e-07
-4.20568e-07
5.14731e-07
-4.60965e-07
7.05517e-07
-7.22922e-07
8.12729e-07
-1.27767e-06
7.94118e-07
-1.76111e-06
6.88868e-07
-1.91654e-06
4.40549e-07
-1.99874e-06
1.2112e-07
-2.08377e-06
-1.1357e-07
-1.91737e-06
-2.73991e-07
-1.61407e-06
-4.08911e-07
-1.38712e-06
-5.02722e-07
-1.25125e-06
-4.44273e-07
-1.0885e-06
-5.38422e-07
-7.74989e-07
-9.37394e-07
-1.9542e-06
-4.8766e-08
1.87002e-07
-9.9869e-08
2.08193e-07
-1.50019e-07
2.41327e-07
-1.9346e-07
2.96417e-07
-2.15404e-07
3.78323e-07
-1.90563e-07
4.8989e-07
-1.08222e-07
6.23176e-07
-2.90466e-08
7.33553e-07
3.60339e-09
7.61468e-07
-5.61142e-10
6.93032e-07
-7.145e-08
5.11438e-07
-2.05115e-07
2.54785e-07
-3.11305e-07
-7.38025e-09
-3.34919e-07
-2.50377e-07
-3.42061e-07
-4.01769e-07
-3.53909e-07
-4.90874e-07
-3.57961e-07
-4.40222e-07
-3.5379e-07
-5.42593e-07
-3.22858e-07
-9.68326e-07
-2.27706e-06
-3.25546e-08
2.19557e-07
-6.52195e-08
2.40857e-07
-9.3195e-08
2.69302e-07
-1.10649e-07
3.13871e-07
-1.07286e-07
3.7496e-07
-6.76552e-08
4.50259e-07
2.36349e-08
5.31886e-07
1.57989e-07
5.99199e-07
3.0051e-07
6.18946e-07
4.2039e-07
5.73152e-07
4.73658e-07
4.5817e-07
4.7122e-07
2.57223e-07
4.25783e-07
3.80566e-08
3.36301e-07
-1.60896e-07
2.06267e-07
-2.71735e-07
7.64278e-08
-3.61035e-07
4.0336e-09
-3.67827e-07
-7.7535e-08
-4.61024e-07
-1.23527e-07
-9.22334e-07
-2.40059e-06
-1.82212e-08
2.37778e-07
-3.57797e-08
2.58416e-07
-4.77488e-08
2.81271e-07
-4.91538e-08
3.15276e-07
-3.30299e-08
3.58836e-07
9.72642e-09
4.07503e-07
8.50862e-08
4.56526e-07
1.9411e-07
4.90175e-07
3.18221e-07
4.94836e-07
4.37767e-07
4.53606e-07
5.25583e-07
3.70354e-07
5.57398e-07
2.25408e-07
5.09927e-07
8.55274e-08
4.29003e-07
-7.99714e-08
3.05482e-07
-1.48214e-07
2.03352e-07
-2.58905e-07
1.09823e-07
-2.74298e-07
2.43845e-08
-3.75586e-07
-1.01305e-07
-7.96645e-07
-2.50189e-06
-6.55152e-09
2.44329e-07
-1.25488e-08
2.64413e-07
-1.36177e-08
2.8234e-07
-5.91238e-09
3.07571e-07
1.50214e-08
3.37902e-07
5.31534e-08
3.69371e-07
1.12411e-07
3.97268e-07
1.91841e-07
4.10745e-07
2.80228e-07
4.06449e-07
3.67204e-07
3.66629e-07
4.28389e-07
3.0917e-07
4.53918e-07
1.99878e-07
4.21448e-07
1.17998e-07
3.77639e-07
-3.61624e-08
2.8348e-07
-5.40543e-08
2.0994e-07
-1.85365e-07
1.02561e-07
-1.6692e-07
5.85232e-08
-3.31548e-07
-1.15918e-08
-7.2653e-07
-2.51349e-06
2.91658e-09
2.41413e-07
5.6444e-09
2.61685e-07
1.16675e-08
2.76317e-07
2.36496e-08
2.95589e-07
4.4755e-08
3.16797e-07
7.76121e-08
3.36514e-07
1.23009e-07
3.51872e-07
1.80188e-07
3.53566e-07
2.40642e-07
3.45994e-07
3.00663e-07
3.06608e-07
3.4029e-07
2.69543e-07
3.66227e-07
1.73941e-07
3.47329e-07
1.36896e-07
3.14646e-07
-3.47914e-09
2.45064e-07
1.55276e-08
1.92786e-07
-1.33087e-07
1.18726e-07
-9.28598e-08
6.6274e-08
-2.79096e-07
2.2942e-08
-6.83198e-07
-2.49054e-06
1.04338e-08
2.30979e-07
1.90019e-08
2.53117e-07
2.91357e-08
2.66183e-07
4.30518e-08
2.81672e-07
6.27477e-08
2.97101e-07
9.02686e-08
3.08993e-07
1.24532e-07
3.17608e-07
1.65613e-07
3.12485e-07
2.06461e-07
3.05147e-07
2.46313e-07
2.66756e-07
2.69696e-07
2.4616e-07
2.82825e-07
1.60812e-07
2.63863e-07
1.55857e-07
2.435e-07
1.68845e-08
1.89255e-07
6.97721e-08
1.4644e-07
-9.02718e-08
7.87003e-08
-2.51201e-08
3.93572e-08
-2.39753e-07
1.07875e-08
-6.54628e-07
-2.47976e-06
1.88382e-08
2.12141e-07
3.36817e-08
2.38274e-07
4.69929e-08
2.52872e-07
5.97029e-08
2.68962e-07
7.57836e-08
2.8102e-07
9.55043e-08
2.89272e-07
1.20375e-07
2.92738e-07
1.49289e-07
2.83571e-07
1.77906e-07
2.7653e-07
2.06167e-07
2.38495e-07
2.23473e-07
2.28853e-07
2.36255e-07
1.4803e-07
2.28424e-07
1.63689e-07
2.09108e-07
3.62002e-08
1.71542e-07
1.07339e-07
1.26945e-07
-4.56754e-08
6.69837e-08
3.48415e-08
1.60119e-08
-1.88781e-07
-2.72816e-08
-6.11334e-07
-2.50704e-06
2.72896e-08
1.84851e-07
4.12782e-08
2.24285e-07
5.26162e-08
2.41534e-07
6.49909e-08
2.56588e-07
7.88743e-08
2.67137e-07
9.72115e-08
2.70935e-07
1.16213e-07
2.73736e-07
1.36633e-07
2.63152e-07
1.55358e-07
2.57805e-07
1.71098e-07
2.22755e-07
1.79893e-07
2.20058e-07
1.77858e-07
1.50065e-07
1.67912e-07
1.73635e-07
1.44188e-07
5.99237e-08
1.16978e-07
1.34549e-07
8.64796e-08
-1.51771e-08
4.17471e-08
7.9574e-08
-1.29816e-08
-1.34052e-07
-3.78782e-08
-5.86438e-07
-2.54492e-06
4.3809e-08
1.41042e-07
7.48379e-08
1.93256e-07
8.84367e-08
2.27935e-07
9.05958e-08
2.54429e-07
9.38393e-08
2.63893e-07
9.59461e-08
2.68828e-07
1.04803e-07
2.64879e-07
1.16029e-07
2.51926e-07
1.30946e-07
2.42888e-07
1.43615e-07
2.10086e-07
1.56218e-07
2.07455e-07
1.61308e-07
1.44976e-07
1.65147e-07
1.69796e-07
1.53048e-07
7.20231e-08
1.37632e-07
1.49965e-07
8.71422e-08
3.53129e-08
5.35216e-08
1.13195e-07
-1.39237e-08
-6.66069e-08
2.81706e-08
-6.28532e-07
-2.51674e-06
7.07007e-08
7.03414e-08
6.54185e-08
1.98538e-07
6.0394e-08
2.3296e-07
6.79058e-08
2.46917e-07
7.88293e-08
2.5297e-07
9.49253e-08
2.52732e-07
1.05411e-07
2.54393e-07
1.13362e-07
2.43975e-07
1.20743e-07
2.35507e-07
1.2192e-07
2.08908e-07
1.24037e-07
2.05339e-07
1.10631e-07
1.58382e-07
1.06012e-07
1.74414e-07
6.838e-08
1.09655e-07
6.77336e-08
1.50611e-07
1.84588e-08
8.45877e-08
2.52723e-08
1.06381e-07
-1.57348e-08
-2.55998e-08
-5.11744e-08
-5.93093e-07
-2.56792e-06
1.23115e-07
-5.27735e-08
1.78038e-07
1.43616e-07
1.78325e-07
2.32672e-07
1.35718e-07
2.89524e-07
1.04853e-07
2.83835e-07
7.56011e-08
2.81984e-07
7.07357e-08
2.59258e-07
7.17476e-08
2.42963e-07
8.39352e-08
2.2332e-07
8.86706e-08
2.04172e-07
1.05952e-07
1.88057e-07
1.03116e-07
1.61218e-07
1.28634e-07
1.48896e-07
1.18121e-07
1.20168e-07
1.34776e-07
1.33956e-07
1.07314e-07
1.1205e-07
8.13893e-08
1.32306e-07
-1.29008e-08
6.86903e-08
-1.61278e-08
-5.89866e-07
-2.58405e-06
2.70817e-07
-3.2359e-07
1.23486e-07
2.90946e-07
9.3495e-08
2.62664e-07
1.18176e-07
2.64843e-07
1.24839e-07
2.77173e-07
1.28673e-07
2.7815e-07
1.22582e-07
2.65348e-07
1.14504e-07
2.51042e-07
1.11877e-07
2.25947e-07
1.01462e-07
2.14587e-07
9.79124e-08
1.91607e-07
7.85268e-08
1.80604e-07
6.51177e-08
1.62305e-07
2.61153e-08
1.59171e-07
6.24664e-09
1.53825e-07
-8.19623e-08
2.00259e-07
3.62361e-08
1.41075e-08
7.0645e-08
3.42814e-08
3.81791e-08
-5.574e-07
-2.54587e-06
3.10573e-07
-6.34163e-07
2.6872e-07
3.328e-07
1.03851e-07
4.27533e-07
-5.76416e-08
4.26335e-07
-1.04968e-07
3.24499e-07
-9.97283e-08
2.72911e-07
-6.84277e-08
2.34048e-07
-4.24706e-08
2.25085e-07
-1.23847e-08
1.95861e-07
-8.2434e-10
2.03027e-07
2.2639e-08
1.68143e-07
1.44954e-08
1.88748e-07
6.14014e-08
1.15399e-07
9.88748e-09
2.10685e-07
1.30589e-07
3.31232e-08
1.43149e-07
1.87699e-07
8.96657e-08
6.75905e-08
-6.55081e-09
1.30498e-07
-2.8751e-08
-5.35199e-07
-2.57462e-06
4.10541e-08
-6.75218e-07
2.19096e-07
1.54758e-07
3.71838e-07
2.74791e-07
4.16256e-07
3.81916e-07
4.16237e-07
3.24518e-07
3.56896e-07
3.32252e-07
3.32425e-07
2.58519e-07
2.89377e-07
2.68133e-07
2.64141e-07
2.21097e-07
2.24404e-07
2.42763e-07
2.12748e-07
1.79799e-07
1.7578e-07
2.25716e-07
1.94794e-07
9.63854e-08
1.48536e-07
2.56942e-07
4.64747e-08
1.35184e-07
-4.10055e-08
2.7518e-07
7.24422e-08
-4.58572e-08
5.058e-08
1.5236e-07
5.64562e-08
-5.41076e-07
-2.51816e-06
-2.82908e-07
-3.9231e-07
-5.80231e-07
4.52081e-07
-4.26258e-07
1.20818e-07
-3.57375e-07
3.13033e-07
-3.68149e-07
3.35292e-07
-3.09911e-07
2.74014e-07
-3.32148e-07
2.80756e-07
-3.01611e-07
2.37596e-07
-3.02436e-07
2.21922e-07
-2.80026e-07
2.20353e-07
-2.65828e-07
1.65601e-07
-2.34834e-07
1.94722e-07
-2.4111e-07
1.02662e-07
-2.46745e-07
2.62577e-07
-1.26337e-07
1.47766e-08
-2.33667e-07
3.8251e-07
9.92509e-08
-3.78775e-07
1.78676e-07
7.29355e-08
3.53471e-08
-3.97747e-07
-2.48282e-06
3.58916e-08
-4.28201e-07
3.87754e-07
1.00219e-07
2.50748e-07
2.57824e-07
3.36409e-07
2.27372e-07
3.91235e-07
2.80466e-07
4.69922e-07
1.95326e-07
5.31412e-07
2.19266e-07
5.88257e-07
1.80751e-07
6.39026e-07
1.71152e-07
6.47716e-07
2.11664e-07
6.78174e-07
1.35142e-07
6.54005e-07
2.18891e-07
6.48423e-07
1.08243e-07
5.46165e-07
3.64835e-07
6.51433e-07
-9.0492e-08
6.13273e-07
4.2067e-07
3.61786e-07
-1.27288e-07
1.8753e-07
2.47192e-07
2.57759e-07
-4.67977e-07
-2.22506e-06
-8.00929e-07
3.72727e-07
-9.48983e-07
2.48273e-07
-9.48745e-07
2.57586e-07
-8.94201e-07
1.72827e-07
-7.97315e-07
1.83581e-07
-7.35205e-07
1.33216e-07
-6.744e-07
1.58462e-07
-6.2494e-07
1.31291e-07
-5.80864e-07
1.27077e-07
-5.08377e-07
1.39176e-07
-4.6727e-07
9.40356e-08
-3.70869e-07
1.2249e-07
-3.33103e-07
7.04771e-08
-1.10818e-07
1.4255e-07
-2.68789e-07
6.74796e-08
1.52288e-08
1.36652e-07
-8.24748e-08
-2.95846e-08
1.9415e-07
-2.94324e-08
6.66116e-07
-9.39943e-07
-1.55894e-06
3.72727e-07
6.21001e-07
8.78587e-07
1.05141e-06
1.23499e-06
1.36821e-06
1.52667e-06
1.65796e-06
1.78504e-06
1.92422e-06
2.01825e-06
2.14074e-06
2.21122e-06
2.35377e-06
2.42125e-06
2.5579e-06
2.52832e-06
2.49888e-06
1.55894e-06
)
;

boundaryField
{
    movingWall
    {
        type            calculated;
        value           uniform 0;
    }
    fixedWalls
    {
        type            calculated;
        value           uniform 0;
    }
    frontAndBack
    {
        type            empty;
        value           nonuniform 0();
    }
}


// ************************************************************************* //
