/*--------------------------------*- C++ -*----------------------------------*\
| =========                 |                                                 |
| \\      /  F ield         | OpenFOAM: The Open Source CFD Toolbox           |
|  \\    /   O peration     | Version:  5.x                                   |
|   \\  /    A nd           | Web:      www.OpenFOAM.org                      |
|    \\/     M anipulation  |                                                 |
\*---------------------------------------------------------------------------*/
FoamFile
{
    version     2.0;
    format      ascii;
    class       volVectorField;
    location    "6.2";
    object      U;
}
// * * * * * * * * * * * * * * * * * * * * * * * * * * * * * * * * * * * * * //

dimensions      [0 1 -1 0 0 0 0];

internalField   nonuniform List<vector> 
400
(
(-0.000713343 0.000742164 0)
(-0.00228186 0.000883513 0)
(-0.0042143 0.00120098 0)
(-0.00685123 0.00191135 0)
(-0.0108138 0.0035153 0)
(-0.0172533 0.00658115 0)
(-0.0288314 0.00819186 0)
(-0.0449665 0.000435615 0)
(-0.0532523 -0.00886267 0)
(-0.0540072 -0.00162349 0)
(-0.0608784 0.010003 0)
(-0.066573 0.00362741 0)
(-0.0612446 -0.00473823 0)
(-0.0574875 0.00052847 0)
(-0.0572662 0.00265488 0)
(-0.0523225 -0.00304465 0)
(-0.0467105 -0.0051694 0)
(-0.0416294 -0.00580552 0)
(-0.0330674 -0.00933077 0)
(-0.009403 -0.0159357 0)
(-0.000626322 0.00214429 0)
(-0.00195879 0.00247895 0)
(-0.00342306 0.00314212 0)
(-0.00501835 0.00443859 0)
(-0.00665358 0.0068387 0)
(-0.0078243 0.0109105 0)
(-0.00832736 0.0161977 0)
(-0.0110713 0.0192162 0)
(-0.0187205 0.0174567 0)
(-0.0306033 0.0106435 0)
(-0.0392023 0.00230078 0)
(-0.0404561 -0.00278104 0)
(-0.0406904 -0.00446972 0)
(-0.0404515 -0.00557865 0)
(-0.0351844 -0.00751988 0)
(-0.0283924 -0.00909941 0)
(-0.0266967 -0.00849166 0)
(-0.0243534 -0.010987 0)
(-0.0212356 -0.0183288 0)
(-0.00650746 -0.0355936 0)
(-0.000474596 0.00328865 0)
(-0.00146783 0.00369669 0)
(-0.00248093 0.00438352 0)
(-0.00342472 0.00556665 0)
(-0.00412914 0.00742054 0)
(-0.00420491 0.0101127 0)
(-0.00311687 0.0133305 0)
(-0.00119573 0.0154889 0)
(-6.4143e-05 0.0158703 0)
(0.000270016 0.0155165 0)
(-0.00044971 0.0131065 0)
(-0.00234195 0.00721593 0)
(-0.00531128 0.00036599 0)
(-0.00645279 -0.00490677 0)
(-0.00696426 -0.00840155 0)
(-0.00605467 -0.0102839 0)
(-0.00793711 -0.00840515 0)
(-0.00624569 -0.00957186 0)
(-0.00914613 -0.0182185 0)
(-0.00205069 -0.0431118 0)
(-0.000315619 0.00409805 0)
(-0.000971473 0.0045273 0)
(-0.00158896 0.00515101 0)
(-0.00205957 0.00615655 0)
(-0.00224615 0.00758518 0)
(-0.0018925 0.00942421 0)
(-0.000678158 0.0114951 0)
(0.00162346 0.0131908 0)
(0.00448864 0.013823 0)
(0.00725494 0.0130278 0)
(0.00893942 0.00969714 0)
(0.00964827 0.00444307 0)
(0.00890436 -0.000556572 0)
(0.00820671 -0.00442983 0)
(0.00520945 -0.00691486 0)
(0.00366406 -0.00863893 0)
(-0.000921321 -0.00874637 0)
(0.0011707 -0.0114352 0)
(-0.00480943 -0.0199056 0)
(0.00067305 -0.0460725 0)
(-0.000174327 0.00460251 0)
(-0.000541873 0.00502264 0)
(-0.000852988 0.00553719 0)
(-0.00100357 0.00632299 0)
(-0.000894205 0.00736731 0)
(-0.000360426 0.00859579 0)
(0.000762917 0.00987276 0)
(0.00262102 0.0108433 0)
(0.00496754 0.0110918 0)
(0.00755686 0.0102288 0)
(0.00958101 0.00819053 0)
(0.0110885 0.00500255 0)
(0.0107378 0.00178375 0)
(0.0100018 -0.0018948 0)
(0.00688054 -0.00370592 0)
(0.0060381 -0.00573163 0)
(0.0015438 -0.00612027 0)
(0.00329616 -0.00688894 0)
(-0.00256715 -0.0155251 0)
(-0.00101589 -0.0485763 0)
(-5.85231e-05 0.00484608 0)
(-0.000196319 0.00525378 0)
(-0.000285342 0.00566148 0)
(-0.000232413 0.00625643 0)
(1.92817e-05 0.00699209 0)
(0.00059424 0.00779057 0)
(0.00154341 0.00853528 0)
(0.00294357 0.0089692 0)
(0.00459666 0.00891398 0)
(0.00648792 0.00805759 0)
(0.00789177 0.00659582 0)
(0.00912054 0.0041206 0)
(0.00866327 0.00190819 0)
(0.00868845 -0.00115579 0)
(0.00593157 -0.00204291 0)
(0.00608588 -0.00436652 0)
(0.0016946 -0.00443087 0)
(0.0029839 -0.00769227 0)
(-0.00117781 -0.0167017 0)
(0.000955484 -0.0502958 0)
(3.77684e-05 0.00488124 0)
(8.03571e-05 0.00528046 0)
(0.00015161 0.00560103 0)
(0.000324837 0.00603127 0)
(0.000634612 0.0065422 0)
(0.00117454 0.00703151 0)
(0.00192661 0.00745291 0)
(0.00298785 0.00756986 0)
(0.00411088 0.007419 0)
(0.00546353 0.00658515 0)
(0.00633639 0.0056067 0)
(0.00736139 0.00356111 0)
(0.00695633 0.00250083 0)
(0.00733922 -0.000440151 0)
(0.00475279 -0.000259068 0)
(0.00575645 -0.00325662 0)
(0.00120994 -0.0025748 0)
(0.00424681 -0.00573584 0)
(-0.00216689 -0.0128228 0)
(0.0033675 -0.0490538 0)
(0.000115525 0.00473931 0)
(0.000298568 0.00516202 0)
(0.000468071 0.00544646 0)
(0.000709294 0.00582987 0)
(0.00102217 0.00619183 0)
(0.00150572 0.0065327 0)
(0.00208226 0.0067398 0)
(0.00290435 0.00669566 0)
(0.00362311 0.0065127 0)
(0.00465269 0.00571754 0)
(0.00499659 0.00512311 0)
(0.00598301 0.00335669 0)
(0.00494426 0.00293534 0)
(0.00614999 0.000329669 0)
(0.0029731 0.000958904 0)
(0.00526735 -0.001856 0)
(-7.9906e-05 -0.000891364 0)
(0.00378839 -0.00519328 0)
(-0.00261177 -0.0136615 0)
(0.00322324 -0.0518874 0)
(0.000208845 0.00447765 0)
(0.000531827 0.00496471 0)
(0.000812823 0.00519811 0)
(0.00106662 0.00541127 0)
(0.00132704 0.00566884 0)
(0.00171403 0.00577696 0)
(0.00208027 0.00593063 0)
(0.00274559 0.00574895 0)
(0.00314058 0.00564163 0)
(0.00403364 0.00485288 0)
(0.00403725 0.00458771 0)
(0.00509922 0.00286107 0)
(0.00404099 0.0030839 0)
(0.00548927 0.000195287 0)
(0.00236955 0.00166369 0)
(0.00511852 -0.00197302 0)
(-0.000696334 -0.000208258 0)
(0.00393545 -0.00456054 0)
(-0.00360006 -0.0127855 0)
(0.00284104 -0.0455404 0)
(0.00032464 0.00395535 0)
(0.000731659 0.00449554 0)
(0.000919688 0.00494207 0)
(0.00118176 0.00543343 0)
(0.00140237 0.00568602 0)
(0.00177758 0.00594702 0)
(0.00206634 0.00593184 0)
(0.002619 0.00575601 0)
(0.00275153 0.00556131 0)
(0.00356295 0.00482949 0)
(0.00308414 0.00467913 0)
(0.00436776 0.00324256 0)
(0.00237511 0.00360467 0)
(0.00482771 0.00145507 0)
(0.000387511 0.00278026 0)
(0.00488918 0.000340888 0)
(-0.00202044 0.00169492 0)
(0.00417054 -0.00267429 0)
(-0.00497739 -0.0113535 0)
(0.00389259 -0.0548729 0)
(0.000488598 0.00348447 0)
(0.00121619 0.00462565 0)
(0.00172269 0.00480119 0)
(0.00181317 0.00480034 0)
(0.00181792 0.00490324 0)
(0.00193954 0.00472556 0)
(0.00187434 0.00484804 0)
(0.00234536 0.00457004 0)
(0.0022212 0.00455846 0)
(0.00311138 0.003863 0)
(0.00247026 0.00390851 0)
(0.0039925 0.00249659 0)
(0.00217149 0.00308897 0)
(0.00479862 0.000665759 0)
(0.000882559 0.00236049 0)
(0.00515039 -0.00109346 0)
(-0.00217039 0.00130645 0)
(0.00479608 -0.00310934 0)
(-0.00563173 -0.012993 0)
(0.00712691 -0.0485605 0)
(0.00109116 0.00209719 0)
(0.00159505 0.00292498 0)
(0.00107635 0.00422029 0)
(0.00130812 0.00543341 0)
(0.0014193 0.00580328 0)
(0.00178692 0.00627044 0)
(0.00193918 0.00598377 0)
(0.00235379 0.00577222 0)
(0.00206993 0.00539439 0)
(0.00289342 0.00479867 0)
(0.00179159 0.00462731 0)
(0.00341478 0.00358629 0)
(0.000707005 0.00398005 0)
(0.00391596 0.00252448 0)
(-0.00155964 0.00394412 0)
(0.00472782 0.00277203 0)
(-0.00426819 0.00341993 0)
(0.00563034 0.000816839 0)
(-0.00652574 -0.0107127 0)
(0.00487422 -0.0497917 0)
(0.00174301 0.000795454 0)
(0.00298693 0.0053636 0)
(0.0040205 0.00530111 0)
(0.00317983 0.00462896 0)
(0.00230134 0.00418277 0)
(0.00183597 0.003557 0)
(0.00123211 0.0039058 0)
(0.00161611 0.00365542 0)
(0.00120837 0.00372924 0)
(0.00222661 0.00323448 0)
(0.00119735 0.00328843 0)
(0.00321681 0.0024051 0)
(0.00068598 0.0026537 0)
(0.00476924 0.00146369 0)
(-0.000402007 0.00167681 0)
(0.00622713 0.000156697 0)
(-0.00237026 0.000592469 0)
(0.00613438 -0.00210185 0)
(-0.00691807 -0.014568 0)
(0.00655383 -0.0551712 0)
(0.00598639 -0.00272608 0)
(0.00418578 0.000281455 0)
(0.00110065 0.00384127 0)
(0.00244951 0.00663984 0)
(0.00243378 0.00740666 0)
(0.00260491 0.00810713 0)
(0.00244514 0.0068071 0)
(0.00257889 0.00646465 0)
(0.00186373 0.00553729 0)
(0.00275622 0.00530718 0)
(0.00112467 0.00455089 0)
(0.00299648 0.00442505 0)
(-7.29718e-05 0.00364406 0)
(0.00290781 0.00376999 0)
(-0.00202902 0.00415723 0)
(0.002386 0.00487073 0)
(-0.00613366 0.00510186 0)
(0.00793138 0.00524321 0)
(-0.00561773 -0.00759491 0)
(0.00748259 -0.0470889 0)
(0.00392406 -0.00954946 0)
(0.0075086 0.0116865 0)
(0.00407763 0.00687767 0)
(-0.000145086 0.00450809 0)
(-0.00230634 0.00339027 0)
(-0.00190286 0.00251559 0)
(-0.00192477 0.00337853 0)
(-0.000925537 0.00308229 0)
(-0.000694457 0.003118 0)
(0.000153646 0.00282432 0)
(-0.000176583 0.00276704 0)
(0.00105955 0.00234998 0)
(-0.000458298 0.00250348 0)
(0.00302493 0.00210486 0)
(-0.00271269 0.00140825 0)
(0.0083209 0.00235971 0)
(-0.00315826 -0.0047473 0)
(0.00732863 -0.00409435 0)
(-0.00776661 -0.0159939 0)
(0.00694625 -0.0560393 0)
(-0.00278058 -0.0181463 0)
(0.00409615 0.000510614 0)
(0.00568044 0.0106054 0)
(0.00801446 0.0114261 0)
(0.00942897 0.00931833 0)
(0.00709963 0.00886037 0)
(0.00689533 0.00635341 0)
(0.00658977 0.0064375 0)
(0.00472079 0.00507976 0)
(0.00609829 0.00579687 0)
(0.00259832 0.00429549 0)
(0.00621209 0.00569475 0)
(0.00054314 0.00234457 0)
(0.00741307 0.00690898 0)
(-0.00159501 0.000190377 0)
(0.00360459 0.00597622 0)
(-0.00526807 0.00810216 0)
(0.00801565 0.00957153 0)
(-0.00621909 -0.00394003 0)
(0.00879188 -0.0483935 0)
(-0.00251328 -0.00616245 0)
(-0.0100061 0.006647 0)
(-0.0125337 -0.000369434 0)
(-0.00337699 0.00482092 0)
(-0.0116436 0.00411645 0)
(-0.00323389 0.00400421 0)
(-0.00878331 0.00382285 0)
(-0.00502046 0.00371237 0)
(-0.0065753 0.00346226 0)
(-0.00597442 0.00334225 0)
(-0.0048356 0.00256803 0)
(-0.00620194 0.0027799 0)
(-0.00264465 0.0013967 0)
(-0.00771063 0.00260103 0)
(-0.00139834 0.00482036 0)
(-0.00354575 0.00431327 0)
(-0.0069191 -0.0105893 0)
(0.0118132 -0.00400443 0)
(-0.00601912 -0.0197913 0)
(0.00802137 -0.053056 0)
(-0.00968455 -0.0109692 0)
(0.0105302 0.00969527 0)
(0.00658817 0.00574705 0)
(0.00382231 0.00827372 0)
(0.00873025 0.00899778 0)
(0.00771083 0.00739137 0)
(0.0104108 0.00717614 0)
(0.0114223 0.00625687 0)
(0.0115257 0.00558467 0)
(0.0144943 0.00594005 0)
(0.0110185 0.00435804 0)
(0.016475 0.00542196 0)
(0.00934999 0.00298538 0)
(0.0170736 0.00858412 0)
(0.00559584 -0.00415329 0)
(0.0186617 0.0102425 0)
(0.00728383 -0.00293677 0)
(0.00797408 0.00763525 0)
(-0.00136569 0.00599029 0)
(0.0128852 -0.0464287 0)
(-0.0207462 -0.00470877 0)
(-0.0131445 -0.00491576 0)
(-0.0236978 0.00375817 0)
(-0.0146514 1.71547e-05 0)
(-0.0201924 0.00188004 0)
(-0.0114406 9.72526e-05 0)
(-0.0185262 0.00153914 0)
(-0.00796548 0.000687406 0)
(-0.0176468 0.00096744 0)
(-0.00508334 0.00209856 0)
(-0.0158429 0.000635357 0)
(-0.00196826 0.00294042 0)
(-0.0139336 0.000778744 0)
(0.00171697 0.00559515 0)
(-0.00648719 0.00027364 0)
(-0.00529606 0.00627102 0)
(0.00623249 -0.00260799 0)
(-0.0103309 0.000347611 0)
(0.0172205 -0.027712 0)
(0.0128911 -0.0490495 0)
(0.0022211 0.0180052 0)
(0.0132475 0.0141467 0)
(0.012722 0.00745661 0)
(0.0205168 0.00743491 0)
(0.0233317 0.00589132 0)
(0.0248565 0.00543091 0)
(0.0305426 0.00503674 0)
(0.0301341 0.00479143 0)
(0.0359599 0.00446691 0)
(0.0358207 0.00382799 0)
(0.0406291 0.00351404 0)
(0.0406842 0.00229864 0)
(0.0443891 0.00254099 0)
(0.0449967 0.000323517 0)
(0.0478375 0.00269504 0)
(0.0496895 -0.00014979 0)
(0.0497572 0.00144393 0)
(0.0508276 -0.000842228 0)
(0.0435437 -0.00495857 0)
(0.0268264 -0.00466721 0)
)
;

boundaryField
{
    movingWall
    {
        type            fixedValue;
        value           uniform (1 0 0);
    }
    fixedWalls
    {
        type            noSlip;
    }
    frontAndBack
    {
        type            empty;
    }
}


// ************************************************************************* //
