/*--------------------------------*- C++ -*----------------------------------*\
| =========                 |                                                 |
| \\      /  F ield         | OpenFOAM: The Open Source CFD Toolbox           |
|  \\    /   O peration     | Version:  5.x                                   |
|   \\  /    A nd           | Web:      www.OpenFOAM.org                      |
|    \\/     M anipulation  |                                                 |
\*---------------------------------------------------------------------------*/
FoamFile
{
    version     2.0;
    format      ascii;
    class       volScalarField;
    location    "2.2";
    object      p;
}
// * * * * * * * * * * * * * * * * * * * * * * * * * * * * * * * * * * * * * //

dimensions      [0 2 -2 0 0 0 0];

internalField   nonuniform List<scalar> 
400
(
-7.31329e-11
2.1107e-07
6.70933e-07
1.38725e-06
2.37966e-06
3.67094e-06
5.28483e-06
7.24268e-06
9.55941e-06
1.22387e-05
1.52675e-05
1.86096e-05
2.22072e-05
2.59563e-05
2.97213e-05
3.33303e-05
3.65835e-05
3.92683e-05
4.11855e-05
4.21598e-05
-2.4514e-07
-4.0877e-08
4.06333e-07
1.1052e-06
2.07717e-06
3.34748e-06
4.94295e-06
6.88866e-06
9.20392e-06
1.18974e-05
1.49613e-05
1.83643e-05
2.20503e-05
2.59234e-05
2.98434e-05
3.36295e-05
3.70681e-05
3.99271e-05
4.19826e-05
4.30323e-05
-7.64055e-07
-5.74033e-07
-1.52734e-07
5.10508e-07
1.44078e-06
2.66827e-06
4.22604e-06
6.14678e-06
8.45876e-06
1.11809e-05
1.43165e-05
1.78464e-05
2.17148e-05
2.58404e-05
3.00807e-05
3.42407e-05
3.80781e-05
4.13165e-05
4.36774e-05
4.4896e-05
-1.53963e-06
-1.37236e-06
-9.92657e-07
-3.86944e-07
4.75274e-07
1.63153e-06
3.12417e-06
4.99726e-06
7.29261e-06
1.00448e-05
1.32744e-05
1.69807e-05
2.11204e-05
2.56308e-05
3.03697e-05
3.51256e-05
3.96123e-05
4.34826e-05
4.63641e-05
4.78802e-05
-2.55388e-06
-2.41996e-06
-2.10148e-06
-1.58118e-06
-8.21292e-07
2.25338e-07
1.61327e-06
3.40165e-06
5.65059e-06
8.4162e-06
1.17436e-05
1.5657e-05
2.01488e-05
2.51743e-05
3.0604e-05
3.62151e-05
4.16685e-05
4.65125e-05
5.02242e-05
5.22421e-05
-3.77964e-06
-3.69237e-06
-3.45981e-06
-3.06053e-06
-2.4475e-06
-1.56182e-06
-3.3417e-07
1.31307e-06
3.463e-06
6.19984e-06
9.60237e-06
1.37335e-05
1.86275e-05
2.42836e-05
3.0605e-05
3.73753e-05
4.42058e-05
5.0505e-05
5.55153e-05
5.83907e-05
-5.17813e-06
-5.15433e-06
-5.03893e-06
-4.80575e-06
-4.39655e-06
-3.73903e-06
-2.74708e-06
-1.32191e-06
6.46454e-07
3.27659e-06
6.69079e-06
1.1006e-05
1.63174e-05
2.26793e-05
3.00852e-05
3.8359e-05
4.70916e-05
5.55432e-05
6.25837e-05
6.69852e-05
-6.69556e-06
-6.75676e-06
-6.79779e-06
-6.78703e-06
-6.65293e-06
-6.30873e-06
-5.65068e-06
-4.55761e-06
-2.89025e-06
-4.91221e-07
2.81339e-06
7.20947e-06
1.28896e-05
1.99554e-05
2.8595e-05
3.87298e-05
5.00086e-05
6.16117e-05
7.18431e-05
7.90944e-05
-8.25837e-06
-8.43317e-06
-8.67985e-06
-8.96099e-06
-9.18877e-06
-9.26202e-06
-9.0602e-06
-8.44085e-06
-7.23605e-06
-5.24877e-06
-2.24962e-06
2.02402e-06
7.85967e-06
1.55378e-05
2.54531e-05
3.77428e-05
5.22808e-05
6.83839e-05
8.36597e-05
9.64585e-05
-9.76779e-06
-1.00961e-05
-1.06099e-05
-1.12679e-05
-1.19602e-05
-1.25734e-05
-1.29735e-05
-1.30007e-05
-1.24631e-05
-1.11288e-05
-8.71548e-06
-4.87879e-06
7.93098e-07
8.77467e-06
1.97475e-05
3.42007e-05
5.25798e-05
7.48182e-05
9.79009e-05
0.000121823
-1.10855e-05
-1.16356e-05
-1.2491e-05
-1.36322e-05
-1.49051e-05
-1.61957e-05
-1.73626e-05
-1.8236e-05
-1.86094e-05
-1.82293e-05
-1.67768e-05
-1.38411e-05
-8.88158e-06
-1.16077e-06
9.82198e-06
2.5971e-05
4.83036e-05
7.82886e-05
0.000112704
0.000159054
-1.20602e-05
-1.29067e-05
-1.41961e-05
-1.59516e-05
-1.79344e-05
-2.00514e-05
-2.21641e-05
-2.41008e-05
-2.56538e-05
-2.65681e-05
-2.65161e-05
-2.50527e-05
-2.15512e-05
-1.51193e-05
-4.41888e-06
1.19311e-05
3.60655e-05
7.39498e-05
0.000120791
0.000208609
-1.23265e-05
-1.39053e-05
-1.55873e-05
-1.82462e-05
-2.09891e-05
-2.40688e-05
-2.72915e-05
-3.05038e-05
-3.35076e-05
-3.608e-05
-3.79436e-05
-3.87296e-05
-3.78924e-05
-3.46206e-05
-2.77022e-05
-1.58571e-05
3.48247e-06
4.79869e-05
9.35455e-05
0.000248355
-1.19516e-05
-1.33273e-05
-1.6166e-05
-1.92863e-05
-2.33525e-05
-2.77456e-05
-3.24501e-05
-3.7222e-05
-4.19361e-05
-4.64604e-05
-5.061e-05
-5.41424e-05
-5.66773e-05
-5.76553e-05
-5.59764e-05
-4.99739e-05
-3.55707e-05
4.47339e-07
-3.48188e-05
0.000183466
-9.38628e-06
-1.56373e-05
-1.75486e-05
-2.49031e-05
-2.8346e-05
-3.37219e-05
-3.89839e-05
-4.47879e-05
-5.10673e-05
-5.77574e-05
-6.47049e-05
-7.18998e-05
-7.92264e-05
-8.71511e-05
-9.53594e-05
-0.000104663
-0.000130681
-0.000107297
-0.000294337
7.19856e-06
-7.32907e-06
-1.03986e-05
-1.48847e-05
-1.81524e-05
-2.48508e-05
-3.1511e-05
-3.97937e-05
-4.85725e-05
-5.78297e-05
-6.74004e-05
-7.72355e-05
-8.77412e-05
-9.92263e-05
-0.00011283
-0.000130334
-0.00014602
-0.000201051
-0.000169063
-0.000374069
-0.000142363
1.0121e-05
-1.19495e-05
-1.8735e-05
-3.39388e-05
-3.70153e-05
-4.69127e-05
-5.36438e-05
-6.22613e-05
-7.15781e-05
-8.24466e-05
-9.3628e-05
-0.000108084
-0.000122092
-0.000142858
-0.000174615
-0.000189955
-0.000272414
-0.000305351
-0.000412698
-0.000234977
7.14201e-06
-1.85086e-05
-1.50908e-05
-1.65015e-05
-2.08654e-05
-2.92737e-05
-4.17349e-05
-5.45088e-05
-6.85493e-05
-8.34437e-05
-9.81123e-05
-0.000114956
-0.000133676
-0.000154012
-0.000193927
-0.000220423
-0.000308576
-0.00046158
-0.000538427
-0.000213636
5.14049e-05
-1.66972e-05
-2.29954e-05
-4.35764e-05
-4.11421e-05
-5.82211e-05
-6.54654e-05
-7.96405e-05
-8.94535e-05
-0.000110986
-0.000113593
-0.000145758
-0.000151306
-0.000167846
-0.000244826
-0.000225847
-0.000348354
-0.000537454
-0.000499633
0.000196716
-7.36111e-05
6.72538e-06
2.12839e-05
2.30987e-06
-1.79395e-05
-2.85028e-05
-4.74515e-05
-6.19137e-05
-7.82312e-05
-0.000100261
-0.000110616
-0.000130206
-0.000147858
-0.000160828
-0.000187945
-0.000211524
-0.000186807
-8.04099e-05
0.000353548
0.001665
)
;

boundaryField
{
    movingWall
    {
        type            zeroGradient;
    }
    fixedWalls
    {
        type            zeroGradient;
    }
    frontAndBack
    {
        type            empty;
    }
}


// ************************************************************************* //
