/*--------------------------------*- C++ -*----------------------------------*\
| =========                 |                                                 |
| \\      /  F ield         | OpenFOAM: The Open Source CFD Toolbox           |
|  \\    /   O peration     | Version:  5.x                                   |
|   \\  /    A nd           | Web:      www.OpenFOAM.org                      |
|    \\/     M anipulation  |                                                 |
\*---------------------------------------------------------------------------*/
FoamFile
{
    version     2.0;
    format      ascii;
    class       volScalarField;
    location    "6.3";
    object      p;
}
// * * * * * * * * * * * * * * * * * * * * * * * * * * * * * * * * * * * * * //

dimensions      [0 2 -2 0 0 0 0];

internalField   nonuniform List<scalar> 
400
(
2.08251e-10
1.31901e-05
4.171e-05
8.79225e-05
0.00014427
0.00015995
2.29221e-06
-0.000293774
-0.00055515
-0.000771542
-0.000952726
-0.000945472
-0.000839286
-0.000728381
-0.000545154
-0.000312386
-0.000120993
9.59229e-05
0.000432147
0.00107775
-2.16276e-05
-1.47078e-05
-1.98577e-06
1.21991e-05
1.44732e-05
-3.91274e-05
-0.000223322
-0.000421354
-0.000519045
-0.000726243
-0.00104114
-0.00111952
-0.00095533
-0.000810926
-0.000650425
-0.000421679
-0.000266217
-0.000146801
3.46349e-05
0.000478908
-5.47101e-05
-5.26994e-05
-5.02781e-05
-5.24353e-05
-6.96961e-05
-0.000120032
-0.00023018
-0.000389503
-0.00058519
-0.000886168
-0.00105676
-0.00103119
-0.000918375
-0.000787907
-0.000629029
-0.000443239
-0.00033143
-0.000247228
-0.000179097
7.86972e-05
-9.22292e-05
-9.37979e-05
-9.83607e-05
-0.00010993
-0.000135251
-0.000183636
-0.00026736
-0.000389629
-0.000533867
-0.000680625
-0.000781268
-0.0008173
-0.000788276
-0.000696057
-0.000583569
-0.000445617
-0.000379871
-0.000310514
-0.000289778
-0.000156596
-0.000129049
-0.000132712
-0.000141063
-0.000156869
-0.000184768
-0.000227265
-0.000294046
-0.000380971
-0.000478741
-0.00057285
-0.000651564
-0.000683318
-0.000664569
-0.00060103
-0.000532868
-0.000439886
-0.000408251
-0.000342466
-0.000359098
-0.000286118
-0.000162306
-0.000166974
-0.000176956
-0.000193355
-0.000219851
-0.000257335
-0.000308226
-0.000369916
-0.000437358
-0.000499711
-0.000549587
-0.000566998
-0.000558844
-0.000523969
-0.000490294
-0.000422054
-0.000413496
-0.000345363
-0.000400711
-0.000322563
-0.00019075
-0.000195744
-0.00020603
-0.000222358
-0.000245989
-0.000277447
-0.00031671
-0.000361725
-0.00040941
-0.000452212
-0.000487286
-0.000503472
-0.000505887
-0.00047981
-0.000465228
-0.000408327
-0.000419653
-0.000345887
-0.000389035
-0.000337898
-0.000214241
-0.000219355
-0.000229434
-0.0002446
-0.000265164
-0.000290979
-0.00032169
-0.000355302
-0.000390091
-0.000420341
-0.000445767
-0.000455768
-0.000462619
-0.000439185
-0.00044051
-0.000389728
-0.000409042
-0.00033905
-0.000379293
-0.000328844
-0.000232743
-0.000238106
-0.000248049
-0.00026213
-0.000280067
-0.000301499
-0.000325807
-0.000351465
-0.000377448
-0.000399806
-0.00041957
-0.000428465
-0.00043685
-0.000423443
-0.00042949
-0.000386185
-0.000416352
-0.000340126
-0.000413875
-0.000326858
-0.000246599
-0.000253071
-0.000262947
-0.000275793
-0.000291206
-0.000308541
-0.000327944
-0.000347506
-0.000367513
-0.000383461
-0.000399396
-0.000402118
-0.000413903
-0.000391746
-0.000413652
-0.000367554
-0.000412417
-0.000337299
-0.000427001
-0.000362593
-0.000255303
-0.000263063
-0.000274539
-0.000287423
-0.000301553
-0.000316764
-0.000332569
-0.000348232
-0.00036376
-0.000376308
-0.00038952
-0.000393953
-0.000404978
-0.000396851
-0.000410271
-0.000380522
-0.000412191
-0.000350685
-0.000415578
-0.000329207
-0.000259409
-0.000273913
-0.000285831
-0.000298275
-0.000309526
-0.000320422
-0.000333092
-0.000344063
-0.000356663
-0.000364603
-0.000376112
-0.000374964
-0.000387334
-0.000369563
-0.000393449
-0.000353685
-0.000403175
-0.00034117
-0.000405349
-0.000355432
-0.000259004
-0.000278157
-0.000294434
-0.000306925
-0.000319336
-0.000331402
-0.000341218
-0.000350666
-0.000359521
-0.00036694
-0.000375821
-0.000378358
-0.000388696
-0.000384097
-0.000400885
-0.000386052
-0.000411587
-0.000377038
-0.00046771
-0.000392055
-0.000262158
-0.00030969
-0.000309589
-0.000324552
-0.000328164
-0.000332945
-0.000339094
-0.000342777
-0.000350963
-0.000354441
-0.000363283
-0.000361356
-0.000370233
-0.000359392
-0.000369823
-0.000348226
-0.000383799
-0.000340953
-0.000379335
-0.000333157
-0.000303133
-0.000371839
-0.000327565
-0.000331644
-0.000346325
-0.000352018
-0.000350436
-0.000356303
-0.000357713
-0.000365786
-0.000368597
-0.000374507
-0.000375802
-0.000380539
-0.000396685
-0.000389516
-0.000420843
-0.0003653
-0.000438817
-0.000372328
-0.000441552
-0.000450593
-0.000355188
-0.000384255
-0.000357085
-0.000342674
-0.000340913
-0.000340212
-0.000347199
-0.000347979
-0.000357392
-0.000356019
-0.000365813
-0.000365311
-0.000354587
-0.000337213
-0.000337339
-0.000351016
-0.000364477
-0.000326034
-0.000237795
-0.000372851
-0.000393353
-0.000331091
-0.000344002
-0.000338617
-0.000336203
-0.000352486
-0.000350338
-0.000367151
-0.000366188
-0.000376588
-0.000365127
-0.000398496
-0.000366085
-0.000391649
-0.000475259
-0.000347714
-0.000444748
-0.000250448
-0.000258095
-0.000458366
-0.000367456
-0.000318576
-0.000344657
-0.000323235
-0.000337466
-0.000334338
-0.000350961
-0.000351852
-0.00036019
-0.000362281
-0.000364244
-0.000362841
-0.000363686
-0.000447289
-0.00035943
-0.000254532
-0.000235273
-8.34079e-05
-0.000221915
-0.000349231
-0.000376363
-0.000370453
-0.000338978
-0.000326066
-0.000329661
-0.000330553
-0.000349319
-0.000352416
-0.000373878
-0.000359262
-0.000407268
-0.000345672
-0.000372499
-0.000431069
-0.000328311
-0.000421577
-0.000305827
0.000206006
-0.00038109
-0.000339705
-0.000293573
-0.000355347
-0.000314946
-0.00031922
-0.000319576
-0.000322104
-0.000325698
-0.000334033
-0.00033917
-0.000336129
-0.000332681
-0.000328038
-0.000349781
-0.000351864
-0.000319788
-0.000105925
0.000300458
0.00154823
)
;

boundaryField
{
    movingWall
    {
        type            zeroGradient;
    }
    fixedWalls
    {
        type            zeroGradient;
    }
    frontAndBack
    {
        type            empty;
    }
}


// ************************************************************************* //
