/*--------------------------------*- C++ -*----------------------------------*\
| =========                 |                                                 |
| \\      /  F ield         | OpenFOAM: The Open Source CFD Toolbox           |
|  \\    /   O peration     | Version:  5.x                                   |
|   \\  /    A nd           | Web:      www.OpenFOAM.org                      |
|    \\/     M anipulation  |                                                 |
\*---------------------------------------------------------------------------*/
FoamFile
{
    version     2.0;
    format      ascii;
    class       volScalarField;
    location    "1.5";
    object      p;
}
// * * * * * * * * * * * * * * * * * * * * * * * * * * * * * * * * * * * * * //

dimensions      [0 2 -2 0 0 0 0];

internalField   nonuniform List<scalar> 
400
(
8.19005e-11
2.20684e-07
6.80751e-07
1.37815e-06
2.31178e-06
3.47794e-06
4.86938e-06
6.4738e-06
8.27244e-06
1.02388e-05
1.23372e-05
1.45225e-05
1.67388e-05
1.89215e-05
2.09981e-05
2.28911e-05
2.45221e-05
2.5817e-05
2.6713e-05
2.71595e-05
-2.38226e-07
-1.74243e-08
4.43766e-07
1.1438e-06
2.0825e-06
3.25728e-06
4.66205e-06
6.28566e-06
8.11043e-06
1.01107e-05
1.22514e-05
1.44876e-05
1.67632e-05
1.90111e-05
2.11565e-05
2.31185e-05
2.48142e-05
2.61641e-05
2.71004e-05
2.75676e-05
-7.41992e-07
-5.20653e-07
-5.68971e-08
6.48988e-07
1.59874e-06
2.79202e-06
4.22513e-06
5.88934e-06
7.76915e-06
9.8407e-06
1.20702e-05
1.44129e-05
1.68116e-05
1.91964e-05
2.14872e-05
2.35956e-05
2.54292e-05
2.68971e-05
2.792e-05
2.8432e-05
-1.50964e-06
-1.2882e-06
-8.21937e-07
-1.09084e-07
8.55162e-07
2.07402e-06
3.54762e-06
5.27101e-06
7.23223e-06
9.41036e-06
1.17737e-05
1.42787e-05
1.6867e-05
1.94645e-05
2.19832e-05
2.43237e-05
2.63778e-05
2.80363e-05
2.92007e-05
2.97863e-05
-2.54603e-06
-2.32615e-06
-1.85969e-06
-1.14182e-06
-1.63272e-07
1.08436e-06
2.60672e-06
4.40432e-06
6.47032e-06
8.78832e-06
1.13301e-05
1.40541e-05
1.69022e-05
1.97954e-05
2.26359e-05
2.53086e-05
2.76837e-05
2.96241e-05
3.10005e-05
3.16981e-05
-3.85568e-06
-3.64081e-06
-3.17978e-06
-2.46336e-06
-1.47593e-06
-2.01912e-07
1.37187e-06
3.2534e-06
5.44291e-06
7.93043e-06
1.06932e-05
1.36933e-05
1.68753e-05
2.01559e-05
2.34266e-05
2.65529e-05
2.93757e-05
3.17178e-05
3.34028e-05
3.42667e-05
-5.44192e-06
-5.23811e-06
-4.79289e-06
-4.09069e-06
-3.10709e-06
-1.81674e-06
-1.96508e-07
1.77136e-06
4.09642e-06
6.77743e-06
9.79958e-06
1.31316e-05
1.67244e-05
2.04933e-05
2.43209e-05
2.805e-05
3.14846e-05
3.43917e-05
3.65236e-05
3.76373e-05
-7.30475e-06
-7.1219e-06
-6.70962e-06
-6.04315e-06
-5.08587e-06
-3.7994e-06
-2.14769e-06
-1.00712e-07
2.3628e-06
5.25289e-06
8.56577e-06
1.22806e-05
1.63612e-05
2.07267e-05
2.52561e-05
2.97726e-05
3.40351e-05
3.77365e-05
4.05203e-05
4.20216e-05
-9.4378e-06
-9.2916e-06
-8.93909e-06
-8.34192e-06
-7.44644e-06
-6.19706e-06
-4.54147e-06
-2.43473e-06
1.58322e-07
3.26136e-06
6.88467e-06
1.10225e-05
1.56625e-05
2.07342e-05
2.61261e-05
3.16533e-05
3.70288e-05
4.18524e-05
4.56006e-05
4.77336e-05
-1.18238e-05
-1.17392e-05
-1.14874e-05
-1.10098e-05
-1.02287e-05
-9.06585e-06
-7.44913e-06
-5.3164e-06
-2.61706e-06
6.87679e-07
4.62418e-06
9.20504e-06
1.44621e-05
2.0339e-05
2.67576e-05
3.35519e-05
4.0411e-05
4.683e-05
5.20245e-05
5.52528e-05
-1.44252e-05
-1.44448e-05
-1.43562e-05
-1.40716e-05
-1.34796e-05
-1.24726e-05
-1.09548e-05
-8.84573e-06
-6.07931e-06
-2.60148e-06
1.62999e-06
6.63083e-06
1.25458e-05
1.92916e-05
2.68785e-05
3.52086e-05
4.4002e-05
5.26987e-05
6.00848e-05
6.53312e-05
-1.71806e-05
-1.73755e-05
-1.75435e-05
-1.7557e-05
-1.72572e-05
-1.64981e-05
-1.51576e-05
-1.31375e-05
-1.03589e-05
-6.75363e-06
-2.25049e-06
3.24918e-06
9.67176e-06
1.72538e-05
2.60774e-05
3.61704e-05
4.73913e-05
5.93024e-05
7.00192e-05
7.91672e-05
-1.99061e-05
-2.04757e-05
-2.10384e-05
-2.15066e-05
-2.16372e-05
-2.12435e-05
-2.01753e-05
-1.8321e-05
-1.5599e-05
-1.19422e-05
-7.2781e-06
-1.51299e-06
5.42866e-06
1.37544e-05
2.37542e-05
3.56925e-05
4.97644e-05
6.60292e-05
8.16861e-05
9.86158e-05
-2.26746e-05
-2.36997e-05
-2.48476e-05
-2.59711e-05
-2.67191e-05
-2.68364e-05
-2.61475e-05
-2.45367e-05
-2.19372e-05
-1.8304e-05
-1.3578e-05
-7.59707e-06
1.9498e-08
8.62042e-06
1.93752e-05
3.27867e-05
4.9631e-05
7.13499e-05
9.35078e-05
0.00012626
-2.37881e-05
-2.73208e-05
-2.88808e-05
-3.11983e-05
-3.27239e-05
-3.34873e-05
-3.32607e-05
-3.19433e-05
-2.95028e-05
-2.59567e-05
-2.13553e-05
-1.57807e-05
-9.37397e-06
-1.21242e-06
9.52886e-06
2.35243e-05
4.23251e-05
7.1659e-05
9.9017e-05
0.000162272
-2.582e-05
-2.73512e-05
-3.2711e-05
-3.57862e-05
-3.90992e-05
-4.10418e-05
-4.1596e-05
-4.06614e-05
-3.83604e-05
-3.48232e-05
-3.01512e-05
-2.43229e-05
-1.72319e-05
-8.00423e-06
3.94079e-06
1.79178e-05
3.6463e-05
6.86761e-05
9.12682e-05
0.000193582
-2.21634e-05
-4.25238e-05
-3.98922e-05
-4.98174e-05
-5.13977e-05
-5.30935e-05
-5.30284e-05
-5.1646e-05
-4.9063e-05
-4.54265e-05
-4.10685e-05
-3.61328e-05
-3.11261e-05
-2.61285e-05
-2.18813e-05
-1.53694e-05
-1.40349e-05
2.54762e-05
1.23448e-06
0.00018852
-2.10191e-05
-2.52592e-05
-3.77315e-05
-4.15046e-05
-5.1249e-05
-5.63378e-05
-5.95725e-05
-6.01569e-05
-5.85598e-05
-5.50665e-05
-5.05829e-05
-4.50889e-05
-4.01762e-05
-3.54883e-05
-3.2834e-05
-3.13302e-05
-4.26649e-05
2.66237e-06
-5.89376e-05
0.00017035
9.06522e-06
-6.7645e-05
-5.8965e-05
-8.54041e-05
-8.40777e-05
-8.8285e-05
-8.6688e-05
-8.31051e-05
-7.83424e-05
-7.20121e-05
-6.67473e-05
-5.98392e-05
-5.65435e-05
-5.63233e-05
-5.97641e-05
-7.43748e-05
-0.000127452
-0.00011595
-0.00013744
0.000187683
-8.3783e-05
-3.07689e-05
-3.22681e-05
-5.98666e-05
-7.46949e-05
-8.12331e-05
-8.41322e-05
-8.3682e-05
-8.15382e-05
-7.46711e-05
-7.10544e-05
-6.06477e-05
-6.07609e-05
-5.43866e-05
-6.38313e-05
-7.28564e-05
-7.16471e-05
1.26088e-05
0.000309613
0.00096782
)
;

boundaryField
{
    movingWall
    {
        type            zeroGradient;
    }
    fixedWalls
    {
        type            zeroGradient;
    }
    frontAndBack
    {
        type            empty;
    }
}


// ************************************************************************* //
