/*--------------------------------*- C++ -*----------------------------------*\
| =========                 |                                                 |
| \\      /  F ield         | OpenFOAM: The Open Source CFD Toolbox           |
|  \\    /   O peration     | Version:  5.x                                   |
|   \\  /    A nd           | Web:      www.OpenFOAM.org                      |
|    \\/     M anipulation  |                                                 |
\*---------------------------------------------------------------------------*/
FoamFile
{
    version     2.0;
    format      ascii;
    class       surfaceScalarField;
    location    "1.5";
    object      phi;
}
// * * * * * * * * * * * * * * * * * * * * * * * * * * * * * * * * * * * * * //

dimensions      [0 3 -1 0 0 0 0];

internalField   nonuniform List<scalar> 
760
(
-5.20566e-09
5.20565e-09
-1.04317e-08
5.22608e-09
-1.5443e-08
5.01126e-09
-2.01342e-08
4.69116e-09
-2.44048e-08
4.27067e-09
-2.81603e-08
3.75546e-09
-3.13125e-08
3.15218e-09
-3.37809e-08
2.4684e-09
-3.54937e-08
1.7128e-09
-3.63893e-08
8.9561e-10
-3.64205e-08
3.11828e-11
-3.5543e-08
-8.77454e-10
-3.37461e-08
-1.79696e-09
-3.10361e-08
-2.70992e-09
-2.74472e-08
-3.58894e-09
-2.30452e-08
-4.40204e-09
-1.79313e-08
-5.1139e-09
-1.2243e-08
-5.68826e-09
-6.15278e-09
-6.09021e-09
-6.15278e-09
-5.44246e-09
1.06481e-08
-1.09051e-08
1.06887e-08
-1.61436e-08
1.02498e-08
-2.10483e-08
9.59588e-09
-2.5515e-08
8.73735e-09
-2.94456e-08
7.68601e-09
-3.27488e-08
6.45547e-09
-3.53416e-08
5.06113e-09
-3.71491e-08
3.52036e-09
-3.81071e-08
1.85362e-09
-3.81672e-08
9.12699e-11
-3.72765e-08
-1.76813e-09
-3.54228e-08
-3.65076e-09
-3.26096e-08
-5.52307e-09
-2.88678e-08
-7.33078e-09
-2.42619e-08
-9.00788e-09
-1.88951e-08
-1.04807e-08
-1.29108e-08
-1.16726e-08
-6.49227e-09
-1.25088e-08
-1.26451e-08
-5.66128e-09
1.63094e-08
-1.13453e-08
1.63727e-08
-1.67984e-08
1.57029e-08
-2.19083e-08
1.47058e-08
-2.65684e-08
1.33975e-08
-3.06788e-08
1.17963e-08
-3.41463e-08
9.92298e-09
-3.68856e-08
7.80044e-09
-3.88194e-08
5.45418e-09
-3.98795e-08
2.9137e-09
-4.00106e-08
2.22391e-10
-3.91549e-08
-2.62388e-09
-3.72894e-08
-5.51623e-09
-3.44083e-08
-8.40411e-09
-3.05332e-08
-1.1206e-08
-2.57214e-08
-1.38196e-08
-2.0074e-08
-1.61281e-08
-1.37398e-08
-1.80068e-08
-6.91699e-09
-1.93316e-08
-1.9562e-08
-5.9927e-09
2.23021e-08
-1.20117e-08
2.23917e-08
-1.77895e-08
2.14807e-08
-2.32097e-08
2.0126e-08
-2.81624e-08
1.83503e-08
-3.2545e-08
1.61788e-08
-3.6262e-08
1.364e-08
-3.92254e-08
1.07638e-08
-4.13542e-08
7.58303e-09
-4.25749e-08
4.13441e-09
-4.28235e-08
4.71006e-10
-4.20322e-08
-3.41523e-09
-4.01614e-08
-7.38703e-09
-3.71898e-08
-1.13757e-08
-3.31227e-08
-1.52731e-08
-2.80037e-08
-1.89385e-08
-2.19276e-08
-2.22042e-08
-1.50494e-08
-2.4885e-08
-7.59039e-09
-2.67906e-08
-2.71524e-08
-6.44319e-09
2.87453e-08
-1.29172e-08
2.88657e-08
-1.91352e-08
2.76987e-08
-2.49755e-08
2.59662e-08
-3.03237e-08
2.36985e-08
-3.50742e-08
2.09293e-08
-3.91292e-08
1.7695e-08
-4.23982e-08
1.40328e-08
-4.47965e-08
9.98129e-09
-4.62442e-08
5.58212e-09
-4.66669e-08
8.93779e-10
-4.59829e-08
-4.09929e-09
-4.41289e-08
-9.24106e-09
-4.10594e-08
-1.44452e-08
-3.67535e-08
-1.9579e-08
-3.12304e-08
-2.44616e-08
-2.45696e-08
-2.8865e-08
-1.69296e-08
-3.2525e-08
-8.56268e-09
-3.51575e-08
-3.57151e-08
-7.01983e-09
3.57651e-08
-1.40756e-08
3.59214e-08
-2.08551e-08
3.44782e-08
-2.72294e-08
3.23406e-08
-3.30793e-08
2.95484e-08
-3.82962e-08
2.61462e-08
-4.27807e-08
2.21795e-08
-4.6441e-08
1.76931e-08
-4.91897e-08
1.273e-08
-5.09411e-08
7.33351e-09
-5.16096e-08
1.56232e-09
-5.10964e-08
-4.61251e-09
-4.93061e-08
-1.10314e-08
-4.61575e-08
-1.75937e-08
-4.15888e-08
-2.41477e-08
-3.55773e-08
-3.04731e-08
-2.81704e-08
-3.62719e-08
-1.95197e-08
-4.11757e-08
-9.91427e-09
-4.47629e-08
-4.56294e-08
-7.73225e-09
4.34974e-08
-1.55054e-08
4.36946e-08
-2.29749e-08
4.19477e-08
-3.00026e-08
3.93683e-08
-3.64638e-08
3.60096e-08
-4.22476e-08
3.193e-08
-4.72551e-08
2.7187e-08
-5.13957e-08
2.18338e-08
-5.45824e-08
1.59166e-08
-5.67259e-08
9.477e-09
-5.77298e-08
2.56628e-09
-5.74788e-08
-4.86358e-09
-5.58351e-08
-1.2675e-08
-5.26678e-08
-2.07611e-08
-4.7852e-08
-2.89636e-08
-4.12962e-08
-3.70289e-08
-3.29844e-08
-4.45837e-08
-2.30358e-08
-5.11243e-08
-1.17759e-08
-5.60228e-08
-5.74053e-08
-8.59348e-09
5.20908e-08
-1.72317e-08
5.23329e-08
-2.55288e-08
5.02447e-08
-3.33354e-08
4.71749e-08
-4.05203e-08
4.31946e-08
-4.6972e-08
3.83817e-08
-5.25954e-08
3.28104e-08
-5.73061e-08
2.65444e-08
-6.10225e-08
1.9633e-08
-6.36574e-08
1.21119e-08
-6.51081e-08
4.01695e-09
-6.52451e-08
-4.72658e-09
-6.38806e-08
-1.40395e-08
-6.0818e-08
-2.38236e-08
-5.58388e-08
-3.39428e-08
-4.87396e-08
-4.41281e-08
-3.93879e-08
-5.39353e-08
-2.78145e-08
-6.26978e-08
-1.43661e-08
-6.94712e-08
-7.17713e-08
-9.62101e-09
6.17119e-08
-1.92875e-08
6.19994e-08
-2.85621e-08
5.95194e-08
-3.728e-08
5.58928e-08
-4.5303e-08
5.12176e-08
-5.25211e-08
4.55998e-08
-5.88483e-08
3.91376e-08
-6.42138e-08
3.191e-08
-6.85512e-08
2.39704e-08
-7.17845e-08
1.53452e-08
-7.38135e-08
6.04596e-09
-7.45055e-08
-4.03456e-09
-7.36173e-08
-1.49277e-08
-7.08744e-08
-2.65665e-08
-6.59282e-08
-3.88891e-08
-5.83957e-08
-5.16606e-08
-4.79399e-08
-6.43912e-08
-3.43888e-08
-7.62488e-08
-1.80654e-08
-8.57946e-08
-8.98368e-08
-1.08384e-08
7.25503e-08
-2.17169e-08
7.28779e-08
-3.21354e-08
6.99378e-08
-4.19057e-08
6.56631e-08
-5.08813e-08
6.01931e-08
-5.89568e-08
5.36753e-08
-6.60633e-08
4.6244e-08
-7.21551e-08
3.80019e-08
-7.71944e-08
2.90097e-08
-8.11321e-08
1.92829e-08
-8.3886e-08
8.79986e-09
-8.53431e-08
-2.57752e-09
-8.52063e-08
-1.50645e-08
-8.31238e-08
-2.8649e-08
-7.85819e-08
-4.3431e-08
-7.09302e-08
-5.93122e-08
-5.94734e-08
-7.58479e-08
-4.36208e-08
-9.21015e-08
-2.35678e-08
-1.05848e-07
-1.13405e-07
-1.22727e-08
8.4823e-08
-2.45772e-08
8.51824e-08
-3.63308e-08
8.16913e-08
-4.73065e-08
7.66388e-08
-5.73473e-08
7.02339e-08
-6.63567e-08
6.26848e-08
-7.42944e-08
5.41817e-08
-8.11564e-08
4.48638e-08
-8.6953e-08
3.48064e-08
-9.16846e-08
2.40145e-08
-9.53099e-08
1.24252e-08
-9.77791e-08
-1.08336e-10
-9.87518e-08
-1.40918e-08
-9.78313e-08
-2.95696e-08
-9.43209e-08
-4.69414e-08
-8.72151e-08
-6.6418e-08
-7.52314e-08
-8.78316e-08
-5.6932e-08
-1.10401e-07
-3.21956e-08
-1.30584e-07
-1.456e-07
-1.39762e-08
9.87992e-08
-2.79513e-08
9.91575e-08
-4.12669e-08
9.50069e-08
-5.36157e-08
8.89876e-08
-6.48287e-08
8.14469e-08
-7.48237e-08
7.26798e-08
-8.36052e-08
6.29632e-08
-9.12327e-08
5.24913e-08
-9.77933e-08
4.1367e-08
-1.0337e-07
2.95907e-08
-1.08008e-07
1.70633e-08
-1.11694e-07
3.57803e-09
-1.14226e-07
-1.15599e-08
-1.15157e-07
-2.8639e-08
-1.13651e-07
-4.84468e-08
-1.08314e-07
-7.17552e-08
-9.70281e-08
-9.91173e-08
-7.66939e-08
-1.30735e-07
-4.65791e-08
-1.60699e-07
-1.92179e-07
-1.5801e-08
1.146e-07
-3.18897e-08
1.15246e-07
-4.70913e-08
1.10208e-07
-6.10235e-08
1.0292e-07
-7.35108e-08
9.39341e-08
-8.45031e-08
8.36721e-08
-9.40764e-08
7.25365e-08
-1.02387e-07
6.08016e-08
-1.09634e-07
4.86138e-08
-1.16018e-07
3.5975e-08
-1.21718e-07
2.27635e-08
-1.2683e-07
8.68999e-09
-1.31387e-07
-7.00332e-09
-1.35012e-07
-2.50136e-08
-1.36895e-07
-4.65639e-08
-1.35356e-07
-7.32943e-08
-1.27324e-07
-1.0715e-07
-1.06698e-07
-1.51361e-07
-7.21778e-08
-1.95219e-07
-2.64357e-07
-1.86813e-08
1.33282e-07
-3.68503e-08
1.33415e-07
-5.41727e-08
1.27531e-07
-6.98354e-08
1.18583e-07
-8.36664e-08
1.07765e-07
-9.56003e-08
9.5606e-08
-1.05821e-07
8.2757e-08
-1.1462e-07
6.96008e-08
-1.22351e-07
5.6345e-08
-1.29384e-07
4.30084e-08
-1.36109e-07
2.94883e-08
-1.42871e-07
1.54518e-08
-1.4949e-07
-3.84339e-10
-1.56735e-07
-1.77689e-08
-1.6375e-07
-3.95485e-08
-1.68977e-07
-6.80675e-08
-1.69145e-07
-1.06981e-07
-1.52486e-07
-1.6802e-07
-1.2062e-07
-2.27084e-07
-3.84977e-07
-1.68217e-08
1.50103e-07
-4.18079e-08
1.58401e-07
-6.2313e-08
1.48036e-07
-8.05112e-08
1.36781e-07
-9.57548e-08
1.23009e-07
-1.08448e-07
1.08299e-07
-1.19017e-07
9.33262e-08
-1.27946e-07
7.85296e-08
-1.35766e-07
6.41651e-08
-1.42996e-07
5.02381e-08
-1.50061e-07
3.6554e-08
-1.57562e-07
2.29522e-08
-1.6724e-07
9.2943e-09
-1.78985e-07
-6.02469e-09
-1.92976e-07
-2.55575e-08
-2.08853e-07
-5.21896e-08
-2.26901e-07
-8.89337e-08
-2.23017e-07
-1.71904e-07
-2.11027e-07
-2.39074e-07
-5.96005e-07
-3.44276e-08
1.84531e-07
-5.07495e-08
1.74723e-07
-7.37749e-08
1.71061e-07
-9.29061e-08
1.55912e-07
-1.09674e-07
1.39777e-07
-1.23113e-07
1.21737e-07
-1.33779e-07
1.03992e-07
-1.42396e-07
8.71465e-08
-1.49859e-07
7.16282e-08
-1.57112e-07
5.74915e-08
-1.65328e-07
4.47699e-08
-1.75299e-07
3.29232e-08
-1.87915e-07
2.19106e-08
-2.03705e-07
9.76475e-09
-2.2551e-07
-3.75213e-09
-2.54167e-07
-2.35329e-08
-2.93064e-07
-5.00365e-08
-3.16829e-07
-1.4814e-07
-3.31357e-07
-2.24546e-07
-9.27361e-07
-5.39324e-09
1.89924e-07
-6.22868e-08
2.31617e-07
-9.11198e-08
1.99894e-07
-1.15274e-07
1.80066e-07
-1.31595e-07
1.56098e-07
-1.4334e-07
1.33483e-07
-1.51805e-07
1.12457e-07
-1.58372e-07
9.37134e-08
-1.63962e-07
7.72189e-08
-1.68986e-07
6.25151e-08
-1.74318e-07
5.01013e-08
-1.80161e-07
3.87667e-08
-1.89598e-07
3.13474e-08
-2.04786e-07
2.49526e-08
-2.34166e-07
2.56282e-08
-2.79424e-07
2.17252e-08
-3.66615e-07
3.71543e-08
-4.11581e-07
-1.03174e-07
-3.89231e-07
-2.46896e-07
-1.31659e-06
1.73255e-08
1.72599e-07
-1.88487e-08
2.67791e-07
-5.34914e-08
2.34537e-07
-9.98945e-08
2.26469e-07
-1.27765e-07
1.83969e-07
-1.48176e-07
1.53893e-07
-1.6159e-07
1.25872e-07
-1.70555e-07
1.02678e-07
-1.77196e-07
8.38598e-08
-1.82582e-07
6.79009e-08
-1.90062e-07
5.75815e-08
-1.98562e-07
4.7267e-08
-2.15355e-07
4.81404e-08
-2.3703e-07
4.66278e-08
-2.79717e-07
6.83149e-08
-3.27703e-07
6.97111e-08
-3.86255e-07
9.57059e-08
-3.89431e-07
-9.99975e-08
-1.62974e-07
-4.73353e-07
-1.47957e-06
-4.00684e-07
5.73283e-07
-4.1569e-07
2.82797e-07
-4.27064e-07
2.4591e-07
-3.87575e-07
1.8698e-07
-3.55648e-07
1.52042e-07
-3.21738e-07
1.19982e-07
-2.91374e-07
9.55083e-08
-2.65045e-07
7.63495e-08
-2.44171e-07
6.29856e-08
-2.24917e-07
4.86466e-08
-2.11663e-07
4.43281e-08
-1.94065e-07
2.96689e-08
-1.81362e-07
3.54366e-08
-1.61135e-07
2.64015e-08
-1.19808e-07
2.69877e-08
-9.44966e-08
4.43996e-08
3.63769e-08
-3.51676e-08
7.75441e-08
-1.41165e-07
2.22637e-07
-6.18446e-07
-1.25693e-06
5.73283e-07
8.5608e-07
1.10199e-06
1.28897e-06
1.44101e-06
1.56099e-06
1.6565e-06
1.73285e-06
1.79584e-06
1.84448e-06
1.88881e-06
1.91848e-06
1.95392e-06
1.98032e-06
2.00731e-06
2.05171e-06
2.01654e-06
1.87537e-06
1.25693e-06
)
;

boundaryField
{
    movingWall
    {
        type            calculated;
        value           uniform 0;
    }
    fixedWalls
    {
        type            calculated;
        value           uniform 0;
    }
    frontAndBack
    {
        type            empty;
        value           nonuniform 0();
    }
}


// ************************************************************************* //
