/*--------------------------------*- C++ -*----------------------------------*\
| =========                 |                                                 |
| \\      /  F ield         | OpenFOAM: The Open Source CFD Toolbox           |
|  \\    /   O peration     | Version:  5.x                                   |
|   \\  /    A nd           | Web:      www.OpenFOAM.org                      |
|    \\/     M anipulation  |                                                 |
\*---------------------------------------------------------------------------*/
FoamFile
{
    version     2.0;
    format      ascii;
    class       volScalarField;
    location    "14.6";
    object      p;
}
// * * * * * * * * * * * * * * * * * * * * * * * * * * * * * * * * * * * * * //

dimensions      [0 2 -2 0 0 0 0];

internalField   nonuniform List<scalar> 
400
(
2.38338e-10
-0.000505075
-0.000850982
-0.0010544
-0.00115823
-0.00120642
-0.00123438
-0.00124155
-0.00124654
-0.00123982
-0.00123535
-0.00123685
-0.00122233
-0.00122514
-0.00120996
-0.00115491
-0.00102531
-0.000740138
-0.00055516
0.000572377
-0.000550185
-0.000873562
-0.00107192
-0.00117419
-0.00121085
-0.00122651
-0.00123386
-0.00124637
-0.00123236
-0.00124341
-0.00123029
-0.00124594
-0.00125308
-0.00123154
-0.00125201
-0.00119084
-0.00123094
-0.00108475
-0.00110219
-0.000292596
-0.000852723
-0.0010989
-0.00116081
-0.00121713
-0.00122666
-0.00123688
-0.00124295
-0.00124651
-0.00124903
-0.00124483
-0.00124264
-0.00124395
-0.00125196
-0.00123919
-0.00125044
-0.00120752
-0.00122569
-0.0011618
-0.00113102
-0.000808606
-0.00104347
-0.0011847
-0.00120266
-0.00122121
-0.00123364
-0.00123727
-0.00124397
-0.00124877
-0.00125042
-0.00125076
-0.00124963
-0.00125037
-0.00126583
-0.00124819
-0.001268
-0.00122669
-0.00126342
-0.00120258
-0.00132423
-0.00111367
-0.00116272
-0.00123446
-0.00124733
-0.00124466
-0.00124424
-0.0012482
-0.00125157
-0.00125441
-0.00125814
-0.00125487
-0.00125839
-0.00125956
-0.00127061
-0.00126198
-0.00127144
-0.00124074
-0.00127592
-0.00124363
-0.00125589
-0.00120221
-0.00122947
-0.00128537
-0.00126607
-0.00125674
-0.00125308
-0.0012558
-0.00126021
-0.00126291
-0.00126739
-0.00126444
-0.00126778
-0.0012632
-0.00127747
-0.0012597
-0.00128097
-0.00124542
-0.00128645
-0.00123993
-0.00130376
-0.00123783
-0.00125913
-0.0012609
-0.00126516
-0.00125823
-0.00125544
-0.00126071
-0.00126815
-0.00127276
-0.00127782
-0.00127549
-0.00130266
-0.0012868
-0.00129471
-0.00128608
-0.00129524
-0.00127724
-0.00128878
-0.00124191
-0.00128145
-0.00121925
-0.0012493
-0.00125842
-0.00126422
-0.00126347
-0.00126895
-0.00127726
-0.00128748
-0.00129502
-0.00129903
-0.00129427
-0.00132312
-0.00130267
-0.00129712
-0.00127953
-0.0012819
-0.0012722
-0.00130352
-0.00124821
-0.00128085
-0.00124496
-0.00124966
-0.00127312
-0.0012593
-0.00127693
-0.0012782
-0.00129526
-0.00130996
-0.00131812
-0.00132301
-0.00133845
-0.00139121
-0.0013582
-0.0013325
-0.00132833
-0.00133504
-0.00131491
-0.00132127
-0.00129051
-0.00131818
-0.00130785
-0.00126599
-0.00124427
-0.00126679
-0.00128286
-0.0013029
-0.00132477
-0.00135897
-0.00138345
-0.00138156
-0.00138898
-0.00139725
-0.00138812
-0.00132761
-0.00129676
-0.00131857
-0.00131014
-0.00133746
-0.00133623
-0.00135917
-0.00135936
-0.00126566
-0.00130399
-0.00129387
-0.00131778
-0.00133189
-0.0013593
-0.00143306
-0.00148928
-0.001521
-0.00148007
-0.00142184
-0.00136558
-0.00135875
-0.00133331
-0.00140549
-0.00136654
-0.00139486
-0.00138232
-0.00136439
-0.00134038
-0.00130226
-0.00131102
-0.00131166
-0.00132041
-0.00134753
-0.00140347
-0.00154626
-0.00165766
-0.00172723
-0.00162799
-0.00147492
-0.001282
-0.00127487
-0.00126259
-0.00129607
-0.00128962
-0.00130792
-0.00129369
-0.00128843
-0.00130271
-0.00128677
-0.00130509
-0.0013045
-0.00132951
-0.00138151
-0.00145529
-0.00169834
-0.00185798
-0.00192496
-0.0017599
-0.0015478
-0.00133828
-0.00140774
-0.00135303
-0.00137552
-0.00132946
-0.00127107
-0.00126916
-0.00128451
-0.00130851
-0.00123715
-0.00126503
-0.00127238
-0.00127662
-0.00133906
-0.0014544
-0.00170864
-0.00186149
-0.00191988
-0.00179804
-0.00155643
-0.00133337
-0.00122955
-0.00128155
-0.00127986
-0.00134998
-0.00132284
-0.0012545
-0.0012835
-0.00130112
-0.00118651
-0.00119894
-0.00122526
-0.00124938
-0.0012857
-0.0013924
-0.00161427
-0.00179186
-0.00187338
-0.00177063
-0.00152353
-0.00134787
-0.00120378
-0.00130824
-0.0013378
-0.00138124
-0.00155427
-0.00140205
-0.00147924
-0.00126457
-0.00108708
-0.00112759
-0.00115498
-0.00116961
-0.001205
-0.00128789
-0.00144347
-0.00159406
-0.00166037
-0.00164157
-0.00155774
-0.00137055
-0.00139049
-0.00145754
-0.00124527
-0.00122752
-0.00120139
-0.00113439
-0.00109824
-0.00109798
-0.000950687
-0.00102679
-0.00106893
-0.00109947
-0.00114108
-0.0011833
-0.00126067
-0.00138952
-0.00146631
-0.00151431
-0.00144098
-0.00115178
-0.00158482
-0.00154235
-0.00124141
-0.00134619
-0.00138278
-0.00125298
-0.00143234
-0.000974474
-0.000821585
-0.000914013
-0.00102067
-0.00104668
-0.00109181
-0.00111715
-0.00116395
-0.00128754
-0.00143291
-0.00171664
-0.00177273
-0.00157768
-0.00144649
-0.0012341
-0.00127533
-0.00133459
-0.00117703
-0.000887093
-0.000832174
-0.000458468
-0.000557842
-0.000804135
-0.000912435
-0.00100643
-0.001058
-0.00107032
-0.00108215
-0.00103628
-0.00136173
-0.00198632
-0.00209971
-0.00154058
-0.00139163
-0.0011625
-0.00133881
-0.00127615
-0.00116072
-0.00151912
-0.000975976
-0.000458693
-0.000280158
-0.000576901
-0.000805643
-0.000959806
-0.00109835
-0.00119046
-0.00124993
-0.00129513
-0.00132178
-0.00143859
-0.00142435
-0.0013419
-0.00122605
-0.00133238
-0.00150573
-0.00148763
-0.00121016
-0.000712955
-8.69035e-08
0.00182516
)
;

boundaryField
{
    movingWall
    {
        type            zeroGradient;
    }
    fixedWalls
    {
        type            zeroGradient;
    }
    frontAndBack
    {
        type            empty;
    }
}


// ************************************************************************* //
