/*--------------------------------*- C++ -*----------------------------------*\
| =========                 |                                                 |
| \\      /  F ield         | OpenFOAM: The Open Source CFD Toolbox           |
|  \\    /   O peration     | Version:  5.x                                   |
|   \\  /    A nd           | Web:      www.OpenFOAM.org                      |
|    \\/     M anipulation  |                                                 |
\*---------------------------------------------------------------------------*/
FoamFile
{
    version     2.0;
    format      ascii;
    class       volVectorField;
    location    "14.6";
    object      U;
}
// * * * * * * * * * * * * * * * * * * * * * * * * * * * * * * * * * * * * * //

dimensions      [0 1 -1 0 0 0 0];

internalField   nonuniform List<vector> 
400
(
(-0.0145526 0.00736164 0)
(-0.0319107 0.00403029 0)
(-0.0397247 0.00306193 0)
(-0.0426542 -0.000108654 0)
(-0.0455481 0.000937482 0)
(-0.0459104 -0.00102957 0)
(-0.04703 0.000237395 0)
(-0.047329 -0.000916871 0)
(-0.0467173 -0.000486896 0)
(-0.0482435 0.000355215 0)
(-0.0459263 -0.000740389 0)
(-0.0499343 0.00120357 0)
(-0.0457368 -0.00140547 0)
(-0.0509051 0.000991989 0)
(-0.0474501 -0.0010514 0)
(-0.0502453 2.13801e-05 0)
(-0.0470667 -0.00126415 0)
(-0.042852 -0.00435905 0)
(-0.0436931 -0.00783078 0)
(-0.00346318 -0.0184101 0)
(-0.00798276 0.031218 0)
(-0.0179413 0.0218534 0)
(-0.0187813 0.0079094 0)
(-0.021038 0.00525425 0)
(-0.0205494 0.00168302 0)
(-0.020349 0.00184427 0)
(-0.0199716 0.000586715 0)
(-0.0220016 0.00106173 0)
(-0.0182839 0.00043796 0)
(-0.0246876 0.000296607 0)
(-0.0158356 0.000657703 0)
(-0.0263707 0.000209476 0)
(-0.0161873 0.00126981 0)
(-0.0251015 -0.000420628 0)
(-0.017713 0.000908134 0)
(-0.0214907 -0.00183423 0)
(-0.0221923 -0.00140563 0)
(-0.0182127 -0.0107842 0)
(-0.0322163 -0.0213788 0)
(-0.00277046 -0.04192 0)
(-0.00714655 0.0372565 0)
(-0.00710583 0.0210763 0)
(-0.0073711 0.00827701 0)
(-0.00702809 0.00328535 0)
(-0.00426556 -0.000483254 0)
(-0.0079041 -0.000653403 0)
(-0.00355132 0.000167206 0)
(-0.00849559 -0.000709557 0)
(-0.0046714 0.000185381 0)
(-0.00793075 -0.000391355 0)
(-0.00640585 0.000135908 0)
(-0.00743295 0.000734194 0)
(-0.0095921 -0.000235186 0)
(-0.00665857 -0.000364234 0)
(-0.0126435 -0.000985599 0)
(-0.00322536 0.000527299 0)
(-0.0135044 0.00136433 0)
(0.00144648 0.00135228 0)
(-0.00969349 -0.00594357 0)
(0.000419457 -0.050891 0)
(-0.0015175 0.0426457 0)
(-0.00525397 0.0260255 0)
(-0.00270748 0.00575609 0)
(-0.00511446 0.00326619 0)
(-0.00178304 0.0017631 0)
(-0.00623508 0.00162563 0)
(-0.00424202 0.00120716 0)
(-0.00707957 0.00196091 0)
(-0.0056603 0.000501874 0)
(-0.00651951 0.00160938 0)
(-0.0057469 0.000633763 0)
(-0.00392688 0.00255557 0)
(-0.00621637 0.00134017 0)
(-0.0018787 0.00113547 0)
(-0.00713689 -0.00093615 0)
(-0.000716305 -0.00323548 0)
(-0.00529782 -0.00469644 0)
(-0.00158715 -0.0170768 0)
(-0.0112574 -0.0230202 0)
(0.00315221 -0.0561587 0)
(-0.00205195 0.0431264 0)
(-0.00215256 0.0223411 0)
(-0.00325894 0.00670028 0)
(-0.00310103 0.00137394 0)
(-0.00372637 0.000848106 0)
(-0.00477468 0.00121357 0)
(-0.00525762 0.000988275 0)
(-0.00574166 0.000609267 0)
(-0.00600707 -0.000284789 0)
(-0.00513326 -0.00035215 0)
(-0.00482621 -0.00218833 0)
(-0.00073685 0.000380946 0)
(-0.00543791 -0.00108704 0)
(0.00135722 -0.000706059 0)
(-0.00543068 -0.000450525 0)
(0.000391378 -0.0026319 0)
(-0.00705226 0.00434946 0)
(0.00502624 0.00351459 0)
(-0.00305554 -0.0027062 0)
(0.00330445 -0.0570824 0)
(-0.00102619 0.0463239 0)
(-0.00110518 0.0272449 0)
(-0.000123824 0.00723257 0)
(-0.00183264 0.00404358 0)
(-0.00389934 0.00319396 0)
(-0.00500625 0.00349046 0)
(-0.00611455 0.00236916 0)
(-0.00688198 0.00234489 0)
(-0.00723178 0.000427883 0)
(-0.00642467 -0.000150261 0)
(-0.0050645 -0.00311031 0)
(-0.0012159 0.00299233 0)
(-0.00621027 -0.000133469 0)
(0.000292392 0.000639867 0)
(-0.00641236 0.000750426 0)
(-0.000316291 -0.00245976 0)
(-0.00747603 -0.0085109 0)
(0.00286086 -0.0206036 0)
(-0.00762438 -0.0246833 0)
(0.00471689 -0.059922 0)
(0.000285598 0.0449086 0)
(0.000207223 0.0244936 0)
(-0.000219716 0.00725662 0)
(-0.00145478 0.00534801 0)
(-0.00266785 0.00410362 0)
(-0.00531689 0.00353845 0)
(-0.0056678 0.00341034 0)
(-0.00765598 0.00144288 0)
(-0.00787515 -0.000146225 0)
(-0.00549847 -0.00288277 0)
(-0.00313999 -0.00763075 0)
(0.000342665 0.000440013 0)
(-0.00641093 -0.00195145 0)
(0.00178492 -0.00171245 0)
(-0.00659029 0.00119771 0)
(0.00532515 -0.00377857 0)
(-0.00520555 0.00299695 0)
(0.00357362 0.00138367 0)
(-0.00384424 -0.000634713 0)
(0.00476725 -0.0573461 0)
(-0.000666622 0.0461543 0)
(0.000751726 0.0250354 0)
(-0.000369667 0.00832605 0)
(-0.00137391 0.00634333 0)
(-0.00392348 0.00631152 0)
(-0.00696028 0.00595959 0)
(-0.0088458 0.00468314 0)
(-0.00885976 0.00392279 0)
(-0.00982251 -0.00117603 0)
(-0.005634 -0.00569997 0)
(-0.00203027 -0.00706928 0)
(-0.00441407 0.00623225 0)
(-0.0072165 -0.000543305 0)
(-0.00438657 0.000638958 0)
(-0.00771114 -0.00188811 0)
(-0.00143884 -0.00314055 0)
(-0.0126736 -0.0066705 0)
(0.00406883 -0.021666 0)
(-0.00806911 -0.0264428 0)
(0.00651171 -0.0614055 0)
(-0.000592221 0.04266 0)
(0.00117426 0.0251904 0)
(0.000856478 0.0100169 0)
(-0.00201275 0.00850323 0)
(-0.00487192 0.0103986 0)
(-0.00565474 0.00875864 0)
(-0.00873157 0.00612293 0)
(-0.0106606 0.00257183 0)
(-0.00958636 -0.00226047 0)
(-0.0047831 -0.0120608 0)
(-0.00208541 -0.00941797 0)
(-0.00377639 0.00380975 0)
(-0.00578494 -0.00167991 0)
(-0.00279204 -0.00269384 0)
(-0.00792207 -0.00146512 0)
(-0.00485006 -0.00124974 0)
(-0.00846023 -0.000363032 0)
(-0.00210372 -0.00582244 0)
(-0.00689791 -0.00310509 0)
(0.00580156 -0.0594813 0)
(0.000278999 0.0467934 0)
(-0.00100928 0.0256097 0)
(-0.00132695 0.0106773 0)
(-0.00394052 0.0134419 0)
(-0.00656999 0.00862398 0)
(-0.006551 0.00928875 0)
(-0.00980825 0.00988059 0)
(-0.0142042 0.00451926 0)
(-0.0130644 -0.0066353 0)
(-0.0117008 -0.0136443 0)
(-0.00920845 -0.00518222 0)
(-0.00828491 0.00999695 0)
(-0.00750005 -0.00111115 0)
(-0.00656772 0.00272363 0)
(-0.00677074 0.00184737 0)
(-0.00630713 -0.00291761 0)
(-0.00395234 -0.00777909 0)
(-0.00111218 -0.0243041 0)
(-0.00927935 -0.0325985 0)
(0.00636494 -0.0644596 0)
(-0.00176356 0.0430344 0)
(0.000148326 0.0228407 0)
(-0.00184366 0.0127933 0)
(-0.00290418 0.0119968 0)
(0.00216447 0.0134125 0)
(-0.00636521 0.0119889 0)
(-0.0101349 0.0141562 0)
(-0.0147252 0.00732563 0)
(-0.015003 -0.00536658 0)
(-0.0159346 -0.0170503 0)
(-0.0146337 -0.0141538 0)
(-0.00300079 0.00335561 0)
(0.00117718 -0.00481886 0)
(0.00253903 -0.00496967 0)
(-0.00255943 -0.000943847 0)
(0.00265167 -0.00673205 0)
(-0.00304929 -0.00608224 0)
(0.00813539 -0.00245141 0)
(-0.00572983 -0.0112966 0)
(0.00488071 -0.0600467 0)
(0.00190407 0.046606 0)
(-0.00136664 0.0293813 0)
(0.000119377 0.0139308 0)
(0.00387223 0.011389 0)
(-0.000366311 0.0130523 0)
(-0.00466625 0.0198631 0)
(-0.0124728 0.0178843 0)
(-0.0117219 0.00776562 0)
(-0.0158713 -0.00444737 0)
(-0.0124724 -0.015753 0)
(-0.0178606 -0.0176874 0)
(-0.00421138 -0.00560342 0)
(0.00216933 -0.00408812 0)
(0.00357863 0.00675746 0)
(0.00387251 0.00290981 0)
(0.00909648 -0.000693942 0)
(-0.00335797 -0.0104478 0)
(0.00983335 -0.0192011 0)
(-0.00320941 -0.0262782 0)
(0.00607613 -0.0640604 0)
(-0.00212118 0.0455988 0)
(0.00213607 0.0226525 0)
(0.00211674 0.00740859 0)
(-0.00103328 0.0108815 0)
(-0.00220657 0.0204616 0)
(-0.00165808 0.0219249 0)
(-0.0049881 0.020445 0)
(-0.00368241 0.0088766 0)
(-0.00677644 -0.00223639 0)
(-0.000256734 -0.0156116 0)
(-0.00466688 -0.0230324 0)
(-0.000862301 -0.0207153 0)
(0.00428271 -0.0152243 0)
(0.0098064 -0.00852809 0)
(0.00398222 -0.00643715 0)
(0.0120701 -0.00203491 0)
(-0.00477845 -0.00696735 0)
(0.00112284 -0.00538873 0)
(-0.00482731 -0.0101495 0)
(0.00418313 -0.0605886 0)
(0.00255069 0.0443626 0)
(-1.75859e-05 0.0270468 0)
(0.00396652 0.0167797 0)
(0.000531351 0.0178386 0)
(0.0048722 0.0163874 0)
(0.00408072 0.0222986 0)
(0.0039652 0.0237775 0)
(0.00877451 0.0111385 0)
(0.00480916 -0.00464363 0)
(0.00884826 -0.0166251 0)
(0.00343777 -0.0144648 0)
(-0.000278948 -0.0136992 0)
(0.00293877 -0.00815802 0)
(-0.00911115 0.00596245 0)
(-0.00240873 0.00382227 0)
(-0.0117829 0.00858291 0)
(-0.00721406 0.000101919 0)
(-0.00439782 -0.0169336 0)
(-0.00369596 -0.0264457 0)
(0.00495041 -0.0643264 0)
(0.000508228 0.0432208 0)
(0.00375619 0.020915 0)
(0.00105433 0.00696104 0)
(0.00730177 0.00740357 0)
(0.00702289 0.0160793 0)
(0.00927478 0.0218003 0)
(0.0111741 0.0160501 0)
(0.0202368 0.00513395 0)
(0.0175469 -0.00243402 0)
(0.0214114 -0.0146333 0)
(0.0178216 -0.0138587 0)
(0.0168014 -0.022658 0)
(0.0172916 -0.00874489 0)
(0.0125902 -0.00226853 0)
(0.00910088 -0.00696858 0)
(0.00640403 0.00305824 0)
(0.00985929 -0.0171554 0)
(0.00501773 -0.0146273 0)
(-0.00555958 -0.0252529 0)
(0.00389547 -0.0603488 0)
(0.0022372 0.0409313 0)
(0.00398356 0.0252677 0)
(0.00769111 0.0143279 0)
(0.00639334 0.0141222 0)
(0.00560764 0.0156853 0)
(0.0207516 0.0165611 0)
(0.0157533 0.0142942 0)
(0.0314802 0.00653071 0)
(0.0251299 -0.00353964 0)
(0.0363106 -0.013663 0)
(0.0249896 -0.0158007 0)
(0.0311752 -0.0118476 0)
(0.00273871 -0.00982063 0)
(0.027 0.0161199 0)
(0.00290887 0.0112347 0)
(0.0142043 0.00752798 0)
(0.00811839 0.0100314 0)
(0.00908143 0.0017103 0)
(0.00041411 -0.0145599 0)
(0.00822464 -0.0610494 0)
(0.000563332 0.0358224 0)
(0.00312447 0.0174923 0)
(0.00618678 0.00543516 0)
(0.00845902 0.00836172 0)
(0.011503 0.000370023 0)
(0.0191761 0.0106674 0)
(0.0226439 0.00509258 0)
(0.0272189 -0.00300012 0)
(0.0322023 -0.00691414 0)
(0.0317823 -0.0136988 0)
(0.0273616 -0.00190734 0)
(0.0115917 -0.00052911 0)
(-0.0126388 -0.00533739 0)
(-0.0129546 0.00168625 0)
(-0.000688746 0.00061653 0)
(-0.00179714 -0.00310655 0)
(-0.00328587 -0.0149514 0)
(0.0205272 -0.0118721 0)
(-0.00513798 -0.0366093 0)
(0.00405636 -0.0597357 0)
(0.00431724 0.035041 0)
(0.00887293 0.018665 0)
(0.00630646 0.0080179 0)
(0.0122369 0.00887662 0)
(0.00997262 0.00522939 0)
(0.0135519 0.00343713 0)
(0.0236151 0.00384024 0)
(0.0255397 -0.00295848 0)
(0.0341188 -0.0120978 0)
(0.0233879 -0.0119971 0)
(0.0303876 0.00584566 0)
(0.0237066 0.0175949 0)
(0.0263509 0.0203464 0)
(0.0134236 0.00816341 0)
(0.0125291 -0.00234744 0)
(0.019502 0.0119608 0)
(0.0147542 -0.00604648 0)
(0.0177637 0.00350374 0)
(0.00079004 0.0166244 0)
(0.0164091 -0.0506105 0)
(-0.00110671 0.0258701 0)
(0.0167432 0.0145231 0)
(0.0122356 0.00525057 0)
(0.0133245 0.00293544 0)
(0.0149205 0.000370629 0)
(0.00972404 -0.00339454 0)
(0.00780728 -0.00587496 0)
(0.00463892 -0.008665 0)
(-0.0120771 -0.00772672 0)
(-0.0251576 -0.00708901 0)
(-0.026548 -0.000583657 0)
(-0.0146197 0.00356683 0)
(-0.0142925 0.00614837 0)
(0.00981355 0.00999754 0)
(-0.00504509 -0.00515814 0)
(0.00202724 -0.0015619 0)
(0.00696502 -0.0157123 0)
(-0.0182696 -0.00718884 0)
(0.0161532 -0.0392808 0)
(0.0125181 -0.0641722 0)
(0.00921281 0.0181521 0)
(0.0296032 0.0119531 0)
(0.0360526 0.00951437 0)
(0.044385 0.00851589 0)
(0.0461649 0.00751009 0)
(0.0548225 0.00870517 0)
(0.0513194 0.00944186 0)
(0.0595353 0.0114609 0)
(0.0542759 0.01395 0)
(0.0623188 0.00856617 0)
(0.0610565 0.00477709 0)
(0.0639226 -0.00373893 0)
(0.0629774 0.00243829 0)
(0.0642234 -0.00518243 0)
(0.0690459 0.00647786 0)
(0.0707896 -0.0011422 0)
(0.0674805 0.0111424 0)
(0.0628288 0.00256402 0)
(0.0543665 -0.00180388 0)
(0.0328654 0.000710666 0)
)
;

boundaryField
{
    movingWall
    {
        type            fixedValue;
        value           uniform (1 0 0);
    }
    fixedWalls
    {
        type            noSlip;
    }
    frontAndBack
    {
        type            empty;
    }
}


// ************************************************************************* //
