/*--------------------------------*- C++ -*----------------------------------*\
| =========                 |                                                 |
| \\      /  F ield         | OpenFOAM: The Open Source CFD Toolbox           |
|  \\    /   O peration     | Version:  5.x                                   |
|   \\  /    A nd           | Web:      www.OpenFOAM.org                      |
|    \\/     M anipulation  |                                                 |
\*---------------------------------------------------------------------------*/
FoamFile
{
    version     2.0;
    format      ascii;
    class       volScalarField;
    location    "17.3";
    object      p;
}
// * * * * * * * * * * * * * * * * * * * * * * * * * * * * * * * * * * * * * //

dimensions      [0 2 -2 0 0 0 0];

internalField   nonuniform List<scalar> 
400
(
6.60429e-11
-0.00077778
-0.00132954
-0.00167031
-0.00182242
-0.00190579
-0.00194526
-0.00197176
-0.0019862
-0.00200187
-0.00200435
-0.0020078
-0.00199936
-0.00197514
-0.00191409
-0.00177899
-0.00153613
-0.00117863
-0.000860624
0.000541559
-0.000844192
-0.00136164
-0.00169839
-0.00185768
-0.00191768
-0.0019518
-0.00196617
-0.00198208
-0.00199268
-0.00201028
-0.00202134
-0.00203748
-0.00203038
-0.00199458
-0.00197379
-0.00187973
-0.00183319
-0.00161553
-0.00153491
-0.000520726
-0.00137975
-0.00174803
-0.00187954
-0.00195361
-0.00195183
-0.00196157
-0.00196107
-0.0019708
-0.00198225
-0.00199278
-0.00200513
-0.00200865
-0.00201147
-0.00197624
-0.00196158
-0.00184963
-0.00183818
-0.00171977
-0.00161268
-0.00118131
-0.00170348
-0.00193898
-0.0019701
-0.00198641
-0.00197376
-0.00197205
-0.00197445
-0.00198107
-0.00199049
-0.00200092
-0.0020122
-0.00201548
-0.00201201
-0.00197929
-0.00197809
-0.00194103
-0.00193456
-0.00181415
-0.00181912
-0.00161196
-0.00187351
-0.0020057
-0.0019923
-0.00199396
-0.00197378
-0.00197317
-0.0019694
-0.00197381
-0.00198147
-0.00198549
-0.00199351
-0.00198978
-0.0019887
-0.00199194
-0.0020068
-0.00198895
-0.00198749
-0.00190872
-0.0018708
-0.00183487
-0.00192812
-0.00200685
-0.00198466
-0.00198055
-0.00197199
-0.00196975
-0.00197337
-0.00197847
-0.00198742
-0.00199184
-0.00200276
-0.00200697
-0.00199806
-0.00197603
-0.00201384
-0.0019952
-0.00201885
-0.00197323
-0.00197116
-0.00195909
-0.00195352
-0.00198365
-0.00199294
-0.00197895
-0.00197234
-0.00197005
-0.00197217
-0.00197548
-0.00198486
-0.00198059
-0.00198343
-0.00199096
-0.00198933
-0.00200461
-0.00200524
-0.00200906
-0.00203144
-0.00201124
-0.00198286
-0.00201644
-0.00193855
-0.00196111
-0.00194833
-0.00195031
-0.00195192
-0.00195378
-0.00196319
-0.00197297
-0.0019741
-0.00198284
-0.0020149
-0.00201549
-0.00201715
-0.00202104
-0.00203815
-0.00201861
-0.00203675
-0.0020434
-0.00203567
-0.00207099
-0.00192111
-0.00193076
-0.00195473
-0.00194423
-0.00195594
-0.00195182
-0.0019739
-0.00198153
-0.00201538
-0.00200809
-0.00203394
-0.00198168
-0.00212257
-0.00206845
-0.00206785
-0.00204836
-0.00214988
-0.00207407
-0.00206162
-0.00205612
-0.00190009
-0.00191038
-0.00191307
-0.00191828
-0.00192763
-0.0019336
-0.00194891
-0.00195166
-0.00198116
-0.0020282
-0.00202824
-0.00199775
-0.00209736
-0.00216044
-0.00205582
-0.00202228
-0.00203186
-0.00204122
-0.00206319
-0.00196269
-0.00187663
-0.00186883
-0.00189336
-0.00189986
-0.00191445
-0.00192168
-0.00196695
-0.00198527
-0.00198685
-0.00205868
-0.00211297
-0.00214656
-0.00215782
-0.00209411
-0.0020476
-0.00203351
-0.00202285
-0.0019285
-0.0019563
-0.00186749
-0.00184853
-0.00185191
-0.00185791
-0.00187039
-0.00190763
-0.00191824
-0.00195703
-0.00201018
-0.00199275
-0.0021006
-0.00211783
-0.00219568
-0.00209702
-0.00201638
-0.00200947
-0.00193694
-0.00199727
-0.00190567
-0.00191274
-0.00190809
-0.00182158
-0.00183002
-0.00184758
-0.0018555
-0.0018992
-0.00188282
-0.00192507
-0.00195858
-0.00195811
-0.00206497
-0.00208832
-0.00215736
-0.0020615
-0.00204125
-0.00207295
-0.00197913
-0.00209166
-0.00194113
-0.00202355
-0.00185787
-0.00178674
-0.00178786
-0.00182382
-0.00180987
-0.00188103
-0.00189298
-0.00185954
-0.00191735
-0.00189592
-0.00206796
-0.00215971
-0.00217493
-0.00211941
-0.00204602
-0.0020375
-0.00189635
-0.00198505
-0.00180802
-0.00186523
-0.0016918
-0.00174046
-0.00174894
-0.00180536
-0.00180368
-0.00185593
-0.0018344
-0.00184428
-0.00189734
-0.00189091
-0.00205673
-0.00213946
-0.0021602
-0.00209602
-0.0020425
-0.00207614
-0.00194294
-0.00197672
-0.00167779
-0.00183285
-0.00171063
-0.00167716
-0.00171361
-0.00175966
-0.00175422
-0.00182139
-0.00182016
-0.00182373
-0.00190031
-0.00184371
-0.00202284
-0.00205455
-0.00200538
-0.00197783
-0.00182108
-0.00189545
-0.00180573
-0.00196315
-0.00176455
-0.00178913
-0.00170548
-0.00156832
-0.00165074
-0.00173725
-0.00177266
-0.00177445
-0.00180459
-0.00180398
-0.00190783
-0.00198037
-0.00202796
-0.00203397
-0.00201116
-0.00192071
-0.00202158
-0.00199091
-0.00201477
-0.00199666
-0.00189342
-0.00193372
-0.00162744
-0.00140367
-0.00157867
-0.00166415
-0.0017123
-0.00175694
-0.00181018
-0.00178487
-0.00193684
-0.00198322
-0.00205385
-0.00203256
-0.0020224
-0.00205711
-0.00201459
-0.00184552
-0.00179593
-0.00188225
-0.00170464
-0.0015168
-0.00137218
-0.00113292
-0.00136557
-0.00155392
-0.00164177
-0.00167431
-0.00168155
-0.00166114
-0.00192784
-0.00211125
-0.00223409
-0.00217802
-0.00207908
-0.002165
-0.0018386
-0.00176086
-0.00177395
-0.00186254
-0.00201398
-0.00191044
-0.000854728
-0.000840381
-0.00114239
-0.00140179
-0.00159364
-0.00171219
-0.00179069
-0.00183794
-0.0019194
-0.00202061
-0.00208426
-0.00207862
-0.00201168
-0.00185179
-0.00174622
-0.00173741
-0.00169911
-0.00170418
-0.00141767
-0.000769655
0.00126068
)
;

boundaryField
{
    movingWall
    {
        type            zeroGradient;
    }
    fixedWalls
    {
        type            zeroGradient;
    }
    frontAndBack
    {
        type            empty;
    }
}


// ************************************************************************* //
