/*--------------------------------*- C++ -*----------------------------------*\
| =========                 |                                                 |
| \\      /  F ield         | OpenFOAM: The Open Source CFD Toolbox           |
|  \\    /   O peration     | Version:  5.x                                   |
|   \\  /    A nd           | Web:      www.OpenFOAM.org                      |
|    \\/     M anipulation  |                                                 |
\*---------------------------------------------------------------------------*/
FoamFile
{
    version     2.0;
    format      ascii;
    class       volScalarField;
    location    "9.7";
    object      p;
}
// * * * * * * * * * * * * * * * * * * * * * * * * * * * * * * * * * * * * * //

dimensions      [0 2 -2 0 0 0 0];

internalField   nonuniform List<scalar> 
400
(
-6.50788e-12
-0.00033377
-0.000654462
-0.000879145
-0.000999986
-0.00106116
-0.0011063
-0.0011602
-0.00116677
-0.00113671
-0.00116966
-0.00116849
-0.00111939
-0.00113064
-0.00113315
-0.00105977
-0.000969887
-0.000741722
-0.000517791
0.000346281
-0.000398659
-0.000617256
-0.000841178
-0.000993646
-0.00104423
-0.00109116
-0.00112649
-0.00116693
-0.00116411
-0.00113408
-0.00117065
-0.00117465
-0.00113457
-0.00113357
-0.00116314
-0.00108804
-0.00110926
-0.00106007
-0.000955195
-0.000369922
-0.000601578
-0.000762486
-0.00090807
-0.00101278
-0.00106923
-0.00110747
-0.00113281
-0.00114899
-0.00116393
-0.00114591
-0.00116581
-0.00115148
-0.00114712
-0.00113211
-0.00114956
-0.00111349
-0.00112029
-0.00109111
-0.00103006
-0.00076425
-0.0008091
-0.000920574
-0.00102718
-0.00110633
-0.00114254
-0.00116782
-0.00117449
-0.00116991
-0.00117476
-0.00115698
-0.00116272
-0.00115042
-0.00114911
-0.00112832
-0.0011393
-0.00110798
-0.00111999
-0.00110159
-0.00113332
-0.00100274
-0.00101488
-0.00110173
-0.00119418
-0.00124178
-0.00123502
-0.00122049
-0.00120919
-0.00118885
-0.00118339
-0.00116325
-0.00116511
-0.00114766
-0.00115439
-0.00113243
-0.00115311
-0.00112986
-0.00115518
-0.00113981
-0.00114742
-0.00106752
-0.00124462
-0.00132546
-0.00141901
-0.00144263
-0.00138878
-0.00131859
-0.00127095
-0.00122583
-0.00120328
-0.00117503
-0.00116717
-0.00114644
-0.00114688
-0.00112508
-0.00113418
-0.00111006
-0.00112873
-0.00109439
-0.00112933
-0.00109987
-0.00144951
-0.0015563
-0.00166784
-0.00167615
-0.00155869
-0.00141516
-0.00132459
-0.00125546
-0.00121822
-0.00118441
-0.00117339
-0.00114864
-0.00115678
-0.00112902
-0.00114918
-0.00112181
-0.0011497
-0.00112276
-0.00116105
-0.00110655
-0.00158105
-0.00169911
-0.001857
-0.00186063
-0.00170688
-0.00149614
-0.00136437
-0.0012729
-0.00122424
-0.00117981
-0.00116887
-0.00113537
-0.00114382
-0.0011118
-0.00113335
-0.00109814
-0.00112803
-0.00108349
-0.00111675
-0.00109469
-0.00160466
-0.00173667
-0.00197869
-0.0019919
-0.00178567
-0.00152093
-0.00137469
-0.00127611
-0.00122568
-0.00118004
-0.00116868
-0.00113883
-0.00114602
-0.00111834
-0.00113691
-0.00110457
-0.00113778
-0.00109881
-0.00114993
-0.00109238
-0.00148467
-0.00167693
-0.00193558
-0.0019556
-0.00174211
-0.0014868
-0.00133783
-0.00124483
-0.00119748
-0.00115349
-0.00114552
-0.00111675
-0.00112571
-0.00109707
-0.00112067
-0.00108912
-0.0011184
-0.00107113
-0.00110955
-0.00107847
-0.0011074
-0.00141517
-0.00166802
-0.00173982
-0.00157859
-0.00139362
-0.00127382
-0.00120244
-0.00116522
-0.00114228
-0.0011352
-0.00111834
-0.00112567
-0.00110347
-0.00111781
-0.0010866
-0.00112513
-0.00107549
-0.00113179
-0.00107848
-0.00075454
-0.00108908
-0.00135703
-0.00147257
-0.00138188
-0.00125078
-0.00119389
-0.00116563
-0.00113895
-0.00111009
-0.00110219
-0.00108842
-0.00109167
-0.00107541
-0.00109637
-0.00107726
-0.00111668
-0.00106264
-0.00110834
-0.00104421
-0.000653159
-0.000937425
-0.00109383
-0.00119204
-0.00115104
-0.00109018
-0.00109879
-0.00112694
-0.00110787
-0.00110946
-0.00108951
-0.00109897
-0.00110503
-0.00108919
-0.00111076
-0.00105895
-0.00110403
-0.00106262
-0.00110915
-0.00103361
-0.000787775
-0.000965639
-0.000928486
-0.000991012
-0.00102371
-0.00101759
-0.00103592
-0.00104493
-0.00105224
-0.00105583
-0.00106129
-0.00107203
-0.00106607
-0.00105367
-0.00104
-0.00107913
-0.00110272
-0.000999141
-0.00108141
-0.00104854
-0.00089785
-0.000989234
-0.000939723
-0.000958547
-0.000980231
-0.000974516
-0.000989575
-0.00100631
-0.00103856
-0.00104549
-0.00106185
-0.00109596
-0.00105478
-0.00112797
-0.00109091
-0.00111181
-0.00115756
-0.00109784
-0.00119662
-0.00109409
-0.00108788
-0.00102433
-0.000985025
-0.000979856
-0.000985089
-0.000977022
-0.00101879
-0.00100876
-0.00103309
-0.00102772
-0.00104094
-0.0010401
-0.00104134
-0.00107162
-0.0010475
-0.00104818
-0.00106114
-0.00108644
-0.00110878
-0.00105266
-0.000911867
-0.00100992
-0.000990772
-0.00095111
-0.000966766
-0.000967777
-0.000982454
-0.000980794
-0.00102937
-0.00100996
-0.00107457
-0.00104804
-0.00105301
-0.00109436
-0.00103218
-0.00114132
-0.00120671
-0.00107038
-0.00118735
-0.000945169
-0.00088193
-0.00101528
-0.000982185
-0.000963127
-0.000958639
-0.00096772
-0.000981282
-0.0009962
-0.00101359
-0.00102109
-0.00104042
-0.00100815
-0.0010475
-0.00104134
-0.00105899
-0.00116701
-0.00110706
-0.000913004
-0.000928988
-0.000745151
-0.000838406
-0.000959865
-0.000987554
-0.000974669
-0.000947466
-0.000957617
-0.000973306
-0.000983067
-0.00101044
-0.00101497
-0.00105679
-0.00102784
-0.00108873
-0.00103826
-0.0010909
-0.0011218
-0.00104592
-0.00121049
-0.000928795
-0.000510976
-0.000984023
-0.000954961
-0.000918061
-0.000940833
-0.000940212
-0.000967423
-0.000957596
-0.000987849
-0.00100903
-0.00100973
-0.00101703
-0.0010206
-0.00101062
-0.000994374
-0.00104534
-0.00106153
-0.00104265
-0.000821394
-0.000332507
0.000954999
)
;

boundaryField
{
    movingWall
    {
        type            zeroGradient;
    }
    fixedWalls
    {
        type            zeroGradient;
    }
    frontAndBack
    {
        type            empty;
    }
}


// ************************************************************************* //
