/*--------------------------------*- C++ -*----------------------------------*\
| =========                 |                                                 |
| \\      /  F ield         | OpenFOAM: The Open Source CFD Toolbox           |
|  \\    /   O peration     | Version:  5.x                                   |
|   \\  /    A nd           | Web:      www.OpenFOAM.org                      |
|    \\/     M anipulation  |                                                 |
\*---------------------------------------------------------------------------*/
FoamFile
{
    version     2.0;
    format      ascii;
    class       volScalarField;
    location    "11.5";
    object      p;
}
// * * * * * * * * * * * * * * * * * * * * * * * * * * * * * * * * * * * * * //

dimensions      [0 2 -2 0 0 0 0];

internalField   nonuniform List<scalar> 
400
(
4.21187e-10
-0.000501342
-0.000846771
-0.00106654
-0.00115271
-0.00121606
-0.00123242
-0.00123511
-0.00125492
-0.00124707
-0.00122873
-0.00121833
-0.00120148
-0.0011901
-0.00120284
-0.00116614
-0.00104651
-0.000783842
-0.000594599
0.000347226
-0.000623291
-0.000913633
-0.00108972
-0.00117105
-0.00121905
-0.00123215
-0.00124936
-0.00123947
-0.00126021
-0.00124962
-0.00122744
-0.00121319
-0.00120626
-0.00118576
-0.00119851
-0.00120913
-0.00124686
-0.0011373
-0.00104954
-0.000399245
-0.000822637
-0.00109943
-0.00117701
-0.00121074
-0.00123251
-0.0012374
-0.00124527
-0.00124012
-0.00125088
-0.00123774
-0.00123766
-0.00121639
-0.00122626
-0.00120873
-0.00122635
-0.0012175
-0.00122873
-0.00117749
-0.00110958
-0.000841228
-0.00105981
-0.00120348
-0.00122108
-0.00122473
-0.00123393
-0.00123617
-0.00124336
-0.00124109
-0.00124558
-0.00123749
-0.00123305
-0.00121949
-0.0012202
-0.00120065
-0.00122163
-0.00120725
-0.00122063
-0.00121671
-0.00124835
-0.00110558
-0.0011655
-0.00120711
-0.00121437
-0.00121631
-0.00122555
-0.00123393
-0.0012417
-0.00124117
-0.00124646
-0.00123513
-0.00124122
-0.00122083
-0.0012334
-0.00121463
-0.00123247
-0.00122909
-0.00123829
-0.00122937
-0.00122206
-0.00116366
-0.00119729
-0.00121263
-0.00123125
-0.00123123
-0.00123764
-0.00124266
-0.00124904
-0.00124804
-0.00124949
-0.0012392
-0.00123849
-0.0012239
-0.0012255
-0.00121029
-0.00121948
-0.00120548
-0.00122792
-0.00119717
-0.00123187
-0.0012032
-0.00122022
-0.00122177
-0.00120762
-0.00122395
-0.00123727
-0.00124959
-0.00125606
-0.00125722
-0.00125695
-0.00124472
-0.0012479
-0.00122907
-0.00123807
-0.0012209
-0.00123457
-0.00122527
-0.0012358
-0.00123215
-0.00124026
-0.00121336
-0.00119809
-0.00120567
-0.00121945
-0.00125107
-0.00127265
-0.00128471
-0.00128411
-0.00127929
-0.00126847
-0.00125301
-0.00124725
-0.00122967
-0.00122887
-0.00121357
-0.00122167
-0.00120067
-0.00122343
-0.00118931
-0.00121278
-0.00120627
-0.0012597
-0.00129898
-0.00127602
-0.00131553
-0.00133827
-0.00134637
-0.00133322
-0.00131273
-0.00128764
-0.00126901
-0.00126018
-0.00123908
-0.00124041
-0.00122038
-0.00123148
-0.00121217
-0.00122955
-0.00120862
-0.00123331
-0.00119923
-0.00132234
-0.00132153
-0.00133706
-0.00141316
-0.00148252
-0.00150534
-0.00144519
-0.00137356
-0.00131484
-0.00127811
-0.00126044
-0.00123304
-0.00122885
-0.00120991
-0.00122006
-0.0011943
-0.00121298
-0.00117001
-0.00119185
-0.00117665
-0.00133136
-0.00137145
-0.00144614
-0.00159525
-0.00171582
-0.00176606
-0.00166883
-0.00149135
-0.00136543
-0.00130031
-0.00127476
-0.00124497
-0.00124093
-0.0012161
-0.00122496
-0.00118962
-0.00122962
-0.00118123
-0.00122609
-0.00115072
-0.00139815
-0.00144884
-0.00160516
-0.00178938
-0.00198036
-0.00210264
-0.00194593
-0.00161428
-0.00138428
-0.00130148
-0.00126486
-0.00122869
-0.00122135
-0.00122616
-0.00122814
-0.00114579
-0.00117545
-0.00114018
-0.00115686
-0.00114922
-0.00137278
-0.00146213
-0.00164307
-0.00186335
-0.00205126
-0.00215246
-0.00203279
-0.00167406
-0.00142332
-0.00132751
-0.00125876
-0.00122871
-0.00122294
-0.00123632
-0.00124683
-0.00115141
-0.00122343
-0.0011819
-0.00122615
-0.00117535
-0.00123424
-0.00136711
-0.0015683
-0.00176438
-0.00192786
-0.00208495
-0.00195847
-0.00157395
-0.00140451
-0.00132442
-0.00129161
-0.00127519
-0.00124507
-0.0012257
-0.0011974
-0.00109889
-0.00114099
-0.00111699
-0.00115452
-0.00115589
-0.00100098
-0.00116024
-0.00139112
-0.00157157
-0.00170782
-0.00180701
-0.00171651
-0.00141626
-0.00119559
-0.00117093
-0.00127234
-0.00129127
-0.00118897
-0.00124848
-0.0011812
-0.00118338
-0.00124645
-0.00117866
-0.00129507
-0.00114882
-0.000734015
-0.000982193
-0.00112077
-0.0012408
-0.00134298
-0.0013704
-0.00141039
-0.0013628
-0.00135211
-0.00138723
-0.00125365
-0.00112816
-0.00106649
-0.00107372
-0.00109316
-0.001042
-0.00107719
-0.00108232
-0.00107015
-0.00105999
-0.000765948
-0.000940237
-0.00096233
-0.00107585
-0.00113401
-0.00112851
-0.00122086
-0.00129671
-0.00135398
-0.00123532
-0.00122709
-0.00119245
-0.00113634
-0.00122603
-0.0011584
-0.00120937
-0.00132689
-0.0010873
-0.00126889
-0.00101352
-0.000887753
-0.00108544
-0.000952319
-0.00100771
-0.00109257
-0.0011314
-0.00120186
-0.0012371
-0.00124266
-0.0012229
-0.00119302
-0.0011348
-0.00112468
-0.00112337
-0.00112262
-0.00125289
-0.00120423
-0.000996896
-0.00100098
-0.000761683
-0.000905264
-0.00100625
-0.000959786
-0.00102237
-0.00105344
-0.00103724
-0.00110646
-0.00116309
-0.00121217
-0.00123237
-0.00121504
-0.00116379
-0.0012247
-0.00108492
-0.00122944
-0.0012078
-0.00108011
-0.00132752
-0.000952788
-0.000589406
-0.00102733
-0.000951396
-0.000909749
-0.00105343
-0.00107624
-0.00112519
-0.00116599
-0.00118773
-0.00118159
-0.00116732
-0.00114415
-0.00112338
-0.00110024
-0.00108028
-0.00112117
-0.00118639
-0.00114238
-0.00087651
-0.000397082
0.000906162
)
;

boundaryField
{
    movingWall
    {
        type            zeroGradient;
    }
    fixedWalls
    {
        type            zeroGradient;
    }
    frontAndBack
    {
        type            empty;
    }
}


// ************************************************************************* //
