/*--------------------------------*- C++ -*----------------------------------*\
| =========                 |                                                 |
| \\      /  F ield         | OpenFOAM: The Open Source CFD Toolbox           |
|  \\    /   O peration     | Version:  5.x                                   |
|   \\  /    A nd           | Web:      www.OpenFOAM.org                      |
|    \\/     M anipulation  |                                                 |
\*---------------------------------------------------------------------------*/
FoamFile
{
    version     2.0;
    format      ascii;
    class       surfaceScalarField;
    location    "11.5";
    object      phi;
}
// * * * * * * * * * * * * * * * * * * * * * * * * * * * * * * * * * * * * * //

dimensions      [0 3 -1 0 0 0 0];

internalField   nonuniform List<scalar> 
760
(
-9.99452e-07
9.99452e-07
-1.8097e-06
8.10253e-07
-2.07607e-06
2.66361e-07
-2.26342e-06
1.87351e-07
-2.31303e-06
4.96092e-08
-2.36813e-06
5.51092e-08
-2.36713e-06
-1.00432e-09
-2.39155e-06
2.44227e-08
-2.42125e-06
2.9693e-08
-2.3939e-06
-2.73441e-08
-2.39136e-06
-2.54531e-09
-2.37351e-06
-1.7844e-08
-2.39265e-06
1.91364e-08
-2.35739e-06
-3.52546e-08
-2.38077e-06
2.33794e-08
-2.35206e-06
-2.8718e-08
-2.27265e-06
-7.94102e-08
-1.90147e-06
-3.71174e-07
-1.2313e-06
-6.7017e-07
-1.2313e-06
-6.90951e-07
1.6904e-06
-9.03226e-07
1.02253e-06
-1.0018e-06
3.64937e-07
-1.0315e-06
2.17046e-07
-1.03814e-06
5.62484e-08
-1.04609e-06
6.30662e-08
-1.05059e-06
3.48966e-09
-1.03946e-06
1.3299e-08
-1.01188e-06
2.11165e-09
-9.94502e-07
-4.47246e-08
-9.85493e-07
-1.15547e-08
-9.53461e-07
-4.98754e-08
-9.38086e-07
3.76139e-09
-9.37944e-07
-3.53972e-08
-9.79588e-07
6.50233e-08
-9.89627e-07
-1.86781e-08
-1.04909e-06
-1.99456e-08
-1.07557e-06
-3.44695e-07
-9.59534e-07
-7.86207e-07
-2.19084e-06
-2.82827e-07
1.97323e-06
-3.92109e-07
1.13181e-06
-3.65961e-07
3.38789e-07
-3.42718e-07
1.93803e-07
-3.36699e-07
5.02297e-08
-3.24137e-07
5.05042e-08
-3.0546e-07
-1.51871e-08
-2.86596e-07
-5.56476e-09
-2.63109e-07
-2.13758e-08
-2.52233e-07
-5.56006e-08
-2.21527e-07
-4.22612e-08
-2.23855e-07
-4.75469e-08
-2.05954e-07
-1.41392e-08
-2.25182e-07
-1.61697e-08
-2.3383e-07
7.3671e-08
-2.62809e-07
1.03008e-08
-2.34765e-07
-4.79895e-08
-1.38803e-07
-4.40657e-07
-2.09738e-07
-7.15272e-07
-2.40057e-06
-1.38664e-07
2.11189e-06
-1.36672e-07
1.12982e-06
-1.14675e-07
3.16792e-07
-1.09365e-07
1.88493e-07
-1.63595e-07
1.0446e-07
-1.87859e-07
7.47684e-08
-2.00108e-07
-2.93864e-09
-2.07972e-07
2.29968e-09
-1.99127e-07
-3.02204e-08
-2.05702e-07
-4.90259e-08
-2.08432e-07
-3.9531e-08
-2.11902e-07
-4.40768e-08
-2.27483e-07
1.4418e-09
-2.14618e-07
-2.90349e-08
-2.0959e-07
6.86431e-08
-1.14404e-07
-8.48859e-08
-1.04322e-07
-5.80713e-08
-2.47237e-07
-2.97742e-07
-2.35423e-07
-7.27086e-07
-2.636e-06
-3.96851e-08
2.15158e-06
2.39279e-09
1.08774e-06
-3.11522e-08
3.50337e-07
-1.00625e-07
2.57965e-07
-1.77825e-07
1.8166e-07
-2.21295e-07
1.18238e-07
-2.40897e-07
1.66633e-08
-2.34002e-07
-4.59471e-09
-2.07669e-07
-5.65537e-08
-1.88547e-07
-6.81475e-08
-1.54575e-07
-7.35035e-08
-1.17712e-07
-8.09396e-08
-7.28412e-08
-4.3429e-08
-1.47189e-08
-8.71573e-08
4.91595e-08
4.76476e-09
1.28407e-07
-1.64133e-07
1.15176e-07
-4.48401e-08
7.1239e-08
-2.53805e-07
2.90875e-08
-6.84935e-07
-2.60691e-06
1.28184e-08
2.13876e-06
-1.84886e-09
1.10241e-06
-1.18372e-07
4.6686e-07
-1.69573e-07
3.09166e-07
-2.28234e-07
2.40321e-07
-2.58773e-07
1.48778e-07
-2.66541e-07
2.44314e-08
-2.51559e-07
-1.95767e-08
-2.24624e-07
-8.34886e-08
-2.0034e-07
-9.24315e-08
-1.81233e-07
-9.26106e-08
-1.54324e-07
-1.07848e-07
-1.42393e-07
-5.53599e-08
-1.15144e-07
-1.14407e-07
-9.59338e-08
-1.44453e-08
-1.12646e-07
-1.47421e-07
-7.06037e-08
-8.68827e-08
-6.09885e-08
-2.6342e-07
-6.23987e-08
-6.83525e-07
-2.66931e-06
1.26415e-08
2.12612e-06
8.25477e-08
1.0325e-06
-6.23123e-08
6.1172e-07
-2.19351e-07
4.66205e-07
-3.11107e-07
3.32077e-07
-3.4934e-07
1.8701e-07
-3.33746e-07
8.8371e-09
-3.00667e-07
-5.26557e-08
-2.44889e-07
-1.39266e-07
-1.99747e-07
-1.37573e-07
-1.41981e-07
-1.50377e-07
-9.93345e-08
-1.50495e-07
-4.38849e-08
-1.10809e-07
7.6409e-09
-1.65933e-07
5.04422e-08
-5.72466e-08
1.05203e-07
-2.02182e-07
9.43573e-08
-7.60365e-08
4.7328e-08
-2.16391e-07
2.19887e-09
-6.38396e-07
-2.66711e-06
-2.99701e-09
2.12912e-06
-9.49371e-08
1.12444e-06
-2.49974e-07
7.66757e-07
-3.98283e-07
6.14513e-07
-4.90594e-07
4.24388e-07
-4.93381e-07
1.89797e-07
-4.16461e-07
-6.80829e-08
-3.57069e-07
-1.12048e-07
-2.88094e-07
-2.08241e-07
-2.32191e-07
-1.93476e-07
-1.87692e-07
-1.94876e-07
-1.53309e-07
-1.84878e-07
-1.16707e-07
-1.47412e-07
-1.0332e-07
-1.79319e-07
-6.43417e-08
-9.6225e-08
-6.35521e-08
-2.02972e-07
-5.73957e-08
-8.2193e-08
8.02698e-11
-2.73867e-07
2.34871e-08
-6.61802e-07
-2.64362e-06
-8.85772e-08
2.21769e-06
-2.2655e-07
1.26241e-06
-4.00519e-07
9.40726e-07
-5.45927e-07
7.59921e-07
-6.98519e-07
5.76981e-07
-6.83447e-07
1.74725e-07
-5.11085e-07
-2.40445e-07
-3.7656e-07
-2.46573e-07
-2.57614e-07
-3.27187e-07
-2.02736e-07
-2.48353e-07
-1.30134e-07
-2.67478e-07
-9.85698e-08
-2.16443e-07
-4.78797e-08
-1.98102e-07
-3.82896e-08
-1.88909e-07
3.6122e-08
-1.70637e-07
1.13065e-07
-2.79915e-07
9.42374e-08
-6.33652e-08
5.77928e-08
-2.37422e-07
-2.63021e-08
-5.77708e-07
-2.66992e-06
6.8718e-08
2.14898e-06
-1.59317e-07
1.49045e-06
-4.65051e-07
1.24646e-06
-7.76868e-07
1.07174e-06
-9.32008e-07
7.32121e-07
-9.18509e-07
1.61227e-07
-7.36346e-07
-4.22609e-07
-4.61231e-07
-5.21688e-07
-2.52077e-07
-5.36341e-07
-2.04997e-07
-2.95434e-07
-1.49592e-07
-3.22883e-07
-1.3217e-07
-2.33865e-07
-9.30946e-08
-2.37177e-07
-1.12387e-07
-1.69617e-07
-3.71886e-08
-2.45835e-07
-7.32593e-10
-3.16371e-07
-2.61004e-08
-3.79974e-08
1.57179e-08
-2.79241e-07
3.79512e-08
-5.99941e-07
-2.63197e-06
-7.81544e-08
2.22713e-06
-2.83215e-07
1.69551e-06
-6.09311e-07
1.57256e-06
-8.21409e-07
1.28384e-06
-8.71503e-07
7.82216e-07
-8.87971e-07
1.77694e-07
-7.58412e-07
-5.52168e-07
-4.44674e-07
-8.35425e-07
-1.77641e-07
-8.03374e-07
-9.82996e-08
-3.74775e-07
-1.98076e-08
-4.01375e-07
-2.28798e-08
-2.30793e-07
-6.04652e-08
-1.99592e-07
-1.37348e-07
-9.27344e-08
-4.93131e-08
-3.3387e-07
-6.72629e-08
-2.98421e-07
4.03422e-08
-1.45603e-07
1.41807e-07
-3.80705e-07
-2.10289e-08
-4.37105e-07
-2.653e-06
2.07864e-08
2.20634e-06
-1.4547e-07
1.86177e-06
-2.80644e-07
1.70773e-06
-3.3175e-07
1.33494e-06
-4.55686e-07
9.06152e-07
-5.16382e-07
2.3839e-07
-3.98056e-07
-6.70494e-07
-1.7e-07
-1.06348e-06
-4.28083e-08
-9.30565e-07
-2.23926e-09
-4.15344e-07
1.16991e-09
-4.04784e-07
-5.94922e-08
-1.70131e-07
-9.87757e-08
-1.60308e-07
-2.19496e-07
2.79863e-08
-1.18645e-07
-4.34721e-07
-1.28717e-07
-2.88349e-07
-9.90322e-08
-1.75287e-07
5.80963e-09
-4.85547e-07
3.8075e-08
-4.69371e-07
-2.61493e-06
1.13559e-07
2.09279e-06
1.78988e-07
1.79634e-06
1.21011e-07
1.76571e-06
2.30588e-07
1.22536e-06
2.76875e-07
8.59865e-07
3.0278e-07
2.12484e-07
2.50214e-07
-6.17928e-07
2.47931e-07
-1.0612e-06
4.15391e-07
-1.09802e-06
5.15015e-07
-5.14969e-07
5.14264e-07
-4.04033e-07
3.53812e-07
-9.67848e-09
3.17452e-07
-1.23948e-07
3.25958e-07
1.94802e-08
1.37155e-07
-2.45919e-07
3.65974e-10
-1.5156e-07
-7.1811e-08
-1.0311e-07
-1.63416e-07
-3.93942e-07
-7.05376e-08
-5.62249e-07
-2.68546e-06
2.33846e-07
1.85894e-06
3.82301e-07
1.64788e-06
5.98574e-07
1.54943e-06
7.27783e-07
1.09616e-06
8.51406e-07
7.36242e-07
9.22138e-07
1.41751e-07
8.68854e-07
-5.64643e-07
5.56519e-07
-7.48864e-07
2.56212e-07
-7.97717e-07
4.20752e-07
-6.79509e-07
5.45204e-07
-5.28485e-07
7.10001e-07
-1.74475e-07
7.73431e-07
-1.87378e-07
8.36387e-07
-4.34754e-08
5.2564e-07
6.48279e-08
3.78618e-08
3.36218e-07
-1.27249e-08
-5.25235e-08
-7.32914e-08
-3.33376e-07
6.75912e-08
-7.03131e-07
-2.61787e-06
5.60903e-07
1.29804e-06
7.47157e-07
1.46163e-06
1.0474e-06
1.24919e-06
1.39762e-06
7.45939e-07
1.52205e-06
6.11816e-07
1.57713e-06
8.66728e-08
1.55053e-06
-5.38048e-07
1.23568e-06
-4.34015e-07
5.50075e-07
-1.12109e-07
3.8253e-08
-1.67687e-07
-2.54291e-07
-2.35941e-07
-2.02005e-07
-2.26761e-07
-1.33337e-07
-2.56047e-07
-1.19842e-07
-5.697e-08
1.28988e-07
-1.84002e-07
1.54666e-07
3.1054e-07
3.39157e-07
-2.37015e-07
1.33578e-07
-1.27796e-07
-4.70066e-08
-5.22547e-07
-2.66488e-06
6.94829e-07
6.03206e-07
1.1784e-06
9.78053e-07
1.5064e-06
9.21193e-07
1.77395e-06
4.78389e-07
1.93282e-06
4.52945e-07
2.09624e-06
-7.67495e-08
1.9291e-06
-3.70907e-07
1.83105e-06
-3.35969e-07
1.89396e-06
-1.75013e-07
1.68045e-06
4.58152e-08
1.38069e-06
6.38242e-08
9.3894e-07
2.14988e-07
6.43333e-07
3.95598e-08
3.99545e-07
1.86817e-07
1.25208e-07
9.03349e-08
1.33724e-07
3.02025e-07
2.77692e-07
-3.80983e-07
1.65923e-07
-1.60271e-08
1.30944e-07
-4.87568e-07
-2.53393e-06
6.55078e-07
-5.18722e-08
9.20523e-07
7.12608e-07
1.15486e-06
6.86858e-07
1.23387e-06
3.99375e-07
1.20742e-06
4.79393e-07
8.90332e-07
2.40342e-07
5.18537e-07
8.88137e-10
2.4126e-07
-5.8692e-08
1.32237e-07
-6.5989e-08
1.74831e-07
3.22064e-09
8.25999e-08
1.56056e-07
1.73512e-07
1.24077e-07
-4.91657e-10
2.13563e-07
-5.68095e-08
2.43135e-07
-1.91729e-08
5.26983e-08
-1.75511e-07
4.58362e-07
2.6801e-08
-5.83295e-07
4.10222e-08
-3.02483e-08
-3.13571e-08
-4.15189e-07
-2.56529e-06
1.93934e-07
-2.45807e-07
6.45711e-07
2.60832e-07
8.04723e-07
5.27847e-07
9.31778e-07
2.72319e-07
1.12572e-06
2.85447e-07
1.16222e-06
2.03851e-07
1.08727e-06
7.5835e-08
9.85068e-07
4.35085e-08
8.62537e-07
5.65414e-08
8.05994e-07
5.97639e-08
7.5643e-07
2.0562e-07
7.73681e-07
1.06825e-07
8.11472e-07
1.75772e-07
7.11952e-07
3.42655e-07
8.47611e-07
-8.29609e-08
8.60107e-07
4.45867e-07
6.60575e-07
-3.83763e-07
3.85697e-07
2.4463e-07
2.94437e-07
-3.23929e-07
-2.27085e-06
-6.03881e-07
3.58074e-07
-6.13255e-07
2.70206e-07
-4.49161e-07
3.63753e-07
-3.79958e-07
2.03116e-07
-2.92632e-07
1.98121e-07
-2.38767e-07
1.49987e-07
-2.99832e-07
1.36899e-07
-3.50132e-07
9.3809e-08
-4.02441e-07
1.08851e-07
-4.2662e-07
8.39428e-08
-3.25396e-07
1.04395e-07
-3.14451e-07
9.58803e-08
-2.07663e-07
6.89842e-08
-4.46783e-08
1.79671e-07
-2.75026e-07
1.47387e-07
7.33589e-08
9.74822e-08
-2.60691e-07
-4.97133e-08
3.84463e-08
-5.45074e-08
7.29057e-07
-1.01454e-06
-1.5418e-06
3.58074e-07
6.2828e-07
9.92033e-07
1.19515e-06
1.39327e-06
1.54326e-06
1.68016e-06
1.77396e-06
1.88282e-06
1.96676e-06
2.07115e-06
2.16703e-06
2.23602e-06
2.41569e-06
2.56308e-06
2.66056e-06
2.61084e-06
2.55634e-06
1.5418e-06
)
;

boundaryField
{
    movingWall
    {
        type            calculated;
        value           uniform 0;
    }
    fixedWalls
    {
        type            calculated;
        value           uniform 0;
    }
    frontAndBack
    {
        type            empty;
        value           nonuniform 0();
    }
}


// ************************************************************************* //
