/*--------------------------------*- C++ -*----------------------------------*\
| =========                 |                                                 |
| \\      /  F ield         | OpenFOAM: The Open Source CFD Toolbox           |
|  \\    /   O peration     | Version:  5.x                                   |
|   \\  /    A nd           | Web:      www.OpenFOAM.org                      |
|    \\/     M anipulation  |                                                 |
\*---------------------------------------------------------------------------*/
FoamFile
{
    version     2.0;
    format      ascii;
    class       volVectorField;
    location    "11.5";
    object      U;
}
// * * * * * * * * * * * * * * * * * * * * * * * * * * * * * * * * * * * * * //

dimensions      [0 1 -1 0 0 0 0];

internalField   nonuniform List<vector> 
400
(
(-0.011273 6.24315e-05 0)
(-0.032334 0.00698711 0)
(-0.0389565 -2.79445e-05 0)
(-0.0437632 0.00123512 0)
(-0.0446154 -0.000838956 0)
(-0.0471907 -0.000321439 0)
(-0.0471412 -0.00130596 0)
(-0.0466297 -0.000702949 0)
(-0.0490188 -0.00020893 0)
(-0.0481227 -0.0020985 0)
(-0.047467 -0.00122348 0)
(-0.0479598 -0.00119438 0)
(-0.0472939 -0.000746693 0)
(-0.0473426 -0.00111055 0)
(-0.0487879 1.21027e-05 0)
(-0.0475448 0.000445166 0)
(-0.0481533 -0.00182291 0)
(-0.0397655 -0.00683936 0)
(-0.0418398 -0.00906725 0)
(-0.000976757 -0.01453 0)
(-0.00971922 0.0353419 0)
(-0.0202606 0.0222246 0)
(-0.015681 0.00922891 0)
(-0.0232838 0.00547576 0)
(-0.0182314 0.00248288 0)
(-0.0223516 0.00235287 0)
(-0.0202753 0.00123822 0)
(-0.0208671 0.00162785 0)
(-0.021087 0.00129332 0)
(-0.019613 0.00091373 0)
(-0.0201673 0.00114643 0)
(-0.0187517 0.000546638 0)
(-0.0200362 0.00157482 0)
(-0.016599 -0.00015083 0)
(-0.0217377 0.00104783 0)
(-0.0164763 -0.00179587 0)
(-0.024997 -0.00215402 0)
(-0.0152654 -0.0102396 0)
(-0.0312413 -0.0211178 0)
(-0.00232787 -0.0397931 0)
(-0.00427895 0.036201 0)
(-0.00867527 0.0203267 0)
(-0.00591465 0.00624885 0)
(-0.00823215 0.00358009 0)
(-0.0056692 -2.64103e-05 0)
(-0.00743117 0.000154272 0)
(-0.00583086 -0.00105685 0)
(-0.00598806 -0.00106874 0)
(-0.00592532 -0.00117693 0)
(-0.00418543 -0.00254946 0)
(-0.00631869 -0.00168405 0)
(-0.00205656 -0.00256609 0)
(-0.00741545 -0.00147527 0)
(-0.000310506 -0.00147036 0)
(-0.00921837 0.00126421 0)
(0.000336703 0.00105861 0)
(-0.011513 0.00165171 0)
(0.0025672 -0.00206723 0)
(-0.00883191 -0.0076116 0)
(0.00184181 -0.0454874 0)
(-0.00358099 0.0401098 0)
(-0.00282995 0.0245763 0)
(-0.00208873 0.00742992 0)
(-0.00231395 0.00434692 0)
(-0.00221121 0.00211465 0)
(-0.00417651 0.00194993 0)
(-0.00354912 0.000425919 0)
(-0.0042208 0.000835953 0)
(-0.00436084 0.000363973 0)
(-0.00336314 0.000202282 0)
(-0.00510559 0.000143141 0)
(-0.00291797 0.000616336 0)
(-0.00592602 0.00102858 0)
(-0.00266 0.000959071 0)
(-0.00649193 0.00194349 0)
(-0.00136755 -0.000543124 0)
(-0.00354045 -0.00344892 0)
(-0.000303461 -0.0159211 0)
(-0.0105977 -0.0228427 0)
(0.0023985 -0.0516688 0)
(-0.00181049 0.0462569 0)
(-7.1021e-06 0.0222886 0)
(0.000144751 0.00593922 0)
(-0.00129973 0.00361007 0)
(-0.00279144 0.00231078 0)
(-0.00433923 0.00117217 0)
(-0.00468586 -0.000522404 0)
(-0.00469035 -0.000725481 0)
(-0.00499158 -0.00161739 0)
(-0.00294059 -0.00207341 0)
(-0.00500809 -0.00186164 0)
(-0.00074623 -0.00232679 0)
(-0.00435355 -0.00100221 0)
(0.00175657 -0.00227584 0)
(-0.00247625 0.000571719 0)
(0.00462399 -0.00321436 0)
(0.000231947 0.000877883 0)
(0.00457524 0.00362847 0)
(-0.00199575 -0.0045517 0)
(0.00340772 -0.0506974 0)
(-0.00133129 0.0402099 0)
(0.00179449 0.0203845 0)
(-0.00189365 0.00737981 0)
(-0.00268306 0.00621973 0)
(-0.00414782 0.00461973 0)
(-0.00489 0.00340014 0)
(-0.00566479 0.00113422 0)
(-0.00475785 0.000520634 0)
(-0.0055797 -0.00059572 0)
(-0.00309165 -0.000736749 0)
(-0.00523006 -0.00089429 0)
(-0.0016908 -0.000875536 0)
(-0.00479906 -0.000539861 0)
(-0.000556071 -0.000969493 0)
(-0.00437889 -0.000311026 0)
(0.000879149 -0.00281287 0)
(-0.00583399 -0.00247044 0)
(0.00341959 -0.0130233 0)
(-0.00625652 -0.0235737 0)
(0.00409801 -0.0539699 0)
(-0.00304197 0.0460195 0)
(0.00348232 0.024257 0)
(8.94865e-05 0.0121987 0)
(-0.00280447 0.0067625 0)
(-0.00581148 0.00547762 0)
(-0.0066868 0.00284929 0)
(-0.00717151 -5.59568e-05 0)
(-0.00597522 -0.0012372 0)
(-0.00632783 -0.00277727 0)
(-0.00309421 -0.00295183 0)
(-0.00528344 -0.00301405 0)
(-2.156e-05 -0.00356287 0)
(-0.00427728 -0.00189189 0)
(0.00274443 -0.00387914 0)
(-0.00252974 -0.000394099 0)
(0.00475552 -0.00358852 0)
(-0.000816576 -0.00126148 0)
(0.00481437 0.00161336 0)
(-0.0031325 -0.00438835 0)
(0.00326878 -0.0518241 0)
(-0.000875685 0.0407226 0)
(0.000728164 0.0181889 0)
(-0.00431393 0.0117735 0)
(-0.00610321 0.0115547 0)
(-0.00973582 0.00760303 0)
(-0.00992654 0.004646 0)
(-0.00947128 0.000406668 0)
(-0.00704132 -0.0008528 0)
(-0.00741649 -0.00268622 0)
(-0.00379756 -0.00242708 0)
(-0.00581205 -0.00273253 0)
(-0.00136934 -0.00225186 0)
(-0.00507005 -0.00223344 0)
(0.000695497 -0.00243313 0)
(-0.00515251 -0.00165484 0)
(0.00288219 -0.00393666 0)
(-0.0057806 -0.00153842 0)
(0.00384689 -0.00949551 0)
(-0.00388744 -0.0201396 0)
(0.00495998 -0.0545534 0)
(-0.00354639 0.0424228 0)
(-0.000402023 0.0248303 0)
(-0.0079114 0.0189717 0)
(-0.00891844 0.0134442 0)
(-0.0132327 0.010023 0)
(-0.0145931 0.00345549 0)
(-0.0121656 -0.00288084 0)
(-0.00817444 -0.00344862 0)
(-0.00684727 -0.00575457 0)
(-0.00327065 -0.00556306 0)
(-0.00514445 -0.00538781 0)
(0.000237556 -0.00544782 0)
(-0.00447074 -0.00402371 0)
(0.00277584 -0.00507751 0)
(-0.00452039 -0.00248538 0)
(0.00618723 -0.00468842 0)
(-0.00207715 -0.00200837 0)
(0.00624461 -0.00226204 0)
(-0.00427873 -0.00753102 0)
(0.00344805 -0.0516872 0)
(0.00262299 0.0469312 0)
(0.000311243 0.0274782 0)
(-0.00650063 0.0196328 0)
(-0.0129216 0.0175691 0)
(-0.0189426 0.0129328 0)
(-0.0190616 0.00348007 0)
(-0.0164724 -0.00625893 0)
(-0.012396 -0.00604078 0)
(-0.00615949 -0.00701245 0)
(-0.0038348 -0.00404553 0)
(-0.00471333 -0.00492263 0)
(-0.000958213 -0.0028252 0)
(-0.00464273 -0.00346631 0)
(0.00119933 -0.00211576 0)
(-0.00606857 -0.00398069 0)
(0.0048214 -0.00603045 0)
(-0.00490373 -0.000262495 0)
(0.0041143 -0.00653217 0)
(-0.00366325 -0.0143045 0)
(0.0053752 -0.0545268 0)
(-0.00140016 0.0393855 0)
(-0.00188195 0.030805 0)
(-0.00921794 0.0290866 0)
(-0.0162317 0.0239076 0)
(-0.017496 0.0153437 0)
(-0.0184979 0.00266049 0)
(-0.0158638 -0.0114326 0)
(-0.0130639 -0.0156082 0)
(-0.00497754 -0.0152315 0)
(-0.0023536 -0.0082292 0)
(-0.00187058 -0.00848864 0)
(0.00118246 -0.00699787 0)
(-0.00223856 -0.00653942 0)
(7.01092e-05 -0.00490277 0)
(-0.00601387 -0.00616652 0)
(0.00437723 -0.00718965 0)
(-0.00753134 -0.00153312 0)
(0.00953078 -0.00537151 0)
(-0.00463524 -0.0111821 0)
(0.00408085 -0.0507994 0)
(0.000877343 0.0471282 0)
(0.000108667 0.0358294 0)
(-0.00639292 0.0316461 0)
(-0.00519218 0.0256384 0)
(-0.00874556 0.0141108 0)
(-0.0108367 0.00334879 0)
(-0.00875821 -0.0122873 0)
(-0.00572366 -0.0182305 0)
(-0.000806254 -0.0159831 0)
(-0.00118442 -0.00618189 0)
(0.00104819 -0.00724039 0)
(-0.000977239 -0.00178462 0)
(-0.00155906 -0.000976661 0)
(-0.00245411 0.00128387 0)
(-0.00691595 -0.00679715 0)
(0.00284248 -0.00403912 0)
(-0.00865877 -0.0035932 0)
(0.00516815 -0.00887401 0)
(-0.00504403 -0.00483065 0)
(0.00672104 -0.0541085 0)
(-0.00211498 0.0416621 0)
(0.00650384 0.0374806 0)
(0.000222315 0.037344 0)
(0.0041651 0.0269531 0)
(0.00452055 0.0227124 0)
(0.00566103 0.0070591 0)
(0.00671086 -0.014592 0)
(0.0046386 -0.0257485 0)
(0.00575073 -0.0220635 0)
(0.00976163 -0.0106602 0)
(0.0112093 -0.00827733 0)
(0.00900178 -0.00465906 0)
(0.00482567 -0.00556403 0)
(0.00780342 -0.000271684 0)
(0.00443308 -0.0114838 0)
(0.00190777 -0.00826716 0)
(-0.00203359 -0.00430679 0)
(-0.000304458 -0.0118733 0)
(-0.00699374 -0.0155529 0)
(0.00462522 -0.0524805 0)
(0.00307535 0.0425719 0)
(0.00571601 0.0353463 0)
(0.00872581 0.0327014 0)
(0.0155774 0.0232831 0)
(0.0131036 0.0126415 0)
(0.0187124 0.00080128 0)
(0.0194586 -0.00965663 0)
(0.0181227 -0.0153287 0)
(0.00296745 -0.0235194 0)
(0.0067504 -0.0109938 0)
(0.010152 -0.00877858 0)
(0.0110475 0.00415753 0)
(0.0177827 0.000104537 0)
(0.0127069 0.00119487 0)
(0.02001 0.00238148 0)
(0.00249383 0.00297599 0)
(-0.00135028 0.000987592 0)
(0.00103858 -0.00253758 0)
(-0.00436678 -0.00497645 0)
(0.0072949 -0.0532716 0)
(0.00740524 0.0339112 0)
(0.0138935 0.0328304 0)
(0.0148572 0.0306862 0)
(0.0265691 0.0210103 0)
(0.0284574 0.0169357 0)
(0.0304527 0.00527502 0)
(0.0335829 -0.0118033 0)
(0.031476 -0.0129801 0)
(0.0181712 -0.0054075 0)
(0.00295365 -0.0136326 0)
(-0.00175083 -0.0120502 0)
(-0.0088814 -0.0118411 0)
(0.00186974 -0.00730473 0)
(-0.00808147 -0.00336335 0)
(0.00398157 -0.000176613 0)
(0.000938843 0.00889407 0)
(0.00448197 -0.00379121 0)
(0.010538 -0.0121799 0)
(-0.00626686 -0.025978 0)
(0.00500783 -0.0537047 0)
(0.00401136 0.0207932 0)
(0.0215257 0.0267885 0)
(0.0271907 0.0214445 0)
(0.0326394 0.0109601 0)
(0.0376616 0.00948304 0)
(0.0413685 -0.00105161 0)
(0.0404697 -0.00840144 0)
(0.0389285 -0.00537388 0)
(0.0331483 -0.000146417 0)
(0.0408914 0.00534552 0)
(0.0285399 0.00314255 0)
(0.0267824 0.00414195 0)
(0.0105899 -0.00181381 0)
(0.0144524 0.00183521 0)
(0.000762045 -0.00630797 0)
(0.00486914 0.00535319 0)
(-9.20791e-05 -0.00387935 0)
(0.0111646 0.00787517 0)
(-0.00426997 0.00794853 0)
(0.00962335 -0.0505119 0)
(0.00643013 0.00168752 0)
(0.017803 0.0122896 0)
(0.0209621 0.0148273 0)
(0.023511 0.0072487 0)
(0.0266955 0.00831924 0)
(0.0232313 -0.00186298 0)
(0.0109326 -0.00634809 0)
(0.0103414 -0.00770197 0)
(-0.00152712 -0.00645029 0)
(0.00768838 -0.00281408 0)
(-0.00135232 -0.000800985 0)
(0.00453702 0.00321531 0)
(0.00316678 0.00294186 0)
(-0.00333795 0.0041698 0)
(0.0016206 0.00924488 0)
(-0.00252434 0.00512793 0)
(-0.00571957 -0.0138176 0)
(0.00743718 -0.00874823 0)
(-0.00664763 -0.0303929 0)
(0.00604734 -0.0542358 0)
(-0.00496809 -0.00423574 0)
(0.0113231 0.0138369 0)
(0.0170336 0.0115744 0)
(0.0136116 0.00852033 0)
(0.0230468 0.00954857 0)
(0.0230505 0.0102015 0)
(0.022212 0.00626017 0)
(0.0217283 0.0052223 0)
(0.0176382 0.00427659 0)
(0.0175477 0.00281849 0)
(0.0139726 0.00753852 0)
(0.0173553 0.00247606 0)
(0.012816 0.00650755 0)
(0.0191963 0.00679332 0)
(0.0106744 -0.00662775 0)
(0.0209221 0.0135059 0)
(0.0141414 -0.00741513 0)
(0.0144975 0.00809082 0)
(-0.000945799 0.0161642 0)
(0.0144101 -0.0446372 0)
(-0.0168217 -0.00457917 0)
(-0.00905882 -0.00227403 0)
(-0.0137465 0.00859859 0)
(-0.00530993 0.00178309 0)
(-0.0095943 0.00249928 0)
(-0.00124033 -0.00098158 0)
(-0.00903079 -0.00262863 0)
(-0.00261692 -0.00315431 0)
(-0.0117587 -0.00231802 0)
(-0.00428405 -0.000787837 0)
(-0.0129759 -9.19117e-05 0)
(0.000913352 0.00121613 0)
(-0.0148774 -0.000556971 0)
(0.00798165 0.00640813 0)
(-0.0104022 0.00254124 0)
(-5.37631e-05 0.00533743 0)
(0.00382982 -0.00675291 0)
(-0.016533 -0.000734876 0)
(0.0187708 -0.0312947 0)
(0.0126771 -0.0541528 0)
(0.00120362 0.0176136 0)
(0.0139984 0.0131338 0)
(0.0124604 0.00686002 0)
(0.0248222 0.00597401 0)
(0.0248328 0.00484679 0)
(0.0298808 0.00608503 0)
(0.0315036 0.00734531 0)
(0.0352966 0.00642653 0)
(0.0363491 0.00688139 0)
(0.0386328 0.00462971 0)
(0.0405965 0.00484988 0)
(0.0419026 0.0030763 0)
(0.044972 0.00400933 0)
(0.0460465 0.000493794 0)
(0.0491868 0.00432643 0)
(0.0507344 -0.00153309 0)
(0.0534292 0.00426756 0)
(0.0510824 -0.000289022 0)
(0.0455464 -0.00464485 0)
(0.0242188 0.00178938 0)
)
;

boundaryField
{
    movingWall
    {
        type            fixedValue;
        value           uniform (1 0 0);
    }
    fixedWalls
    {
        type            noSlip;
    }
    frontAndBack
    {
        type            empty;
    }
}


// ************************************************************************* //
