/*--------------------------------*- C++ -*----------------------------------*\
| =========                 |                                                 |
| \\      /  F ield         | OpenFOAM: The Open Source CFD Toolbox           |
|  \\    /   O peration     | Version:  5.x                                   |
|   \\  /    A nd           | Web:      www.OpenFOAM.org                      |
|    \\/     M anipulation  |                                                 |
\*---------------------------------------------------------------------------*/
FoamFile
{
    version     2.0;
    format      ascii;
    class       volScalarField;
    location    "18.3";
    object      p;
}
// * * * * * * * * * * * * * * * * * * * * * * * * * * * * * * * * * * * * * //

dimensions      [0 2 -2 0 0 0 0];

internalField   nonuniform List<scalar> 
400
(
3.5115e-11
-0.000846081
-0.0014572
-0.00182177
-0.00199451
-0.0020769
-0.00211314
-0.00213534
-0.00214446
-0.00213952
-0.00211265
-0.00209882
-0.00210594
-0.00212429
-0.00210275
-0.00199378
-0.00176493
-0.0014194
-0.000890835
0.000369471
-0.000917374
-0.00150215
-0.00183946
-0.00202853
-0.00208285
-0.00211712
-0.00211993
-0.00213556
-0.0021456
-0.00215373
-0.00214231
-0.00212364
-0.00211998
-0.00214116
-0.00216243
-0.0021408
-0.00206485
-0.00192439
-0.00166139
-0.000690096
-0.00149257
-0.00185139
-0.00201744
-0.0020974
-0.00212161
-0.00212969
-0.00213286
-0.00214371
-0.00215009
-0.00215033
-0.00213743
-0.00211942
-0.0021238
-0.00213663
-0.00215391
-0.00209564
-0.00210276
-0.00200163
-0.00186629
-0.0014047
-0.00180731
-0.00204231
-0.00209672
-0.00213844
-0.00213771
-0.0021412
-0.00214028
-0.00214895
-0.00215644
-0.00215896
-0.00215653
-0.00214518
-0.00213866
-0.00214018
-0.00219459
-0.00219227
-0.0022
-0.00205636
-0.00206575
-0.00182403
-0.00198972
-0.00210618
-0.00213149
-0.00214055
-0.00214341
-0.00214328
-0.00214342
-0.00214919
-0.00215546
-0.00215449
-0.00215062
-0.00214303
-0.00214876
-0.00216429
-0.00223372
-0.00222428
-0.00222122
-0.00211261
-0.00213245
-0.00199807
-0.00206611
-0.00213443
-0.00212769
-0.00214752
-0.00213973
-0.00214727
-0.00214714
-0.00215306
-0.00215822
-0.0021594
-0.00216836
-0.00217228
-0.00217423
-0.00214087
-0.00220184
-0.00217989
-0.00224581
-0.00213614
-0.00219811
-0.00209737
-0.00211721
-0.00216522
-0.00216419
-0.00216153
-0.00215698
-0.00215376
-0.00215873
-0.0021552
-0.0021693
-0.00216183
-0.00217601
-0.00214906
-0.00218753
-0.00210477
-0.00217147
-0.00217295
-0.00223503
-0.00214464
-0.002166
-0.00209974
-0.00214488
-0.00217513
-0.0021565
-0.00216064
-0.00214711
-0.00214904
-0.00214571
-0.00215599
-0.00216015
-0.00216583
-0.00219547
-0.00217535
-0.00219012
-0.00219347
-0.00216342
-0.00216107
-0.00215782
-0.00211873
-0.00219422
-0.00209198
-0.00215876
-0.0021837
-0.00216635
-0.00216833
-0.00216228
-0.0021505
-0.00216217
-0.00215283
-0.00218965
-0.00220792
-0.00220152
-0.00217576
-0.00222166
-0.0021699
-0.0021652
-0.00221797
-0.00217394
-0.0021175
-0.00219258
-0.00212023
-0.00216729
-0.00217919
-0.00217156
-0.00216265
-0.00215209
-0.00214608
-0.00214848
-0.00215283
-0.00216596
-0.00218673
-0.00216203
-0.00220642
-0.00216882
-0.00228332
-0.00225952
-0.00222689
-0.00222314
-0.00216838
-0.00219451
-0.00218285
-0.00216816
-0.00218933
-0.00217299
-0.00217019
-0.00215861
-0.00214503
-0.00214877
-0.00214821
-0.00216012
-0.00219223
-0.00221506
-0.00228678
-0.00223717
-0.00243314
-0.00232081
-0.00222212
-0.00235162
-0.00219509
-0.00220786
-0.00216373
-0.0021735
-0.00218237
-0.00214396
-0.00214512
-0.0021419
-0.0021344
-0.00215676
-0.00217524
-0.00214595
-0.00219702
-0.00222989
-0.00226328
-0.00225695
-0.00229644
-0.00219604
-0.00214685
-0.00221336
-0.00215542
-0.00221862
-0.00208048
-0.00214608
-0.00217666
-0.00215777
-0.00216134
-0.00215451
-0.00214006
-0.00215818
-0.00215609
-0.00214605
-0.00218682
-0.00221063
-0.00225858
-0.00223447
-0.00228036
-0.00232954
-0.00217511
-0.00220869
-0.00205324
-0.00220688
-0.00207006
-0.00211946
-0.00215192
-0.00214885
-0.00211369
-0.00209558
-0.00215086
-0.00209596
-0.00207206
-0.00210298
-0.00214138
-0.00220866
-0.0022535
-0.00229917
-0.00226114
-0.0023471
-0.00212086
-0.00213376
-0.00199984
-0.00208998
-0.0020603
-0.00205013
-0.00209733
-0.00211783
-0.00212572
-0.00211974
-0.00211695
-0.00209127
-0.00210059
-0.00210801
-0.0021217
-0.00219873
-0.00225605
-0.0022838
-0.00229591
-0.00230586
-0.00221408
-0.00217033
-0.00193827
-0.00223001
-0.00194586
-0.00193772
-0.00199612
-0.00208412
-0.00202418
-0.00204498
-0.00207275
-0.00206423
-0.00211894
-0.00212846
-0.00210214
-0.00217965
-0.00216059
-0.00217992
-0.00210033
-0.00208163
-0.00193421
-0.00220286
-0.00191975
-0.00190805
-0.00181833
-0.00175471
-0.00186091
-0.00195709
-0.00200201
-0.00199455
-0.00206211
-0.00199712
-0.00207932
-0.00219684
-0.00220909
-0.00222752
-0.00221366
-0.00218055
-0.0021249
-0.00204677
-0.0021045
-0.00211974
-0.00204811
-0.00209979
-0.00180733
-0.00148566
-0.0017238
-0.00184975
-0.00193068
-0.00194796
-0.00200461
-0.00199049
-0.00208835
-0.00219667
-0.00231811
-0.00229825
-0.00209423
-0.00216539
-0.00213297
-0.0020388
-0.0020885
-0.00196868
-0.00182614
-0.00165141
-0.00150238
-0.00114789
-0.0014696
-0.00169847
-0.00181491
-0.00184746
-0.00184478
-0.00182288
-0.0020435
-0.0024241
-0.00258856
-0.00235369
-0.0020989
-0.00221714
-0.00206796
-0.0020611
-0.00201365
-0.00198103
-0.00198067
-0.00194665
-0.00100862
-0.000773049
-0.0012058
-0.00153349
-0.0017656
-0.00186255
-0.00194406
-0.00197648
-0.00206147
-0.00219341
-0.0022609
-0.00220949
-0.00214107
-0.00208646
-0.00201641
-0.00200021
-0.00183284
-0.00189033
-0.00152339
-0.000784903
0.0010701
)
;

boundaryField
{
    movingWall
    {
        type            zeroGradient;
    }
    fixedWalls
    {
        type            zeroGradient;
    }
    frontAndBack
    {
        type            empty;
    }
}


// ************************************************************************* //
