/*--------------------------------*- C++ -*----------------------------------*\
| =========                 |                                                 |
| \\      /  F ield         | OpenFOAM: The Open Source CFD Toolbox           |
|  \\    /   O peration     | Version:  5.x                                   |
|   \\  /    A nd           | Web:      www.OpenFOAM.org                      |
|    \\/     M anipulation  |                                                 |
\*---------------------------------------------------------------------------*/
FoamFile
{
    version     2.0;
    format      ascii;
    class       volVectorField;
    location    "18.3";
    object      U;
}
// * * * * * * * * * * * * * * * * * * * * * * * * * * * * * * * * * * * * * //

dimensions      [0 1 -1 0 0 0 0];

internalField   nonuniform List<vector> 
400
(
(-0.018702 0.0113988 0)
(-0.0434372 0.00600471 0)
(-0.0509959 0.00313739 0)
(-0.0579173 3.09903e-06 0)
(-0.0581906 -0.000321356 0)
(-0.0611814 -0.000960364 0)
(-0.0595594 -0.0011083 0)
(-0.0621365 -0.000427504 0)
(-0.0599594 -0.000939783 0)
(-0.0624432 2.90743e-05 0)
(-0.0595609 -0.00096535 0)
(-0.0620459 -0.000405896 0)
(-0.0604392 -0.0012699 0)
(-0.063745 -0.000655545 0)
(-0.061684 -0.00156929 0)
(-0.0629161 -0.00156811 0)
(-0.0572164 -0.00405684 0)
(-0.055985 -0.00671567 0)
(-0.0439575 -0.0119283 0)
(-0.00964103 -0.0198093 0)
(-0.0128473 0.0392648 0)
(-0.021792 0.026609 0)
(-0.0254852 0.011602 0)
(-0.0287888 0.00698207 0)
(-0.0265513 0.00212949 0)
(-0.0309065 0.00224529 0)
(-0.0263419 0.000509905 0)
(-0.0325502 0.00134723 0)
(-0.02681 -3.18514e-05 0)
(-0.0340306 0.00101303 0)
(-0.0254429 5.68333e-05 0)
(-0.0326836 0.00127635 0)
(-0.023184 0.000718752 0)
(-0.0348902 0.00172066 0)
(-0.0244937 0.00029813 0)
(-0.0367164 -0.00115436 0)
(-0.0244204 -0.00445903 0)
(-0.0352786 -0.0150854 0)
(-0.0306151 -0.0260777 0)
(-0.0083322 -0.0481535 0)
(-0.00550758 0.0501609 0)
(-0.0110342 0.0299353 0)
(-0.0102318 0.0127714 0)
(-0.0116785 0.00402611 0)
(-0.0107383 0.00103052 0)
(-0.0128946 -0.000170396 0)
(-0.0109081 -0.000503727 0)
(-0.0161383 0.00022863 0)
(-0.0122742 -0.0003945 0)
(-0.0186788 -0.000664381 0)
(-0.0125142 -0.00162205 0)
(-0.0179291 -0.00167883 0)
(-0.0127485 -0.000201432 0)
(-0.0184371 0.000338785 0)
(-0.0141533 0.00169613 0)
(-0.0130322 -0.000871084 0)
(-0.0127524 -0.00270606 0)
(-0.00109376 0.000459607 0)
(-0.0111876 -0.0199984 0)
(-0.00147016 -0.0569665 0)
(-0.00512677 0.0545871 0)
(-0.00438853 0.0332738 0)
(-0.00487338 0.0114101 0)
(-0.00425818 0.00669801 0)
(-0.00329987 0.00250959 0)
(-0.00566921 0.00260672 0)
(-0.00385925 0.00285289 0)
(-0.00795845 0.00299087 0)
(-0.00475886 0.00222547 0)
(-0.0089493 0.00119501 0)
(-0.00546082 -0.000274992 0)
(-0.00999365 0.00037169 0)
(-0.00792095 0.00139131 0)
(-0.00943165 0.00176287 0)
(-0.0122341 -0.00307773 0)
(-0.013061 -0.00688256 0)
(-0.0151693 -0.0166997 0)
(-0.00779336 -0.0196512 0)
(-0.00740111 -0.0275256 0)
(-0.00054973 -0.0629797 0)
(-0.0010989 0.0570177 0)
(-0.00198573 0.0327371 0)
(-0.00164045 0.0107978 0)
(-0.00114588 0.00386501 0)
(1.69367e-05 0.00183496 0)
(-0.00183594 0.0010857 0)
(-0.00134791 0.00154571 0)
(-0.00304084 0.00139112 0)
(-0.00217935 0.000944927 0)
(-0.00439155 5.648e-05 0)
(-0.00397511 0.000203832 0)
(-0.00474137 0.00105679 0)
(-0.00273287 -0.000140958 0)
(-0.0012843 0.0024965 0)
(-0.00569809 0.00703644 0)
(0.000551203 0.000438416 0)
(-0.00685061 -0.00258571 0)
(0.00133026 -0.0122513 0)
(-0.00199242 -0.020438 0)
(0.00140771 -0.0647242 0)
(-0.00291207 0.0580361 0)
(0.000129801 0.0337484 0)
(-0.00323192 0.0109431 0)
(0.00055163 0.00459533 0)
(-0.0011535 0.00334266 0)
(-0.00145906 0.00396588 0)
(-0.000887911 0.0037686 0)
(-0.00213937 0.00351546 0)
(-0.00191031 0.0037351 0)
(-0.00171559 0.00250915 0)
(-0.00301608 0.000311833 0)
(-0.00700383 -0.00126568 0)
(-0.00537499 -0.00219295 0)
(0.00248044 0.00453501 0)
(-0.00362428 -0.00305026 0)
(0.00818125 -0.00602358 0)
(-0.0035083 -0.0176336 0)
(-0.000799992 -0.0241866 0)
(-0.00411199 -0.0303982 0)
(0.00233662 -0.0667416 0)
(-0.000647159 0.0576352 0)
(-0.000418019 0.0332176 0)
(-0.000592767 0.00786245 0)
(-0.0014058 0.00184893 0)
(-0.000553993 0.00288723 0)
(-0.000160448 0.000878686 0)
(-0.000340378 0.00167018 0)
(-9.71064e-06 0.0025974 0)
(-0.00183264 0.000447905 0)
(-0.00176149 0.00101263 0)
(-0.00199024 0.00599431 0)
(-0.000257191 0.00340192 0)
(-0.00106498 -0.00830073 0)
(0.00404963 0.000173952 0)
(-0.00556137 0.0019343 0)
(0.0101239 -0.00207184 0)
(-0.00293422 0.00850403 0)
(0.00892197 -0.0146292 0)
(-0.00151486 -0.0186205 0)
(0.00255237 -0.0663349 0)
(-0.00181333 0.0594911 0)
(0.00154658 0.0344629 0)
(-0.00191833 0.0135 0)
(0.00177104 0.00519929 0)
(-0.000468682 0.00285177 0)
(0.000893213 0.00404225 0)
(-0.00152685 0.00445218 0)
(-0.00299629 0.00472199 0)
(-0.00335836 0.00666583 0)
(-0.00455413 0.00225782 0)
(-0.00797337 -0.00103166 0)
(-0.000975831 -0.00326879 0)
(-0.000566117 -0.00535374 0)
(-0.00167208 0.00660072 0)
(-0.00944206 -0.00862244 0)
(0.00401252 -0.00902636 0)
(-0.00424768 -0.013671 0)
(0.00746644 -0.0259683 0)
(-0.00509234 -0.0264752 0)
(0.00418105 -0.0662888 0)
(-0.000492561 0.0570314 0)
(2.84414e-05 0.03314 0)
(-9.4773e-06 0.00606304 0)
(-0.000504854 7.27038e-05 0)
(-0.00130489 0.00277937 0)
(0.00107146 0.00169523 0)
(0.00140095 0.00434466 0)
(0.00303709 0.00479995 0)
(0.00402136 0.00107539 0)
(0.0113839 0.0038107 0)
(0.000109037 0.00379234 0)
(0.00300497 -0.00426606 0)
(-0.00625959 -0.00895439 0)
(-0.00131804 0.0122082 0)
(-0.0117119 -0.00331223 0)
(0.0115629 -0.00894892 0)
(-0.00335716 0.00440698 0)
(0.00305475 -0.0149859 0)
(-0.00249728 -0.0114915 0)
(0.00419604 -0.066891 0)
(-0.001101 0.0600967 0)
(0.00128782 0.0342561 0)
(-0.000544836 0.0146984 0)
(0.000793471 0.00711138 0)
(0.00131773 0.00203723 0)
(0.00210333 0.00132096 0)
(0.00175198 0.00407943 0)
(0.00556593 0.00120017 0)
(0.00109548 -0.00015924 0)
(0.00161767 0.00703933 0)
(-0.00521369 0.00902876 0)
(-0.0021813 0.0019471 0)
(-0.00378565 0.00205234 0)
(-0.0075538 0.00838131 0)
(-0.00808637 -0.0233068 0)
(-0.00642564 -0.0151655 0)
(-0.00606173 -0.00489301 0)
(-0.00392999 -0.0286337 0)
(-0.00711534 -0.0285514 0)
(0.00571946 -0.0690145 0)
(-0.000643005 0.0561702 0)
(0.000333179 0.0316714 0)
(0.00131708 0.00575138 0)
(0.00223596 -0.00245136 0)
(0.00451719 0.00100006 0)
(0.00306753 0.000821347 0)
(0.00646431 0.000604758 0)
(0.00641606 0.00551586 0)
(-0.00218678 0.00443915 0)
(-0.00394122 0.00992059 0)
(-0.00447423 0.00448527 0)
(-0.00297295 -0.00468725 0)
(-0.000493887 -0.00725982 0)
(0.000422638 0.0178025 0)
(0.00149238 -0.00582266 0)
(-0.0051865 -0.0129961 0)
(-0.00390676 0.00237539 0)
(0.0041101 -0.016174 0)
(-0.00544752 -0.0194191 0)
(0.00419315 -0.0677541 0)
(-0.000185011 0.0604142 0)
(0.00178072 0.0344075 0)
(-0.000625855 0.0137489 0)
(0.00500608 0.00480948 0)
(0.000181297 0.00191116 0)
(0.00071831 -0.00107181 0)
(0.00180943 0.00143238 0)
(0.00731544 0.00854867 0)
(0.00325958 0.0100586 0)
(0.00147943 0.00979281 0)
(0.000898156 0.00787802 0)
(-0.000787139 0.000609204 0)
(-0.00504396 -0.00172456 0)
(-0.00574692 0.0117043 0)
(0.00710328 -0.013837 0)
(-0.00421561 -0.00935519 0)
(-0.00120734 -0.0106441 0)
(0.0164693 -0.0264247 0)
(-0.00415773 -0.0293849 0)
(0.00606805 -0.0671653 0)
(-0.000417773 0.0552954 0)
(0.000499402 0.0306282 0)
(0.00269661 0.000492205 0)
(-0.00301504 -0.00365199 0)
(-0.00269599 0.00467079 0)
(-0.00119517 -0.00127175 0)
(-0.00390081 -0.00645588 0)
(-0.000549035 0.00585687 0)
(0.00457319 0.00822027 0)
(0.00507412 0.013566 0)
(0.00492071 0.00717525 0)
(-0.000931986 0.00126806 0)
(0.00163073 -0.00334881 0)
(-0.00987116 0.00352 0)
(0.0102563 -0.0116622 0)
(0.000795379 -0.00845893 0)
(0.00454635 -0.0191596 0)
(0.00516348 -0.0148781 0)
(-0.00480524 -0.00698417 0)
(0.00670801 -0.0666777 0)
(0.00109474 0.0580234 0)
(0.00308904 0.0326161 0)
(0.00153214 0.0178612 0)
(0.00312108 0.0110997 0)
(-0.000725652 0.00174815 0)
(0.000743569 -0.000632936 0)
(-0.00349279 0.00200707 0)
(-0.000246215 0.00139595 0)
(0.0027043 0.00497349 0)
(0.00322683 0.0112025 0)
(0.0110497 0.0117416 0)
(0.00315705 0.00448745 0)
(0.00283816 0.00547004 0)
(0.000310346 0.0048476 0)
(0.00777899 -0.0197187 0)
(0.00220004 -0.00366723 0)
(0.00850099 -0.00925235 0)
(0.00285098 -0.020149 0)
(-0.00680916 -0.0261892 0)
(0.00777051 -0.0693444 0)
(0.000462567 0.0525175 0)
(0.00314127 0.0306311 0)
(0.00402772 0.000835019 0)
(0.000113113 -0.0030437 0)
(0.0120159 0.00518187 0)
(0.000983539 0.0024622 0)
(0.0144514 -0.00683201 0)
(0.00949486 -0.00143288 0)
(0.00486409 0.0040724 0)
(0.0155938 0.00324461 0)
(0.0132169 0.00883087 0)
(0.0201194 0.00791185 0)
(0.0137141 0.000884908 0)
(0.0222296 -0.00427268 0)
(0.0146068 -0.0130007 0)
(0.0254284 -0.0155787 0)
(0.0107724 -0.0196743 0)
(0.00671745 -0.000929851 0)
(-0.00643377 -0.0173541 0)
(0.00675928 -0.0648245 0)
(0.00232886 0.0524172 0)
(0.00539504 0.0290582 0)
(0.00801565 0.0199746 0)
(0.00805063 0.00405442 0)
(0.000750344 0.00233953 0)
(0.0142004 -0.00241045 0)
(0.00962307 -0.00760972 0)
(0.00966935 0.0116699 0)
(0.0131028 -0.0003209 0)
(0.0164233 0.00186574 0)
(0.0169112 0.00888955 0)
(0.0215833 0.00680073 0)
(0.0176655 0.00442831 0)
(0.0274885 0.00297228 0)
(0.00799496 -0.0161123 0)
(0.0189019 0.00116767 0)
(-0.0190471 0.0144921 0)
(0.0156261 -0.00632754 0)
(-0.00380227 -0.0168749 0)
(0.0120784 -0.0655091 0)
(0.00144053 0.0455007 0)
(0.00866996 0.0249768 0)
(0.00342475 0.00262708 0)
(0.0132106 0.00143492 0)
(0.00361566 -0.00170703 0)
(0.00821333 -0.00519845 0)
(0.00992303 -0.00382021 0)
(0.00340268 -0.00186643 0)
(0.0319159 -0.00245729 0)
(0.0167265 -0.0048362 0)
(0.0287339 0.00563599 0)
(0.0141481 0.00142202 0)
(0.0266933 -0.00242509 0)
(0.0143509 0.000194905 0)
(0.0165615 -0.00363219 0)
(-0.00418213 0.00430653 0)
(0.00564163 -0.0138705 0)
(0.0176999 -0.022143 0)
(-0.00954682 -0.02014 0)
(0.00958341 -0.0651845 0)
(0.00338238 0.0413767 0)
(0.0121519 0.0247444 0)
(0.018425 0.0138404 0)
(0.00895842 0.0059415 0)
(0.0224141 0.00493266 0)
(0.00724512 -0.00606489 0)
(0.0270471 -0.00703658 0)
(0.00808323 -0.012312 0)
(0.0322542 -0.00890974 0)
(0.00427282 0.0034089 0)
(0.0325701 0.012508 0)
(0.0134072 0.0122283 0)
(0.0283118 0.00436852 0)
(0.0190784 0.0144953 0)
(0.0271871 0.00126226 0)
(0.0191124 0.015663 0)
(0.0246232 -0.00429586 0)
(0.00973037 0.0105651 0)
(-0.000422784 0.00136761 0)
(0.0163096 -0.0609572 0)
(0.00464548 0.0298403 0)
(0.0164339 0.0157277 0)
(0.0188729 0.0055236 0)
(0.0210243 -0.000383805 0)
(0.0168173 -0.00179208 0)
(0.0158549 -0.00469455 0)
(0.00212989 -0.00503568 0)
(-0.00576608 -0.00320619 0)
(-0.0230057 -0.00440255 0)
(-0.0204714 -0.00412459 0)
(-0.0192176 -0.00128989 0)
(-0.010711 -0.00234824 0)
(-0.015225 -0.00453677 0)
(-0.00635986 0.00383299 0)
(-0.00605363 -0.00910819 0)
(-0.00711352 0.00882907 0)
(0.009971 -0.00814738 0)
(-0.0124956 -0.00161193 0)
(0.0224045 -0.0358808 0)
(0.014327 -0.0589571 0)
(0.00789323 0.0201598 0)
(0.0355251 0.0130791 0)
(0.0381603 0.0105213 0)
(0.0496995 0.00775454 0)
(0.0486576 0.00839095 0)
(0.0537976 0.00747668 0)
(0.0556521 0.0097328 0)
(0.0561087 0.0095839 0)
(0.0613498 0.00908058 0)
(0.060145 0.0053733 0)
(0.0663612 0.00402472 0)
(0.0600753 0.00349507 0)
(0.0683801 0.00537671 0)
(0.0614912 0.00158221 0)
(0.0680271 0.00492489 0)
(0.0653156 0.000885632 0)
(0.0651004 0.00284553 0)
(0.06752 -0.000238075 0)
(0.0533598 -0.00421726 0)
(0.0373308 -0.00878097 0)
)
;

boundaryField
{
    movingWall
    {
        type            fixedValue;
        value           uniform (1 0 0);
    }
    fixedWalls
    {
        type            noSlip;
    }
    frontAndBack
    {
        type            empty;
    }
}


// ************************************************************************* //
