/*--------------------------------*- C++ -*----------------------------------*\
| =========                 |                                                 |
| \\      /  F ield         | OpenFOAM: The Open Source CFD Toolbox           |
|  \\    /   O peration     | Version:  5.x                                   |
|   \\  /    A nd           | Web:      www.OpenFOAM.org                      |
|    \\/     M anipulation  |                                                 |
\*---------------------------------------------------------------------------*/
FoamFile
{
    version     2.0;
    format      ascii;
    class       surfaceScalarField;
    location    "10.4";
    object      phi;
}
// * * * * * * * * * * * * * * * * * * * * * * * * * * * * * * * * * * * * * //

dimensions      [0 3 -1 0 0 0 0];

internalField   nonuniform List<scalar> 
760
(
-1.04975e-06
1.04975e-06
-1.71581e-06
6.6606e-07
-2.05773e-06
3.41917e-07
-2.22439e-06
1.66656e-07
-2.27067e-06
4.62834e-08
-2.32347e-06
5.28032e-08
-2.36737e-06
4.3897e-08
-2.37069e-06
3.3154e-09
-2.35659e-06
-1.40939e-08
-2.35309e-06
-3.50329e-09
-2.39912e-06
4.60313e-08
-2.36585e-06
-3.32669e-08
-2.3584e-06
-7.45556e-09
-2.35953e-06
1.13175e-09
-2.36359e-06
4.05903e-09
-2.2711e-06
-9.24886e-08
-2.24398e-06
-2.71221e-08
-1.9009e-06
-3.43073e-07
-1.20099e-06
-6.99918e-07
-1.20099e-06
-5.07442e-07
1.5572e-06
-7.63454e-07
9.22072e-07
-8.2638e-07
4.04843e-07
-8.76133e-07
2.16409e-07
-9.42611e-07
1.12761e-07
-9.8264e-07
9.28321e-08
-9.85084e-07
4.63412e-08
-1.00081e-06
1.90367e-08
-1.0233e-06
8.39598e-09
-1.01956e-06
-7.24383e-09
-9.86499e-07
1.29751e-08
-9.80037e-07
-3.97289e-08
-9.86369e-07
-1.12319e-09
-9.3091e-07
-5.43279e-08
-9.3181e-07
4.95946e-09
-9.38888e-07
-8.54108e-08
-9.75754e-07
9.74401e-09
-1.0348e-06
-2.84023e-07
-9.39931e-07
-7.94791e-07
-2.14092e-06
-2.16277e-07
1.77347e-06
-2.91403e-07
9.97198e-07
-3.20772e-07
4.34212e-07
-3.41243e-07
2.36879e-07
-3.4922e-07
1.20739e-07
-3.50686e-07
9.42979e-08
-3.25303e-07
2.09578e-08
-2.99325e-07
-6.9413e-09
-2.77552e-07
-1.33768e-08
-2.55736e-07
-2.90591e-08
-2.11189e-07
-3.15723e-08
-2.04464e-07
-4.64541e-08
-1.71013e-07
-3.45739e-08
-1.63525e-07
-6.1816e-08
-1.57427e-07
-1.13813e-09
-1.74072e-07
-6.87659e-08
-1.74237e-07
9.90875e-09
-1.266e-07
-3.31661e-07
-1.95963e-07
-7.25428e-07
-2.33688e-06
-3.14154e-08
1.80489e-06
-1.02171e-07
1.06795e-06
-2.04888e-07
5.36929e-07
-2.55242e-07
2.87233e-07
-2.80869e-07
1.46366e-07
-2.86179e-07
9.96087e-08
-2.53938e-07
-1.12831e-08
-2.31075e-07
-2.98048e-08
-1.95001e-07
-4.94506e-08
-1.64502e-07
-5.95582e-08
-1.47823e-07
-4.82508e-08
-1.32508e-07
-6.17697e-08
-1.53051e-07
-1.40307e-08
-1.5584e-07
-5.90274e-08
-2.01048e-07
4.40699e-08
-1.86316e-07
-8.34972e-08
-1.6803e-07
-8.37748e-09
-2.30443e-07
-2.69248e-07
-2.25748e-07
-7.30123e-07
-2.56263e-06
-8.41196e-08
1.88901e-06
-2.0283e-07
1.18666e-06
-3.49069e-07
6.83168e-07
-3.94135e-07
3.323e-07
-3.82882e-07
1.35113e-07
-3.40346e-07
5.70723e-08
-3.04951e-07
-4.66778e-08
-2.63594e-07
-7.11619e-08
-2.17173e-07
-9.58716e-08
-1.73565e-07
-1.03166e-07
-1.29868e-07
-9.19476e-08
-8.84246e-08
-1.03213e-07
-4.59763e-08
-5.6479e-08
1.70929e-09
-1.06713e-07
5.21237e-08
-6.34456e-09
1.14918e-07
-1.46291e-07
1.10435e-07
-3.89472e-09
6.04559e-08
-2.19268e-07
8.5415e-09
-6.78209e-07
-2.55409e-06
-9.62365e-08
1.98524e-06
-2.85819e-07
1.37625e-06
-4.67509e-07
8.64858e-07
-5.23918e-07
3.88709e-07
-4.73123e-07
8.43183e-08
-3.85528e-07
-3.05233e-08
-3.15552e-07
-1.16654e-07
-2.48337e-07
-1.38377e-07
-1.92675e-07
-1.51533e-07
-1.44894e-07
-1.50948e-07
-1.21e-07
-1.15841e-07
-9.39891e-08
-1.30224e-07
-8.80062e-08
-6.24618e-08
-7.91878e-08
-1.15531e-07
-6.61789e-08
-1.93534e-08
-8.83538e-08
-1.24117e-07
-5.97484e-08
-3.25001e-08
-3.95274e-08
-2.39489e-07
-4.38528e-08
-6.73883e-07
-2.59794e-06
-2.53379e-07
2.23862e-06
-4.42735e-07
1.5656e-06
-6.38399e-07
1.06052e-06
-7.01434e-07
4.51744e-07
-6.21593e-07
4.47689e-09
-4.80335e-07
-1.71781e-07
-3.7206e-07
-2.24928e-07
-2.81246e-07
-2.2919e-07
-2.01866e-07
-2.30913e-07
-1.40756e-07
-2.12058e-07
-8.42397e-08
-1.72358e-07
-4.53173e-08
-1.69147e-07
-3.07035e-09
-1.04709e-07
2.77914e-08
-1.46393e-07
5.06389e-08
-4.2201e-08
7.82963e-08
-1.51774e-07
6.5639e-08
-1.98428e-08
1.69687e-08
-1.90819e-07
-1.69619e-08
-6.39952e-07
-2.6149e-06
-1.70956e-07
2.40958e-06
-4.79688e-07
1.87433e-06
-6.99634e-07
1.28047e-06
-7.91028e-07
5.43138e-07
-7.25184e-07
-6.13669e-08
-5.44079e-07
-3.52887e-07
-3.82526e-07
-3.86481e-07
-2.6857e-07
-3.43147e-07
-1.90782e-07
-3.087e-07
-1.34022e-07
-2.68819e-07
-9.44977e-08
-2.11882e-07
-7.28407e-08
-1.90804e-07
-4.84743e-08
-1.29075e-07
-4.48792e-08
-1.49988e-07
-2.09951e-08
-6.60851e-08
-3.68142e-08
-1.35955e-07
-2.93453e-08
-2.73116e-08
-3.25237e-09
-2.16912e-07
1.68544e-08
-6.60059e-07
-2.59805e-06
-2.00587e-07
2.61017e-06
-4.65385e-07
2.13913e-06
-6.2581e-07
1.44089e-06
-7.46986e-07
6.64314e-07
-7.21871e-07
-8.64812e-08
-5.44737e-07
-5.30021e-07
-3.25608e-07
-6.05609e-07
-1.90438e-07
-4.78317e-07
-1.03115e-07
-3.96023e-07
-5.42362e-08
-3.17698e-07
-3.65461e-09
-2.62463e-07
7.10181e-09
-2.0156e-07
3.62143e-08
-1.58188e-07
3.38242e-08
-1.47598e-07
5.36256e-08
-8.58865e-08
6.85246e-08
-1.50854e-07
5.70784e-08
-1.58655e-08
8.66348e-09
-1.68497e-07
-4.34847e-08
-6.07911e-07
-2.64153e-06
-8.44127e-08
2.69458e-06
-1.52603e-07
2.20732e-06
-3.08092e-07
1.59638e-06
-4.33857e-07
7.9008e-07
-4.74923e-07
-4.54156e-08
-4.02548e-07
-6.02396e-07
-2.08171e-07
-7.99986e-07
-8.95295e-08
-5.96958e-07
-4.70837e-08
-4.38469e-07
-4.14198e-08
-3.23362e-07
-1.38809e-08
-2.90002e-07
-2.59375e-08
-1.89504e-07
3.99028e-09
-1.88115e-07
-1.36763e-08
-1.29931e-07
3.80347e-08
-1.37598e-07
5.9305e-08
-1.72124e-07
2.2898e-08
2.05416e-08
2.3336e-08
-1.68935e-07
3.46193e-08
-6.19194e-07
-2.60691e-06
1.86298e-07
2.50828e-06
3.12754e-07
2.08087e-06
2.15288e-07
1.69385e-06
6.39771e-08
9.41391e-07
-4.79154e-08
6.64769e-08
-8.68656e-08
-5.63446e-07
5.92208e-08
-9.46073e-07
2.57591e-07
-7.95328e-07
2.8444e-07
-4.65318e-07
1.8793e-07
-2.26851e-07
1.36142e-07
-2.38214e-07
1.03205e-07
-1.56566e-07
7.87448e-08
-1.63656e-07
5.37848e-08
-1.04971e-07
4.9072e-08
-1.32885e-07
-6.53973e-09
-1.16512e-07
2.92231e-08
-1.52213e-08
2.14643e-08
-1.61176e-07
-5.53727e-08
-5.42357e-07
-2.66229e-06
3.68956e-07
2.13932e-06
5.05834e-07
1.94399e-06
5.81694e-07
1.61799e-06
6.21882e-07
9.01202e-07
5.57721e-07
1.30639e-07
4.35155e-07
-4.40881e-07
1.84094e-07
-6.95011e-07
1.20099e-07
-7.31334e-07
1.67855e-07
-5.13073e-07
1.60489e-07
-2.19486e-07
1.13676e-07
-1.91401e-07
5.78367e-08
-1.00727e-07
-6.17012e-10
-1.05202e-07
-1.02283e-07
-3.30549e-09
1.905e-08
-2.54218e-07
-3.75855e-08
-5.98769e-08
1.08449e-08
-6.36518e-08
1.11273e-07
-2.61605e-07
3.37513e-08
-4.64835e-07
-2.62853e-06
8.11952e-07
1.32737e-06
1.16538e-06
1.59056e-06
1.42741e-06
1.35596e-06
1.46698e-06
8.61634e-07
1.44709e-06
1.5053e-07
1.39817e-06
-3.91964e-07
1.00655e-06
-3.03384e-07
4.33323e-07
-1.58109e-07
1.49162e-07
-2.28912e-07
6.37864e-08
-1.3411e-07
1.34947e-07
-2.62562e-07
2.28311e-08
1.13884e-08
1.0961e-07
-1.91981e-07
8.4908e-08
2.13967e-08
5.0108e-08
-2.19418e-07
1.69296e-08
-2.66985e-08
3.13894e-08
-7.81116e-08
5.55349e-08
-2.8575e-07
-3.07862e-08
-3.78514e-07
-2.65932e-06
9.52641e-07
3.74731e-07
1.49423e-06
1.04896e-06
1.69561e-06
1.15458e-06
1.64326e-06
9.13982e-07
1.56025e-06
2.33542e-07
1.38469e-06
-2.16404e-07
1.33541e-06
-2.54108e-07
1.23985e-06
-6.25432e-08
1.12203e-06
-1.11091e-07
9.70066e-07
1.78491e-08
8.45808e-07
-1.38304e-07
7.72363e-07
8.48328e-08
5.91755e-07
-1.13723e-08
4.60916e-07
1.52235e-07
5.48341e-09
2.36015e-07
-3.40903e-07
3.19688e-07
-2.05617e-07
-2.13398e-07
-1.37864e-07
-3.53503e-07
2.31214e-08
-5.395e-07
-2.6362e-06
6.20742e-07
-2.46011e-07
1.22578e-06
4.43931e-07
1.38046e-06
9.99893e-07
1.40044e-06
8.94007e-07
1.1632e-06
4.7078e-07
7.87176e-07
1.59621e-07
4.16906e-07
1.16162e-07
3.09299e-07
4.5064e-08
1.13446e-07
8.47613e-08
5.19642e-08
7.93312e-08
-1.30914e-07
4.45742e-08
-1.34423e-07
8.83424e-08
-1.43629e-07
-2.16609e-09
-1.8909e-07
1.97696e-07
5.55855e-08
-8.66078e-09
1.67789e-07
2.07484e-07
1.53221e-07
-1.9883e-07
-1.78693e-07
-2.15881e-08
-7.39643e-08
-6.44229e-07
-2.71016e-06
3.41436e-07
-5.87446e-07
6.24067e-07
1.61299e-07
8.67578e-07
7.56382e-07
1.14496e-06
6.16628e-07
1.09929e-06
5.16446e-07
1.05317e-06
2.05738e-07
9.01108e-07
2.68229e-07
8.05765e-07
1.40407e-07
6.74762e-07
2.15764e-07
5.7278e-07
1.81313e-07
5.07e-07
1.10354e-07
3.45747e-07
2.49595e-07
3.58451e-07
-1.48695e-08
2.93094e-07
2.63053e-07
1.99867e-07
8.45665e-08
3.74967e-07
3.23839e-08
4.35866e-07
-2.59728e-07
1.11816e-07
3.02462e-07
8.60461e-08
-6.1846e-07
-2.62412e-06
-9.97162e-08
-4.8773e-07
-3.42145e-07
4.03728e-07
-5.83171e-08
4.72554e-07
1.07553e-07
4.50759e-07
1.48439e-07
4.7556e-07
1.0517e-07
2.49007e-07
1.29005e-07
2.44393e-07
6.24487e-08
2.06964e-07
1.08168e-07
1.70045e-07
9.84701e-08
1.91011e-07
5.74116e-08
1.51413e-07
1.63804e-07
1.43202e-07
-4.01727e-09
1.52952e-07
4.94252e-08
2.0961e-07
-5.66196e-09
1.39654e-07
-3.11581e-07
3.38303e-07
5.56068e-08
-6.26916e-07
2.57977e-07
1.00092e-07
4.17468e-08
-4.0223e-07
-2.58237e-06
-1.3009e-07
-3.5764e-07
1.55138e-07
1.185e-07
3.03969e-07
3.23723e-07
4.05472e-07
3.49256e-07
5.69157e-07
3.11874e-07
6.06807e-07
2.11357e-07
6.58116e-07
1.93085e-07
6.81496e-07
1.83583e-07
7.0004e-07
1.51501e-07
7.38207e-07
1.52844e-07
7.07516e-07
1.82104e-07
6.9427e-07
1.56449e-07
7.32917e-07
1.14305e-07
6.03043e-07
3.39485e-07
7.87698e-07
-4.50014e-08
7.47833e-07
3.78168e-07
4.44012e-07
-3.23095e-07
2.97761e-07
2.46344e-07
2.75857e-07
-3.80327e-07
-2.30651e-06
-7.2864e-07
3.71001e-07
-8.32561e-07
2.2242e-07
-7.70176e-07
2.61338e-07
-6.61611e-07
2.40691e-07
-5.4584e-07
1.96103e-07
-4.85816e-07
1.51333e-07
-4.70118e-07
1.77387e-07
-4.27903e-07
1.41369e-07
-4.04298e-07
1.27896e-07
-3.71459e-07
1.20005e-07
-3.01204e-07
1.11849e-07
-2.55271e-07
1.10515e-07
-2.00851e-07
5.9885e-08
-4.15762e-08
1.8021e-07
-1.82136e-07
9.5558e-08
9.26629e-08
1.03369e-07
-2.15326e-07
-1.51066e-08
8.73645e-08
-5.63466e-08
7.35066e-07
-1.02803e-06
-1.57145e-06
3.71001e-07
5.93421e-07
8.54759e-07
1.09545e-06
1.29155e-06
1.44289e-06
1.62027e-06
1.76164e-06
1.88954e-06
2.00954e-06
2.12139e-06
2.23191e-06
2.29179e-06
2.472e-06
2.56756e-06
2.67093e-06
2.65582e-06
2.59948e-06
1.57145e-06
)
;

boundaryField
{
    movingWall
    {
        type            calculated;
        value           uniform 0;
    }
    fixedWalls
    {
        type            calculated;
        value           uniform 0;
    }
    frontAndBack
    {
        type            empty;
        value           nonuniform 0();
    }
}


// ************************************************************************* //
