/*--------------------------------*- C++ -*----------------------------------*\
| =========                 |                                                 |
| \\      /  F ield         | OpenFOAM: The Open Source CFD Toolbox           |
|  \\    /   O peration     | Version:  5.x                                   |
|   \\  /    A nd           | Web:      www.OpenFOAM.org                      |
|    \\/     M anipulation  |                                                 |
\*---------------------------------------------------------------------------*/
FoamFile
{
    version     2.0;
    format      ascii;
    class       volScalarField;
    location    "1.6";
    object      p;
}
// * * * * * * * * * * * * * * * * * * * * * * * * * * * * * * * * * * * * * //

dimensions      [0 2 -2 0 0 0 0];

internalField   nonuniform List<scalar> 
400
(
7.55239e-11
1.99974e-07
6.20945e-07
1.26278e-06
2.12774e-06
3.21634e-06
4.52622e-06
6.05038e-06
7.77541e-06
9.67981e-06
1.17324e-05
1.38911e-05
1.61013e-05
1.82977e-05
2.04047e-05
2.23399e-05
2.4018e-05
2.53574e-05
2.62877e-05
2.67518e-05
-2.19402e-07
-2.04761e-08
3.99402e-07
1.04068e-06
1.90669e-06
2.99926e-06
4.31745e-06
5.85572e-06
7.60207e-06
9.53624e-06
1.16279e-05
1.38359e-05
1.61059e-05
1.83699e-05
2.05498e-05
2.25595e-05
2.43086e-05
2.57092e-05
2.66848e-05
2.71723e-05
-6.8603e-07
-4.88911e-07
-7.09711e-08
5.6966e-07
1.43853e-06
2.5401e-06
3.87638e-06
5.44485e-06
7.23645e-06
9.23356e-06
1.1408e-05
1.37193e-05
1.61131e-05
1.85187e-05
2.08529e-05
2.30212e-05
2.49221e-05
2.64544e-05
2.75279e-05
2.80662e-05
-1.39568e-06
-1.20208e-06
-7.88612e-07
-1.5112e-07
7.19441e-07
1.83173e-06
3.19235e-06
4.80352e-06
6.66087e-06
8.75097e-06
1.1049e-05
1.35171e-05
1.61011e-05
1.8727e-05
2.13034e-05
2.37234e-05
2.58682e-05
2.76146e-05
2.88487e-05
2.94713e-05
-2.34981e-06
-2.16283e-06
-1.75893e-06
-1.13062e-06
-2.6379e-07
8.56211e-07
2.24253e-06
3.90418e-06
5.84345e-06
8.05323e-06
1.05142e-05
1.31921e-05
1.60358e-05
1.89674e-05
2.18861e-05
2.4668e-05
2.71696e-05
2.92346e-05
3.07121e-05
3.14643e-05
-3.54811e-06
-3.37285e-06
-2.98734e-06
-2.37936e-06
-1.52779e-06
-4.09786e-07
9.96647e-07
2.70962e-06
4.74051e-06
7.09097e-06
9.74974e-06
1.26893e-05
1.58644e-05
1.91956e-05
2.25723e-05
2.585e-05
2.88521e-05
3.13753e-05
3.32109e-05
3.41594e-05
-4.98745e-06
-4.83191e-06
-4.47884e-06
-3.9094e-06
-3.09292e-06
-1.99567e-06
-5.84101e-07
1.17166e-06
3.29472e-06
5.7984e-06
8.68283e-06
1.19311e-05
1.55102e-05
1.93424e-05
2.3311e-05
2.72498e-05
3.09404e-05
3.41144e-05
3.64757e-05
3.77252e-05
-6.65947e-06
-6.53581e-06
-6.23653e-06
-5.73343e-06
-4.98289e-06
-3.93692e-06
-2.5473e-06
-7.69545e-07
1.43405e-06
4.09149e-06
7.21798e-06
1.08122e-05
1.48642e-05
1.93032e-05
2.40152e-05
2.88183e-05
3.34458e-05
3.75441e-05
4.06831e-05
4.24123e-05
-8.54709e-06
-8.47377e-06
-8.25989e-06
-7.86388e-06
-7.22446e-06
-6.27518e-06
-4.94967e-06
-3.18589e-06
-9.2892e-07
1.86679e-06
5.23456e-06
9.19255e-06
1.37763e-05
1.89236e-05
2.45417e-05
3.04507e-05
3.63432e-05
4.17595e-05
4.6064e-05
4.85997e-05
-1.06195e-05
-1.06251e-05
-1.05428e-05
-1.03121e-05
-9.84749e-06
-9.05865e-06
-7.85737e-06
-6.16152e-06
-3.89688e-06
-9.98005e-07
2.58832e-06
6.88511e-06
1.20477e-05
1.79822e-05
2.4663e-05
3.1948e-05
3.95227e-05
4.68273e-05
5.29004e-05
5.6877e-05
-1.28214e-05
-1.29542e-05
-1.30715e-05
-1.30884e-05
-1.28858e-05
-1.2343e-05
-1.13466e-05
-9.79257e-06
-7.587e-06
-4.6418e-06
-8.67082e-07
3.85005e-06
9.44136e-06
1.61703e-05
2.40288e-05
3.29561e-05
4.27039e-05
5.27075e-05
6.14842e-05
6.81822e-05
-1.50703e-05
-1.54103e-05
-1.5825e-05
-1.62037e-05
-1.63794e-05
-1.61937e-05
-1.55044e-05
-1.41866e-05
-1.21304e-05
-9.23402e-06
-5.39403e-06
-4.98268e-07
5.56828e-06
1.30609e-05
2.21197e-05
3.28771e-05
4.52969e-05
5.90577e-05
7.1965e-05
8.40099e-05
-1.7145e-05
-1.7925e-05
-1.87651e-05
-1.96761e-05
-2.03818e-05
-2.0691e-05
-2.04311e-05
-1.94591e-05
-1.76567e-05
-1.492e-05
-1.11441e-05
-6.21666e-06
-4.59067e-08
8.06472e-06
1.81676e-05
3.07355e-05
4.6179e-05
6.49011e-05
8.38219e-05
0.000106614
-1.91644e-05
-2.03969e-05
-2.18461e-05
-2.35094e-05
-2.49524e-05
-2.59296e-05
-2.62421e-05
-2.57332e-05
-2.4289e-05
-2.18199e-05
-1.8223e-05
-1.32891e-05
-6.65721e-06
1.75532e-06
1.21927e-05
2.58016e-05
4.3685e-05
6.80939e-05
9.44316e-05
0.000138616
-1.93818e-05
-2.34896e-05
-2.49421e-05
-2.80342e-05
-3.03136e-05
-3.21117e-05
-3.31095e-05
-3.31574e-05
-3.21545e-05
-3.00647e-05
-2.69033e-05
-2.26779e-05
-1.7303e-05
-1.06772e-05
-1.97135e-06
1.11902e-05
3.00041e-05
6.25172e-05
9.2294e-05
0.000176128
-2.00467e-05
-2.1317e-05
-2.70458e-05
-3.05251e-05
-3.51466e-05
-3.85934e-05
-4.08891e-05
-4.17633e-05
-4.12733e-05
-3.95168e-05
-3.66194e-05
-3.2608e-05
-2.75176e-05
-2.09642e-05
-1.12688e-05
3.06556e-06
1.93174e-05
5.19628e-05
6.4066e-05
0.000193288
-1.51943e-05
-3.58276e-05
-3.34069e-05
-4.54868e-05
-4.76471e-05
-5.10545e-05
-5.27087e-05
-5.32032e-05
-5.2596e-05
-5.0967e-05
-4.86891e-05
-4.5877e-05
-4.31943e-05
-4.11058e-05
-3.94732e-05
-4.05997e-05
-4.76145e-05
-1.05638e-05
-6.40492e-05
0.000159683
-1.34611e-05
-1.94819e-05
-2.83542e-05
-3.26066e-05
-4.41172e-05
-5.11562e-05
-5.69582e-05
-6.02605e-05
-6.14338e-05
-6.04994e-05
-5.85877e-05
-5.55861e-05
-5.33371e-05
-5.212e-05
-5.32899e-05
-5.7474e-05
-8.33476e-05
-3.75431e-05
-0.000128494
0.000130338
2.29209e-05
-5.36675e-05
-4.76479e-05
-7.64699e-05
-7.60672e-05
-8.42757e-05
-8.56372e-05
-8.51049e-05
-8.34093e-05
-7.93919e-05
-7.67808e-05
-7.21717e-05
-6.97498e-05
-7.50452e-05
-7.88648e-05
-0.000103842
-0.000174189
-0.000175964
-0.000183155
0.000175918
-7.45095e-05
-1.78187e-05
-1.63178e-05
-4.61643e-05
-6.40291e-05
-7.39388e-05
-8.05513e-05
-8.33613e-05
-8.53969e-05
-8.06133e-05
-8.05876e-05
-7.19253e-05
-7.38936e-05
-7.25572e-05
-8.29162e-05
-0.000100451
-0.000101568
-2.26769e-05
0.000312061
0.00106792
)
;

boundaryField
{
    movingWall
    {
        type            zeroGradient;
    }
    fixedWalls
    {
        type            zeroGradient;
    }
    frontAndBack
    {
        type            empty;
    }
}


// ************************************************************************* //
