/*--------------------------------*- C++ -*----------------------------------*\
| =========                 |                                                 |
| \\      /  F ield         | OpenFOAM: The Open Source CFD Toolbox           |
|  \\    /   O peration     | Version:  5.x                                   |
|   \\  /    A nd           | Web:      www.OpenFOAM.org                      |
|    \\/     M anipulation  |                                                 |
\*---------------------------------------------------------------------------*/
FoamFile
{
    version     2.0;
    format      ascii;
    class       surfaceScalarField;
    location    "1.6";
    object      phi;
}
// * * * * * * * * * * * * * * * * * * * * * * * * * * * * * * * * * * * * * //

dimensions      [0 3 -1 0 0 0 0];

internalField   nonuniform List<scalar> 
760
(
-5.41064e-09
5.41063e-09
-1.08573e-08
5.44667e-09
-1.60892e-08
5.23189e-09
-2.09999e-08
4.91072e-09
-2.5487e-08
4.48707e-09
-2.94524e-08
3.96541e-09
-3.28034e-08
3.35102e-09
-3.54535e-08
2.65014e-09
-3.73237e-08
1.87018e-09
-3.8344e-08
1.02028e-09
-3.84575e-08
1.13483e-10
-3.76107e-08
-8.46768e-10
-3.57838e-08
-1.8269e-09
-3.2976e-08
-2.80785e-09
-2.92164e-08
-3.75957e-09
-2.45701e-08
-4.64635e-09
-1.91422e-08
-5.42786e-09
-1.30802e-08
-6.06196e-09
-6.57281e-09
-6.50742e-09
-6.57281e-09
-5.66345e-09
1.10741e-08
-1.13633e-08
1.11466e-08
-1.68391e-08
1.07077e-08
-2.198e-08
1.00516e-08
-2.66794e-08
9.18655e-09
-3.08359e-08
8.12189e-09
-3.43534e-08
6.86851e-09
-3.71423e-08
5.439e-09
-3.91202e-08
3.84815e-09
-4.02142e-08
2.11422e-09
-4.03655e-08
2.648e-10
-3.95117e-08
-1.70056e-09
-3.76289e-08
-3.70972e-09
-3.47136e-08
-5.72315e-09
-3.07907e-08
-7.68242e-09
-2.5923e-08
-9.51406e-09
-2.02171e-08
-1.11338e-08
-1.38267e-08
-1.24524e-08
-6.95265e-09
-1.33814e-08
-1.35255e-08
-5.88201e-09
1.69561e-08
-1.18043e-08
1.70689e-08
-1.74972e-08
1.64006e-08
-2.28479e-08
1.54022e-08
-2.77479e-08
1.40865e-08
-3.20938e-08
1.24678e-08
-3.57879e-08
1.05626e-08
-3.87383e-08
8.38938e-09
-4.08596e-08
5.9695e-09
-4.20743e-08
3.32888e-09
-4.23158e-08
5.06288e-10
-4.15152e-08
-2.50113e-09
-3.96362e-08
-5.58875e-09
-3.6663e-08
-8.69632e-09
-3.26089e-08
-1.17365e-08
-2.75271e-08
-1.45959e-08
-2.15202e-08
-1.71407e-08
-1.4747e-08
-1.92256e-08
-7.42531e-09
-2.07031e-08
-2.09508e-08
-6.21173e-09
2.31678e-08
-1.24695e-08
2.33266e-08
-1.84899e-08
2.2421e-08
-2.4157e-08
2.10693e-08
-2.93597e-08
1.92892e-08
-3.39923e-08
1.71004e-08
-3.79547e-08
1.4525e-08
-4.11521e-08
1.15868e-08
-4.3495e-08
8.31245e-09
-4.48996e-08
4.73342e-09
-4.52896e-08
8.96272e-10
-4.45839e-08
-3.20684e-09
-4.27258e-08
-7.44678e-09
-3.96803e-08
-1.17418e-08
-3.54404e-08
-1.59764e-08
-3.00411e-08
-1.99952e-08
-2.35751e-08
-2.36067e-08
-1.62061e-08
-2.65946e-08
-8.17787e-09
-2.87314e-08
-2.91286e-08
-6.65816e-09
2.9826e-08
-1.33699e-08
3.00383e-08
-1.9833e-08
2.88842e-08
-2.59275e-08
2.71638e-08
-3.15388e-08
2.49005e-08
-3.65586e-08
2.21202e-08
-4.08845e-08
1.88509e-08
-4.44191e-08
1.51214e-08
-4.70684e-08
1.09618e-08
-4.87414e-08
6.40642e-09
-4.93499e-08
1.50473e-09
-4.87967e-08
-3.75999e-09
-4.69964e-08
-9.24716e-09
-4.38837e-08
-1.48545e-08
-3.94193e-08
-2.04408e-08
-3.36064e-08
-2.58081e-08
-2.65161e-08
-3.0697e-08
-1.83119e-08
-3.47988e-08
-9.27123e-09
-3.7772e-08
-3.83999e-08
-7.22648e-09
3.70525e-08
-1.45158e-08
3.73276e-08
-2.15413e-08
3.59098e-08
-2.81775e-08
3.38e-08
-3.43061e-08
3.1029e-08
-3.98162e-08
2.76304e-08
-4.46042e-08
2.36388e-08
-4.85708e-08
1.9088e-08
-5.16191e-08
1.40101e-08
-5.36511e-08
8.43839e-09
-5.45657e-08
2.41932e-09
-5.42474e-08
-4.07825e-09
-5.25716e-08
-1.0923e-08
-4.94301e-08
-1.7996e-08
-4.47323e-08
-2.51386e-08
-3.84288e-08
-3.21117e-08
-3.05462e-08
-3.85796e-08
-2.12328e-08
-4.41121e-08
-1.08043e-08
-4.82005e-08
-4.92042e-08
-7.92359e-09
4.4976e-08
-1.59207e-08
4.53247e-08
-2.36338e-08
4.36228e-08
-3.09304e-08
4.10967e-08
-3.76878e-08
3.77864e-08
-4.37935e-08
3.37361e-08
-4.91441e-08
2.89894e-08
-5.36417e-08
2.35856e-08
-5.7189e-08
1.75574e-08
-5.96839e-08
1.09333e-08
-6.10134e-08
3.74883e-09
-6.10449e-08
-4.04672e-09
-5.96037e-08
-1.23641e-08
-5.65231e-08
-2.10766e-08
-5.16347e-08
-3.00271e-08
-4.48025e-08
-3.89439e-08
-3.59696e-08
-4.74124e-08
-2.52327e-08
-5.48491e-08
-1.29407e-08
-6.04925e-08
-6.21448e-08
-8.75851e-09
5.37346e-08
-1.76026e-08
5.41688e-08
-2.61354e-08
5.21556e-08
-3.42159e-08
4.91772e-08
-4.1716e-08
4.52865e-08
-4.85229e-08
4.0543e-08
-5.45365e-08
3.50031e-08
-5.96649e-08
2.8714e-08
-6.38163e-08
2.17089e-08
-6.68905e-08
1.40074e-08
-6.87676e-08
5.62602e-09
-6.93041e-08
-3.51028e-09
-6.82656e-08
-1.34026e-08
-6.5412e-08
-2.39302e-08
-6.04629e-08
-3.49762e-08
-5.31408e-08
-4.62659e-08
-4.32392e-08
-5.7314e-08
-3.07265e-08
-6.73618e-08
-1.59588e-08
-7.52602e-08
-7.81037e-08
-9.74273e-09
6.34773e-08
-1.95841e-08
6.40102e-08
-2.90785e-08
6.165e-08
-3.80722e-08
5.81709e-08
-4.64307e-08
5.3645e-08
-5.4042e-08
4.81543e-08
-6.08143e-08
4.17754e-08
-6.66689e-08
3.45685e-08
-7.1529e-08
2.6569e-08
-7.53067e-08
1.77851e-08
-7.7886e-08
8.20524e-09
-7.91287e-08
-2.26753e-09
-7.87345e-08
-1.37968e-08
-7.63825e-08
-2.62822e-08
-7.16418e-08
-3.97169e-08
-6.4015e-08
-5.38927e-08
-5.30304e-08
-6.82986e-08
-3.83789e-08
-8.20133e-08
-2.03537e-08
-9.32854e-08
-9.84574e-08
-1.08903e-08
7.43676e-08
-2.18947e-08
7.50145e-08
-3.25061e-08
7.22614e-08
-4.25503e-08
6.82151e-08
-5.18833e-08
6.2978e-08
-6.03958e-08
5.66668e-08
-6.80107e-08
4.93902e-08
-7.4673e-08
4.12309e-08
-8.03356e-08
3.22316e-08
-8.49393e-08
2.23889e-08
-8.83875e-08
1.16534e-08
-9.05836e-08
-7.14642e-11
-9.1161e-08
-1.32193e-08
-8.97304e-08
-2.77129e-08
-8.56783e-08
-4.3769e-08
-7.81951e-08
-6.13759e-08
-6.63523e-08
-8.01414e-08
-4.92751e-08
-9.90905e-08
-2.70437e-08
-1.15517e-07
-1.25501e-07
-1.22108e-08
8.65784e-08
-2.45686e-08
8.73723e-08
-3.64755e-08
8.41682e-08
-4.77203e-08
7.94599e-08
-5.81444e-08
7.34022e-08
-6.76423e-08
6.61647e-08
-7.6161e-08
5.7909e-08
-8.36848e-08
4.87546e-08
-9.02155e-08
3.87623e-08
-9.57496e-08
2.7923e-08
-1.00249e-07
1.61523e-08
-1.03628e-07
3.30813e-09
-1.05614e-07
-1.12335e-08
-1.05705e-07
-2.76214e-08
-1.03121e-07
-4.63536e-08
-9.66648e-08
-6.78319e-08
-8.47024e-08
-9.21039e-08
-6.52215e-08
-1.18571e-07
-3.78108e-08
-1.42928e-07
-1.63312e-07
-1.3732e-08
1.0031e-07
-2.766e-08
1.013e-07
-4.10721e-08
9.75803e-08
-5.36848e-08
9.20726e-08
-6.53156e-08
8.5033e-08
-7.58625e-08
7.67116e-08
-8.53097e-08
6.73562e-08
-9.36997e-08
5.71446e-08
-1.0111e-07
4.61727e-08
-1.07625e-07
3.44382e-08
-1.13306e-07
2.18333e-08
-1.18123e-07
8.12455e-09
-1.22e-07
-7.3562e-09
-1.24402e-07
-2.52193e-08
-1.24451e-07
-4.63045e-08
-1.20577e-07
-7.17061e-08
-1.10209e-07
-1.02472e-07
-8.92382e-08
-1.39542e-07
-5.62606e-08
-1.75905e-07
-2.19573e-07
-1.51975e-08
1.15508e-07
-3.11687e-08
1.17271e-07
-4.63856e-08
1.12797e-07
-6.0595e-08
1.06282e-07
-7.35523e-08
9.79903e-08
-8.51799e-08
8.83391e-08
-9.55209e-08
7.76972e-08
-1.04704e-07
6.63281e-08
-1.12915e-07
5.43833e-08
-1.20357e-07
4.18801e-08
-1.27228e-07
2.87048e-08
-1.33638e-07
1.45338e-08
-1.39998e-07
-9.95928e-10
-1.456e-07
-1.96175e-08
-1.49861e-07
-4.20433e-08
-1.51047e-07
-7.052e-08
-1.4565e-07
-1.0787e-07
-1.25907e-07
-1.59284e-07
-8.99931e-08
-2.11819e-07
-3.09566e-07
-1.77755e-08
1.33283e-07
-3.55869e-08
1.35083e-07
-5.27325e-08
1.29943e-07
-6.87009e-08
1.2225e-07
-8.30867e-08
1.12376e-07
-9.57757e-08
1.01028e-07
-1.06896e-07
8.8818e-08
-1.16697e-07
7.61284e-08
-1.25506e-07
6.3193e-08
-1.3371e-07
5.0084e-08
-1.41792e-07
3.67866e-08
-1.5023e-07
2.29717e-08
-1.58683e-07
7.45671e-09
-1.68174e-07
-1.01264e-08
-1.78505e-07
-3.17123e-08
-1.8814e-07
-6.08851e-08
-1.94072e-07
-1.01937e-07
-1.82544e-07
-1.70812e-07
-1.54802e-07
-2.39561e-07
-4.64368e-07
-1.41764e-08
1.4746e-07
-3.96438e-08
1.6055e-07
-5.96456e-08
1.49945e-07
-7.8512e-08
1.41117e-07
-9.44102e-08
1.28274e-07
-1.08006e-07
1.14624e-07
-1.19632e-07
1.00444e-07
-1.29703e-07
8.6199e-08
-1.38688e-07
7.21781e-08
-1.47063e-07
5.84589e-08
-1.55267e-07
4.49909e-08
-1.64015e-07
3.17197e-08
-1.75143e-07
1.85846e-08
-1.90127e-07
4.85758e-09
-2.08862e-07
-1.29772e-08
-2.31511e-07
-3.82366e-08
-2.60373e-07
-7.30753e-08
-2.67751e-07
-1.63433e-07
-2.70481e-07
-2.36832e-07
-7.34849e-07
-3.30042e-08
1.80464e-07
-4.64662e-08
1.74012e-07
-6.9496e-08
1.72974e-07
-8.87567e-08
1.60377e-07
-1.06637e-07
1.46155e-07
-1.21482e-07
1.29469e-07
-1.33686e-07
1.12648e-07
-1.43777e-07
9.62899e-08
-1.52619e-07
8.10196e-08
-1.6118e-07
6.70203e-08
-1.70776e-07
5.45871e-08
-1.82282e-07
4.32248e-08
-1.97159e-07
3.34626e-08
-2.16058e-07
2.3756e-08
-2.42656e-07
1.36206e-08
-2.77785e-07
-3.1069e-09
-3.29311e-07
-2.15498e-08
-3.67558e-07
-1.25186e-07
-3.89343e-07
-2.15047e-07
-1.12419e-06
6.05374e-10
1.79859e-07
-5.79405e-08
2.32558e-07
-8.74174e-08
2.02451e-07
-1.12446e-07
1.85406e-07
-1.29522e-07
1.63231e-07
-1.42503e-07
1.4245e-07
-1.52168e-07
1.22313e-07
-1.59888e-07
1.0401e-07
-1.66576e-07
8.77077e-08
-1.72385e-07
7.2829e-08
-1.78412e-07
6.06141e-08
-1.84488e-07
4.93012e-08
-1.941e-07
4.30741e-08
-2.09884e-07
3.95398e-08
-2.40655e-07
4.43922e-08
-2.93854e-07
5.00919e-08
-3.92431e-07
7.70271e-08
-4.48629e-07
-6.89882e-08
-3.8411e-07
-2.79566e-07
-1.5083e-06
3.88342e-08
1.41024e-07
4.17315e-09
2.67219e-07
-2.92511e-08
2.35876e-07
-8.17e-08
2.37855e-07
-1.13882e-07
1.95413e-07
-1.39268e-07
1.67836e-07
-1.568e-07
1.39846e-07
-1.69094e-07
1.16304e-07
-1.78507e-07
9.71208e-08
-1.85482e-07
7.98042e-08
-1.94521e-07
6.96524e-08
-2.03121e-07
5.79016e-08
-2.20175e-07
6.01277e-08
-2.41931e-07
6.1296e-08
-2.84643e-07
8.71039e-08
-3.35404e-07
1.00854e-07
-3.92134e-07
1.33757e-07
-3.8914e-07
-7.19824e-08
-1.07327e-07
-5.61379e-07
-1.61563e-06
-4.15969e-07
5.56994e-07
-4.39532e-07
2.90782e-07
-4.57447e-07
2.53791e-07
-4.17175e-07
1.97582e-07
-3.86201e-07
1.6444e-07
-3.51152e-07
1.32786e-07
-3.19448e-07
1.08142e-07
-2.90547e-07
8.7403e-08
-2.67697e-07
7.42706e-08
-2.44729e-07
5.68362e-08
-2.29212e-07
5.41355e-08
-2.07812e-07
3.65016e-08
-1.89282e-07
4.15972e-08
-1.6689e-07
3.89048e-08
-1.08183e-07
2.8397e-08
-7.20161e-08
6.46863e-08
8.72009e-08
-2.546e-08
1.59702e-07
-1.44484e-07
2.76268e-07
-6.77945e-07
-1.33936e-06
5.56994e-07
8.47776e-07
1.10157e-06
1.29915e-06
1.46359e-06
1.59637e-06
1.70452e-06
1.79192e-06
1.86619e-06
1.92303e-06
1.97716e-06
2.01366e-06
2.05526e-06
2.09417e-06
2.12256e-06
2.18725e-06
2.16179e-06
2.01731e-06
1.33936e-06
)
;

boundaryField
{
    movingWall
    {
        type            calculated;
        value           uniform 0;
    }
    fixedWalls
    {
        type            calculated;
        value           uniform 0;
    }
    frontAndBack
    {
        type            empty;
        value           nonuniform 0();
    }
}


// ************************************************************************* //
