/*--------------------------------*- C++ -*----------------------------------*\
| =========                 |                                                 |
| \\      /  F ield         | OpenFOAM: The Open Source CFD Toolbox           |
|  \\    /   O peration     | Version:  5.x                                   |
|   \\  /    A nd           | Web:      www.OpenFOAM.org                      |
|    \\/     M anipulation  |                                                 |
\*---------------------------------------------------------------------------*/
FoamFile
{
    version     2.0;
    format      ascii;
    class       volVectorField;
    location    "1.6";
    object      U;
}
// * * * * * * * * * * * * * * * * * * * * * * * * * * * * * * * * * * * * * //

dimensions      [0 1 -1 0 0 0 0];

internalField   nonuniform List<vector> 
400
(
(-5.41314e-05 5.37027e-05 0)
(-0.000163018 5.40622e-05 0)
(-0.000270216 5.19334e-05 0)
(-0.000371896 4.8749e-05 0)
(-0.000466121 4.45467e-05 0)
(-0.000550863 3.93698e-05 0)
(-0.000624217 3.32702e-05 0)
(-0.00068439 2.63094e-05 0)
(-0.000729725 1.85614e-05 0)
(-0.000758732 1.01169e-05 0)
(-0.000770147 1.09081e-06 0)
(-0.000762849 -8.4045e-06 0)
(-0.000736098 -1.81444e-05 0)
(-0.000689688 -2.78777e-05 0)
(-0.000623888 -3.73114e-05 0)
(-0.00053963 -4.60928e-05 0)
(-0.000438607 -5.38238e-05 0)
(-0.000323378 -6.00904e-05 0)
(-0.000197062 -6.44892e-05 0)
(-6.57668e-05 -6.51285e-05 0)
(-5.66625e-05 0.000164208 0)
(-0.00017063 0.000165288 0)
(-0.000282825 0.000158781 0)
(-0.00038926 0.000149051 0)
(-0.000487923 0.000136216 0)
(-0.00057671 0.000120411 0)
(-0.000653648 0.000101795 0)
(-0.000716879 8.05556e-05 0)
(-0.000764685 5.69127e-05 0)
(-0.00079551 3.11338e-05 0)
(-0.000808052 3.55435e-06 0)
(-0.000801073 -2.54122e-05 0)
(-0.000773696 -5.51764e-05 0)
(-0.00072566 -8.49951e-05 0)
(-0.000657157 -0.00011396 0)
(-0.000569051 -0.000140981 0)
(-0.000463022 -0.000164825 0)
(-0.000341706 -0.000184196 0)
(-0.000208383 -0.00019782 0)
(-6.95719e-05 -0.000199881 0)
(-5.88497e-05 0.000279668 0)
(-0.000177241 0.000281511 0)
(-0.000293851 0.000270474 0)
(-0.000404563 0.000253974 0)
(-0.000507334 0.000232218 0)
(-0.000600023 0.000205438 0)
(-0.000680622 0.000173904 0)
(-0.000747236 0.000137925 0)
(-0.000798095 9.78573e-05 0)
(-0.000831569 5.413e-05 0)
(-0.000846233 7.27782e-06 0)
(-0.000840709 -4.1994e-05 0)
(-0.000813926 -9.2785e-05 0)
(-0.000765376 -0.00014387 0)
(-0.000695007 -0.000193701 0)
(-0.000603464 -0.000240405 0)
(-0.000492285 -0.000281822 0)
(-0.000364112 -0.000315632 0)
(-0.000222406 -0.000339515 0)
(-7.43097e-05 -0.000343377 0)
(-6.21499e-05 0.000400301 0)
(-0.000187215 0.000403005 0)
(-0.000310484 0.00038732 0)
(-0.000427646 0.000363888 0)
(-0.000536615 0.000333008 0)
(-0.000635199 0.000295013 0)
(-0.000721347 0.000250282 0)
(-0.000793115 0.000199235 0)
(-0.000848665 0.000142345 0)
(-0.000886264 8.01687e-05 0)
(-0.000904334 1.3394e-05 0)
(-0.000901277 -5.70869e-05 0)
(-0.000875692 -0.000130084 0)
(-0.000826674 -0.000203923 0)
(-0.00075377 -0.00027643 0)
(-0.00065723 -0.000344896 0)
(-0.000538293 -0.000406094 0)
(-0.000399547 -0.000456453 0)
(-0.000244689 -0.000492287 0)
(-8.18589e-05 -0.000498629 0)
(-6.66197e-05 0.000528701 0)
(-0.000200723 0.000532402 0)
(-0.000333001 0.000511883 0)
(-0.000458878 0.000481261 0)
(-0.000576213 0.000440936 0)
(-0.000682754 0.000391354 0)
(-0.000776405 0.000333003 0)
(-0.000855176 0.000266406 0)
(-0.000917164 0.000192122 0)
(-0.000960523 0.000110781 0)
(-0.00098349 2.31495e-05 0)
(-0.00098419 -6.97718e-05 0)
(-0.000960766 -0.000166628 0)
(-0.000911727 -0.000265388 0)
(-0.000835986 -0.000363289 0)
(-0.000733135 -0.000456719 0)
(-0.000603852 -0.000541196 0)
(-0.000450492 -0.000611531 0)
(-0.000276964 -0.00066214 0)
(-9.28418e-05 -0.000672192 0)
(-7.23122e-05 0.00066722 0)
(-0.000217924 0.000672089 0)
(-0.000361661 0.000646482 0)
(-0.000498595 0.000608321 0)
(-0.000626526 0.000558126 0)
(-0.000743136 0.000496479 0)
(-0.000846299 0.00042399 0)
(-0.000934 0.000341275 0)
(-0.00100429 0.000248947 0)
(-0.00105524 0.000147643 0)
(-0.00108489 3.8107e-05 0)
(-0.00109106 -7.86852e-05 0)
(-0.00107131 -0.000201408 0)
(-0.00102334 -0.000327838 0)
(-0.000945109 -0.000454742 0)
(-0.000835146 -0.000577587 0)
(-0.000693121 -0.000690415 0)
(-0.000520759 -0.000785913 0)
(-0.000321995 -0.000855746 0)
(-0.00010828 -0.000871674 0)
(-7.92998e-05 0.000818354 0)
(-0.000239034 0.0008246 0)
(-0.000396806 0.000793564 0)
(-0.000547238 0.000747402 0)
(-0.00068806 0.000686791 0)
(-0.000816896 0.000612485 0)
(-0.000931615 0.000525248 0)
(-0.00103023 0.000425794 0)
(-0.0011108 0.000314757 0)
(-0.00117137 0.000192707 0)
(-0.00120982 6.02297e-05 0)
(-0.00122371 -8.19132e-05 0)
(-0.00120993 -0.000232709 0)
(-0.00116507 -0.000390032 0)
(-0.00108575 -0.000550461 0)
(-0.000968822 -0.00070867 0)
(-0.000812203 -0.000857022 0)
(-0.000616197 -0.000985446 0)
(-0.00038424 -0.0010815 0)
(-0.000129898 -0.00110727 0)
(-8.76788e-05 0.000984748 0)
(-0.00026434 0.000992615 0)
(-0.00043889 0.000955699 0)
(-0.000605375 0.00090093 0)
(-0.000761451 0.000829197 0)
(-0.000904689 0.000741497 0)
(-0.001033 0.000638805 0)
(-0.0011445 0.000521966 0)
(-0.00123739 0.000391619 0)
(-0.00130978 0.000248185 0)
(-0.00135951 9.19358e-05 0)
(-0.00138401 -7.68357e-05 0)
(-0.00137945 -0.00025784 0)
(-0.00134111 -0.000449502 0)
(-0.00126376 -0.000648768 0)
(-0.00114173 -0.000849971 0)
(-0.000969936 -0.0010438 0)
(-0.00074576 -0.00121675 0)
(-0.000471044 -0.00135011 0)
(-0.000160733 -0.00139335 0)
(-9.75758e-05 0.00116925 0)
(-0.000294218 0.00117901 0)
(-0.000488506 0.00113563 0)
(-0.000673749 0.00107145 0)
(-0.000847507 0.000987659 0)
(-0.0010073 0.000885628 0)
(-0.00115116 0.000766649 0)
(-0.00127743 0.000631772 0)
(-0.0013846 0.000481656 0)
(-0.00147107 0.000316505 0)
(-0.00153485 0.0001361 0)
(-0.0015735 -6.00054e-05 0)
(-0.00158261 -0.000272826 0)
(-0.00155602 -0.000502009 0)
(-0.00148624 -0.000745831 0)
(-0.00136389 -0.000999301 0)
(-0.00117904 -0.00125213 0)
(-0.000923246 -0.00148697 0)
(-0.000594946 -0.00167529 0)
(-0.000206489 -0.00175153 0)
(-0.000109157 0.00137488 0)
(-0.00032916 0.00138692 0)
(-0.000546446 0.00133631 0)
(-0.000753355 0.00126163 0)
(-0.00094729 0.00116453 0)
(-0.00112572 0.00104691 0)
(-0.00128688 0.000910612 0)
(-0.00142952 0.000757021 0)
(-0.00155269 0.000586892 0)
(-0.00165536 0.000400178 0)
(-0.00173605 0.000195987 0)
(-0.00179296 -2.7342e-05 0)
(-0.00182148 -0.00027212 0)
(-0.00181415 -0.00054087 0)
(-0.0017611 -0.000834513 0)
(-0.00164807 -0.00115061 0)
(-0.00145767 -0.00147992 0)
(-0.00117004 -0.00180262 0)
(-0.000778239 -0.00207415 0)
(-0.000278588 -0.0022164 0)
(-0.000122558 0.0016054 0)
(-0.000369703 0.00161998 0)
(-0.000613736 0.00156114 0)
(-0.000845555 0.0014744 0)
(-0.00106226 0.00136217 0)
(-0.00126125 0.00122722 0)
(-0.0014411 0.00107219 0)
(-0.00160119 0.000899102 0)
(-0.00174149 0.000708962 0)
(-0.00186202 0.000501522 0)
(-0.00196241 0.000275101 0)
(-0.00204165 2.64658e-05 0)
(-0.0020962 -0.000248334 0)
(-0.00211848 -0.000556224 0)
(-0.00209605 -0.000902821 0)
(-0.00200936 -0.0012914 0)
(-0.0018311 -0.00171806 0)
(-0.00151932 -0.00216641 0)
(-0.00106212 -0.00256594 0)
(-0.000401237 -0.00284677 0)
(-0.00013826 0.00186082 0)
(-0.000416894 0.00188179 0)
(-0.000691881 0.00181375 0)
(-0.000952353 0.001713 0)
(-0.00119451 0.00158301 0)
(-0.00141575 0.00142808 0)
(-0.00161505 0.00125227 0)
(-0.00179281 0.00105862 0)
(-0.00195033 0.000848679 0)
(-0.00208928 0.000622174 0)
(-0.00221117 0.000376767 0)
(-0.00231646 0.000107818 0)
(-0.00240427 -0.000191264 0)
(-0.00246875 -0.000534003 0)
(-0.00249639 -0.000931912 0)
(-0.00246343 -0.0013989 0)
(-0.00233251 -0.00194436 0)
(-0.00202149 -0.00256944 0)
(-0.00152505 -0.00316439 0)
(-0.000628437 -0.00374813 0)
(-0.000152624 0.00216499 0)
(-0.000467478 0.00217981 0)
(-0.000782251 0.00210043 0)
(-0.00107636 0.00198094 0)
(-0.00134724 0.00182923 0)
(-0.00159206 0.00165035 0)
(-0.00181062 0.00145073 0)
(-0.00200486 0.0012349 0)
(-0.00217801 0.00100535 0)
(-0.00233401 0.000762079 0)
(-0.00247685 0.000502124 0)
(-0.00260975 0.000218346 0)
(-0.00273813 -0.000101208 0)
(-0.00285928 -0.000465979 0)
(-0.00296115 -0.000901296 0)
(-0.0030221 -0.00143874 0)
(-0.00300063 -0.00211302 0)
(-0.002748 -0.0029769 0)
(-0.00231658 -0.0038485 0)
(-0.00108913 -0.00512006 0)
(-0.000185349 0.00240504 0)
(-0.000542529 0.00252722 0)
(-0.000890075 0.00242143 0)
(-0.0012237 0.00228784 0)
(-0.00152515 0.00210533 0)
(-0.00179434 0.00189539 0)
(-0.0020306 0.00166661 0)
(-0.0022383 0.00142564 0)
(-0.00242325 0.00117621 0)
(-0.00259263 0.000919188 0)
(-0.00275507 0.000652915 0)
(-0.00292006 0.000373643 0)
(-0.003089 7.17921e-05 0)
(-0.00326941 -0.000277516 0)
(-0.00346997 -0.00071988 0)
(-0.00367643 -0.001304 0)
(-0.00386709 -0.00210277 0)
(-0.00378179 -0.00330939 0)
(-0.00370209 -0.00448759 0)
(-0.00209461 -0.00731744 0)
(-9.56333e-05 0.00300891 0)
(-0.000515426 0.00280978 0)
(-0.0010225 0.00278993 0)
(-0.00139248 0.00258418 0)
(-0.00173985 0.002388 0)
(-0.00203088 0.0021491 0)
(-0.00228047 0.00189183 0)
(-0.00249537 0.00162413 0)
(-0.00268455 0.00135403 0)
(-0.00285731 0.0010839 0)
(-0.00302222 0.00081053 0)
(-0.00319043 0.00052285 0)
(-0.00338836 0.00020577 0)
(-0.00364921 -0.000172789 0)
(-0.0039848 -0.000639275 0)
(-0.00440229 -0.00125898 0)
(-0.0049881 -0.00211499 0)
(-0.00518471 -0.00355983 0)
(-0.00600282 -0.00493278 0)
(-0.00402336 -0.0110191 0)
(-0.00044054 0.00274936 0)
(-0.000840469 0.00386169 0)
(-0.00109676 0.00328564 0)
(-0.00162563 0.00323048 0)
(-0.00195916 0.00285412 0)
(-0.00229113 0.00251414 0)
(-0.00255602 0.00217038 0)
(-0.00277648 0.00184667 0)
(-0.00296383 0.00154554 0)
(-0.00313667 0.00126708 0)
(-0.0033172 0.00101417 0)
(-0.00352672 0.000783698 0)
(-0.00378778 0.000581033 0)
(-0.0041208 0.000395308 0)
(-0.00456851 0.000204549 0)
(-0.00517447 -9.08671e-05 0)
(-0.00614783 -0.000514812 0)
(-0.00662021 -0.00260014 0)
(-0.00898934 -0.00395253 0)
(-0.0052798 -0.017821 0)
(0.000289356 0.00464936 0)
(-0.000286977 0.0026889 0)
(-0.00182131 0.00342852 0)
(-0.00187608 0.00284561 0)
(-0.00248171 0.00275133 0)
(-0.00272169 0.00247244 0)
(-0.00295043 0.00220116 0)
(-0.0031208 0.00191381 0)
(-0.00326395 0.00163112 0)
(-0.0033879 0.00135848 0)
(-0.00350408 0.00111035 0)
(-0.00362135 0.000875517 0)
(-0.00377219 0.000677646 0)
(-0.00401508 0.000466933 0)
(-0.00444307 0.000256973 0)
(-0.0050519 -0.000106357 0)
(-0.00721605 -0.000554184 0)
(-0.00751715 -0.00286773 0)
(-0.012173 -0.00545976 0)
(-0.00125657 -0.0274706 0)
(0.00189478 0.00218636 0)
(-0.00031241 0.00724767 0)
(0.000464941 0.00503328 0)
(-0.00153027 0.00511658 0)
(-0.00188014 0.00417455 0)
(-0.00259673 0.00356801 0)
(-0.00297454 0.00295301 0)
(-0.00326946 0.00244268 0)
(-0.00347813 0.0020244 0)
(-0.00363901 0.0016667 0)
(-0.00379212 0.00141406 0)
(-0.00396165 0.0011883 0)
(-0.00420324 0.00114072 0)
(-0.00456457 0.00123531 0)
(-0.00519136 0.00166093 0)
(-0.00593952 0.00232528 0)
(-0.00821808 0.0039724 0)
(-0.00623011 0.00057055 0)
(-0.0112555 -0.00521079 0)
(0.00812986 -0.0335379 0)
(-0.012518 0.00415229 0)
(-0.00526371 0.00261696 0)
(-0.0113142 0.00381953 0)
(-0.00772518 0.00362306 0)
(-0.0084441 0.0030959 0)
(-0.00723616 0.00265506 0)
(-0.00669209 0.00225365 0)
(-0.00606243 0.00190486 0)
(-0.00557482 0.0016227 0)
(-0.00507041 0.0013319 0)
(-0.00479 0.00120681 0)
(-0.00425795 0.000972415 0)
(-0.00409582 0.00112012 0)
(-0.00341911 0.0010125 0)
(-0.00319478 0.00158818 0)
(-0.000898414 0.00132895 0)
(-0.00239353 0.000640636 0)
(0.00622148 -0.00422385 0)
(-0.000879281 -0.0196559 0)
(0.013897 -0.035966 0)
(0.00905506 0.0165356 0)
(0.0143345 0.00980625 0)
(0.0188752 0.00696037 0)
(0.0243393 0.00490893 0)
(0.0279419 0.00389824 0)
(0.0307746 0.00301858 0)
(0.033056 0.00234638 0)
(0.0351663 0.00179778 0)
(0.0364324 0.00149562 0)
(0.0384233 0.00106505 0)
(0.0381968 0.00105192 0)
(0.0413769 0.000591482 0)
(0.0385916 0.000621999 0)
(0.044369 0.000682073 0)
(0.0386154 -0.000353577 0)
(0.0465846 0.00150769 0)
(0.0392161 -0.0013073 0)
(0.045052 -0.000431738 0)
(0.0332312 -0.00374904 0)
(0.0258305 -0.0108923 0)
)
;

boundaryField
{
    movingWall
    {
        type            fixedValue;
        value           uniform (1 0 0);
    }
    fixedWalls
    {
        type            noSlip;
    }
    frontAndBack
    {
        type            empty;
    }
}


// ************************************************************************* //
