/*--------------------------------*- C++ -*----------------------------------*\
| =========                 |                                                 |
| \\      /  F ield         | OpenFOAM: The Open Source CFD Toolbox           |
|  \\    /   O peration     | Version:  5.x                                   |
|   \\  /    A nd           | Web:      www.OpenFOAM.org                      |
|    \\/     M anipulation  |                                                 |
\*---------------------------------------------------------------------------*/
FoamFile
{
    version     2.0;
    format      ascii;
    class       volVectorField;
    location    "17.8";
    object      U;
}
// * * * * * * * * * * * * * * * * * * * * * * * * * * * * * * * * * * * * * //

dimensions      [0 1 -1 0 0 0 0];

internalField   nonuniform List<vector> 
400
(
(-0.0171051 0.0110685 0)
(-0.0417356 0.00823442 0)
(-0.0509312 0.00280946 0)
(-0.0577596 0.00198717 0)
(-0.0597601 -0.000641367 0)
(-0.0622474 -0.000197169 0)
(-0.0619349 -0.00158422 0)
(-0.063117 -0.00094583 0)
(-0.0622804 -0.00170876 0)
(-0.0633927 -0.000991364 0)
(-0.0619856 -0.0016847 0)
(-0.0628178 -0.000983919 0)
(-0.0602524 -0.00187916 0)
(-0.06227 -0.00118655 0)
(-0.0590354 -0.00214945 0)
(-0.0611752 -0.00198147 0)
(-0.0553104 -0.00390392 0)
(-0.0532843 -0.00710504 0)
(-0.0479253 -0.0120474 0)
(-0.00407352 -0.0209258 0)
(-0.0120515 0.0373013 0)
(-0.0225025 0.0261247 0)
(-0.0241688 0.0122826 0)
(-0.0286059 0.00735106 0)
(-0.0255091 0.00288409 0)
(-0.0302373 0.00265493 0)
(-0.025451 0.000804326 0)
(-0.0315234 0.00185179 0)
(-0.0252594 0.00057204 0)
(-0.0337904 0.00154243 0)
(-0.0256899 6.47882e-05 0)
(-0.0352878 0.000457879 0)
(-0.0226735 -0.000933549 0)
(-0.0341637 -0.000207164 0)
(-0.0229584 -0.000146734 0)
(-0.0328775 -0.000849534 0)
(-0.0257487 -0.00178145 0)
(-0.0271589 -0.0128177 0)
(-0.0365531 -0.0259488 0)
(-0.00186386 -0.0462665 0)
(-0.00653578 0.0489427 0)
(-0.0106007 0.0293113 0)
(-0.0115577 0.0133929 0)
(-0.0108605 0.00498756 0)
(-0.00977607 0.00156821 0)
(-0.0122443 0.000268237 0)
(-0.00884611 -0.000827749 0)
(-0.0149573 -0.000245101 0)
(-0.0102445 -0.00034613 0)
(-0.0172586 -2.47102e-05 0)
(-0.0118028 -0.000461171 0)
(-0.0168984 -0.00216214 0)
(-0.011837 -0.00261695 0)
(-0.0165649 -0.00212916 0)
(-0.0153794 -0.000635752 0)
(-0.0125936 -0.000807947 0)
(-0.0152675 -0.0034585 0)
(0.000817583 0.00037905 0)
(-0.012917 -0.0168598 0)
(-0.00048768 -0.0576162 0)
(-0.00569665 0.0533744 0)
(-0.00483121 0.0340807 0)
(-0.00516195 0.0108985 0)
(-0.00447172 0.00610948 0)
(-0.00238748 0.00236579 0)
(-0.00509245 0.00225835 0)
(-0.00273194 0.00246337 0)
(-0.00719731 0.00306103 0)
(-0.00409338 0.00268819 0)
(-0.00835526 0.00230264 0)
(-0.00457156 0.000299138 0)
(-0.00812003 -0.000684443 0)
(-0.00679579 -0.000754871 0)
(-0.0078458 0.00109569 0)
(-0.0117335 -0.0022006 0)
(-0.0129851 -0.00521932 0)
(-0.0157144 -0.0157667 0)
(-0.00913341 -0.0172873 0)
(-0.0107359 -0.0275715 0)
(0.00267301 -0.0626213 0)
(-0.00188472 0.0567966 0)
(-0.00175927 0.0317811 0)
(-0.00232871 0.0111563 0)
(-0.000862491 0.00312291 0)
(0.000199309 0.00192028 0)
(-0.00139698 0.00125307 0)
(-0.00101407 0.00160932 0)
(-0.00280337 0.00153266 0)
(-0.00194887 0.00138578 0)
(-0.00359407 0.000541733 0)
(-0.00309653 -9.24363e-05 0)
(-0.00386139 0.00026951 0)
(-0.0033802 -0.00174764 0)
(-0.00233766 0.00128958 0)
(-0.00795175 0.00602008 0)
(-0.00124903 0.00204407 0)
(-0.0082327 -0.00215458 0)
(0.000609376 -0.00955883 0)
(-0.00276235 -0.0210126 0)
(0.000507079 -0.0652272 0)
(-0.00346043 0.0576375 0)
(-0.000251864 0.0347431 0)
(-0.00232392 0.00993883 0)
(4.58614e-05 0.00364261 0)
(-0.000837807 0.00276922 0)
(-0.00150768 0.00362396 0)
(-0.000877035 0.00324372 0)
(-0.00206094 0.0035147 0)
(-0.00219106 0.00328482 0)
(-0.00190723 0.00268873 0)
(-0.00236721 0.000713055 0)
(-0.00595448 -0.000590971 0)
(-0.00565289 -0.00294552 0)
(0.00172692 0.00578286 0)
(-0.00480814 -0.00210758 0)
(0.00494414 -0.00516822 0)
(-0.00503997 -0.0180854 0)
(-0.00386646 -0.0217433 0)
(-0.00359736 -0.0311248 0)
(0.00281966 -0.0664857 0)
(1.14204e-05 0.0578916 0)
(-5.61973e-05 0.0314263 0)
(0.00085195 0.00833471 0)
(-0.000491376 0.00159781 0)
(0.000245282 0.00269807 0)
(0.000294983 0.00107543 0)
(-0.000324431 0.00212902 0)
(-0.000464107 0.00303609 0)
(-0.00211585 0.00139263 0)
(-0.001877 0.000739563 0)
(-0.00208323 0.0045008 0)
(-0.000329383 0.0040369 0)
(-0.000647914 -0.00803844 0)
(0.00458705 -0.00125037 0)
(-0.00715974 0.00341687 0)
(0.0071541 0.00123155 0)
(-0.00402061 0.00847151 0)
(0.00300675 -0.0133318 0)
(-0.00066201 -0.0226343 0)
(0.00128794 -0.0671078 0)
(-0.00224787 0.058421 0)
(0.00162122 0.0335817 0)
(-0.000350241 0.0121399 0)
(0.00242398 0.00485298 0)
(0.000272987 0.0027097 0)
(0.00137228 0.00465575 0)
(-0.00108239 0.00475421 0)
(-0.00237194 0.00505845 0)
(-0.00205965 0.00594085 0)
(-0.00248275 0.00243349 0)
(-0.00914186 -0.001155 0)
(-0.00387293 -0.00293474 0)
(1.48161e-05 -0.00723611 0)
(-0.000210307 0.0110426 0)
(-0.00697575 -0.00472413 0)
(-0.000349713 -0.00810966 0)
(-0.00317438 -0.0129145 0)
(0.00437465 -0.0259428 0)
(-0.00363405 -0.0337048 0)
(0.00243744 -0.0682835 0)
(0.00159489 0.0575068 0)
(2.79103e-05 0.0308891 0)
(0.00194727 0.0051442 0)
(3.32879e-05 0.000796959 0)
(3.73016e-05 0.00280695 0)
(0.00136246 0.00187924 0)
(0.0023732 0.00465026 0)
(0.00377545 0.00398068 0)
(0.00528839 0.000300342 0)
(0.00957275 0.00579226 0)
(-0.00176092 0.00737945 0)
(0.00163709 -0.00545894 0)
(-0.00386523 -0.0131736 0)
(0.00121411 0.00758702 0)
(-0.00994758 0.00492516 0)
(0.0121155 -0.00473374 0)
(-0.00287491 0.00355787 0)
(0.011385 -0.0138995 0)
(-0.00159622 -0.0158903 0)
(0.00270059 -0.0649935 0)
(-0.000947494 0.0568191 0)
(0.0027566 0.0317877 0)
(0.00133026 0.0136759 0)
(0.00274817 0.0071431 0)
(0.00284886 0.00238454 0)
(0.00256102 0.00221392 0)
(0.00277088 0.00431276 0)
(0.00504379 0.00156796 0)
(-0.00219333 0.0025727 0)
(-0.00307592 0.00963786 0)
(-0.00700609 0.00920027 0)
(-0.00225734 -0.00181881 0)
(-0.00760501 -0.00277359 0)
(-0.00652944 0.0127723 0)
(-0.0134015 -0.0153403 0)
(0.00477465 -0.0150294 0)
(-0.00298063 -0.00930405 0)
(0.00602298 -0.0270638 0)
(-0.00319206 -0.0270401 0)
(0.0038411 -0.068056 0)
(0.00205031 0.0550013 0)
(0.00143248 0.0304458 0)
(0.00287866 0.00424883 0)
(0.00400451 -0.00169452 0)
(0.00545905 0.00281593 0)
(0.00363921 0.00154277 0)
(0.00681641 0.00174694 0)
(0.0055072 0.00811009 0)
(-0.00256859 0.00756368 0)
(-0.00562495 0.0111434 0)
(-0.00687929 0.00393185 0)
(-0.00444085 -0.00618117 0)
(-0.00839068 -0.0130832 0)
(-0.000953191 0.0168382 0)
(0.000459782 -0.00938677 0)
(-0.000754592 -0.0160597 0)
(-0.00233692 -0.000148662 0)
(-0.00299161 -0.0141937 0)
(-0.0042383 -0.011319 0)
(0.0048142 -0.0665172 0)
(-0.000121626 0.0540897 0)
(0.00324563 0.0306076 0)
(0.00121242 0.0123294 0)
(0.00431501 0.00492972 0)
(-0.00164202 0.0033428 0)
(-0.000263842 -0.000147031 0)
(0.000144812 0.00369093 0)
(0.00485885 0.0100932 0)
(0.00341228 0.0125135 0)
(0.00134567 0.0127386 0)
(0.000858448 0.00944591 0)
(-0.000967638 0.0011513 0)
(-0.00526979 -0.00580275 0)
(-0.00762318 0.00859334 0)
(0.00816018 -0.0132585 0)
(-0.00832364 -0.0097247 0)
(-0.0032383 -0.00414126 0)
(0.00553434 -0.0287597 0)
(-0.0064549 -0.0349262 0)
(0.00434728 -0.0700106 0)
(0.00150985 0.0506074 0)
(0.00149315 0.0279104 0)
(0.00353875 0.00166969 0)
(-0.00260617 0.00012297 0)
(-0.00256212 0.00738047 0)
(-0.00159928 -0.000316843 0)
(-0.00529489 -0.00385226 0)
(-0.00331477 0.00736011 0)
(0.00237529 0.0101009 0)
(0.00271595 0.0166095 0)
(0.00447689 0.00710043 0)
(-0.00183592 0.000829393 0)
(0.00312012 -0.00754794 0)
(-0.0111964 0.000872106 0)
(0.013632 -0.011782 0)
(-0.000417623 -0.0090927 0)
(0.00359119 -0.0135288 0)
(0.0112464 -0.0121949 0)
(-0.00386955 -0.0105023 0)
(0.00632181 -0.0630412 0)
(0.000720889 0.0510845 0)
(0.00460088 0.0304802 0)
(0.002831 0.0178269 0)
(0.00484706 0.0118825 0)
(-0.00036017 0.00399607 0)
(0.00130854 0.00130591 0)
(-0.00118681 0.00613213 0)
(-0.000136649 0.00338099 0)
(0.000211047 0.00672369 0)
(0.003764 0.0107335 0)
(0.00845198 0.0108475 0)
(0.00254661 0.00254884 0)
(0.00575171 0.001521 0)
(0.000609215 -0.00141649 0)
(0.010854 -0.0185124 0)
(0.00374323 -0.000181031 0)
(0.0106459 -0.0103804 0)
(0.0102285 -0.021388 0)
(-0.00335915 -0.0228761 0)
(0.00840805 -0.0688517 0)
(0.000847687 0.0456536 0)
(0.00290428 0.0247424 0)
(0.00387692 0.00165259 0)
(0.00184013 0.000933678 0)
(0.0123488 0.00961787 0)
(0.00344424 0.00178661 0)
(0.0154435 -0.00379083 0)
(0.00544747 0.00483231 0)
(0.0113625 0.0045001 0)
(0.017447 0.00797849 0)
(0.0141161 0.010834 0)
(0.0223496 0.00336611 0)
(0.0154661 -0.00429979 0)
(0.0227855 -0.00816972 0)
(0.0206582 -0.0146956 0)
(0.0214332 -0.0152764 0)
(0.0119101 -0.0186083 0)
(0.0013668 -0.00242298 0)
(-0.0109937 -0.0130532 0)
(0.00837215 -0.0655974 0)
(0.000904804 0.0463383 0)
(0.00664696 0.0259263 0)
(0.00549143 0.020268 0)
(0.00765597 0.00374826 0)
(-0.00182239 0.00446175 0)
(0.0168671 -0.00230399 0)
(0.00388044 0.00280219 0)
(0.0101846 0.0102908 0)
(0.0159958 -0.00696044 0)
(0.0187073 0.00844866 0)
(0.02478 0.00736338 0)
(0.0221812 0.00397989 0)
(0.0267159 0.00244198 0)
(0.0210485 -0.0069273 0)
(0.00931535 -0.00836348 0)
(0.0147027 0.00760546 0)
(-0.0197346 0.0137602 0)
(0.0124074 -0.0031648 0)
(-0.00561835 -0.0206858 0)
(0.010132 -0.0681107 0)
(-0.000143493 0.0391661 0)
(0.00651498 0.0205745 0)
(0.00157314 0.00229256 0)
(0.0109366 0.00531925 0)
(0.000869126 0.00101535 0)
(0.0104328 -0.0021796 0)
(0.00425487 -9.56553e-05 0)
(0.015469 -0.00347835 0)
(0.0268085 -0.00758432 0)
(0.0154788 -0.00213436 0)
(0.032058 0.00735778 0)
(0.0119639 -0.00293766 0)
(0.0305088 0.00044692 0)
(0.00484628 0.00183612 0)
(0.00960105 -0.00880504 0)
(-0.00750783 0.00661504 0)
(0.00697066 -0.0129669 0)
(0.0196728 -0.0211875 0)
(-0.00585383 -0.0160431 0)
(0.0104258 -0.0645743 0)
(0.00235121 0.0382759 0)
(0.0111377 0.0219721 0)
(0.0138876 0.0153537 0)
(0.00850534 0.00700002 0)
(0.0184535 0.00253471 0)
(0.0086755 -0.00407931 0)
(0.0254092 -0.00563102 0)
(0.0103703 -0.0118934 0)
(0.0302758 -0.00452073 0)
(0.000984329 0.00359558 0)
(0.0346231 0.0119967 0)
(0.0106297 0.00920722 0)
(0.0313974 0.00691201 0)
(0.017301 0.0158289 0)
(0.0324154 0.00535654 0)
(0.0135995 0.0152386 0)
(0.0267719 -0.0102059 0)
(0.00697666 0.0108612 0)
(-0.00144046 -0.00102141 0)
(0.0152749 -0.0637708 0)
(0.00316097 0.027105 0)
(0.0150051 0.014711 0)
(0.0149756 0.00458718 0)
(0.0206734 0.00166773 0)
(0.014935 -0.000908604 0)
(0.0131005 -0.00389058 0)
(0.00279767 -0.00383379 0)
(-0.00736432 -0.00350917 0)
(-0.0194734 -0.00395225 0)
(-0.0196491 -0.00412572 0)
(-0.0168596 -0.00307784 0)
(-0.0123215 -0.00551865 0)
(-0.0169922 -0.00455819 0)
(-0.00516783 0.0039358 0)
(-0.00670289 -0.00778053 0)
(-0.00204969 0.0074968 0)
(0.00822671 -0.00621611 0)
(-0.0132988 0.000522421 0)
(0.0229265 -0.0337514 0)
(0.0144883 -0.0582252 0)
(0.00821619 0.0195678 0)
(0.032786 0.0118508 0)
(0.0352953 0.0110435 0)
(0.0474888 0.00785816 0)
(0.0463294 0.00846767 0)
(0.0545671 0.00723414 0)
(0.0523772 0.00980277 0)
(0.0585382 0.00930566 0)
(0.0578084 0.00909618 0)
(0.062661 0.00640619 0)
(0.0623292 0.00565814 0)
(0.0629218 0.00529006 0)
(0.0651753 0.00599067 0)
(0.0626281 0.00195797 0)
(0.0660855 0.00440939 0)
(0.0656547 0.00119371 0)
(0.065047 0.00274998 0)
(0.0664816 -0.000945736 0)
(0.0556657 -0.0071548 0)
(0.0373542 -0.0109744 0)
)
;

boundaryField
{
    movingWall
    {
        type            fixedValue;
        value           uniform (1 0 0);
    }
    fixedWalls
    {
        type            noSlip;
    }
    frontAndBack
    {
        type            empty;
    }
}


// ************************************************************************* //
