/*--------------------------------*- C++ -*----------------------------------*\
| =========                 |                                                 |
| \\      /  F ield         | OpenFOAM: The Open Source CFD Toolbox           |
|  \\    /   O peration     | Version:  5.x                                   |
|   \\  /    A nd           | Web:      www.OpenFOAM.org                      |
|    \\/     M anipulation  |                                                 |
\*---------------------------------------------------------------------------*/
FoamFile
{
    version     2.0;
    format      ascii;
    class       surfaceScalarField;
    location    "19.7";
    object      phi;
}
// * * * * * * * * * * * * * * * * * * * * * * * * * * * * * * * * * * * * * //

dimensions      [0 3 -1 0 0 0 0];

internalField   nonuniform List<scalar> 
760
(
-1.35038e-06
1.35038e-06
-2.28821e-06
9.37826e-07
-2.7116e-06
4.23392e-07
-2.95653e-06
2.44934e-07
-3.05107e-06
9.45437e-08
-3.12773e-06
7.66585e-08
-3.14356e-06
1.58311e-08
-3.17637e-06
3.281e-08
-3.16053e-06
-1.58453e-08
-3.16748e-06
6.95188e-09
-3.14175e-06
-2.57331e-08
-3.13592e-06
-5.82406e-09
-3.09817e-06
-3.77572e-08
-3.06528e-06
-3.28824e-08
-3.00525e-06
-6.00328e-08
-2.90016e-06
-1.05093e-07
-2.76068e-06
-1.39475e-07
-2.32981e-06
-4.30871e-07
-1.63881e-06
-6.91001e-07
-1.63881e-06
-7.69735e-07
2.12011e-06
-1.1821e-06
1.35019e-06
-1.37081e-06
6.12105e-07
-1.44722e-06
3.21345e-07
-1.50614e-06
1.53463e-07
-1.51731e-06
8.78256e-08
-1.53756e-06
3.60814e-08
-1.52243e-06
1.76786e-08
-1.52152e-06
-1.67477e-08
-1.53423e-06
1.96607e-08
-1.54394e-06
-1.60243e-08
-1.54839e-06
-1.37436e-09
-1.52541e-06
-6.0733e-08
-1.50111e-06
-5.71897e-08
-1.5097e-06
-5.14404e-08
-1.45306e-06
-1.61737e-07
-1.40088e-06
-1.91655e-07
-1.33522e-06
-4.96526e-07
-9.88704e-07
-1.03752e-06
-2.62751e-06
-3.86364e-07
2.50648e-06
-5.81256e-07
1.54508e-06
-6.24964e-07
6.55813e-07
-6.93169e-07
3.89551e-07
-7.24519e-07
1.84812e-07
-7.68806e-07
1.32113e-07
-7.92339e-07
5.96135e-08
-7.91077e-07
1.64171e-08
-8.16323e-07
8.49824e-09
-8.22822e-07
2.61599e-08
-8.8377e-07
4.49232e-08
-8.94139e-07
8.99465e-09
-9.14013e-07
-4.08588e-08
-8.13906e-07
-1.57296e-07
-7.22393e-07
-1.42954e-07
-6.27476e-07
-2.56654e-07
-2.61997e-07
-5.57134e-07
-1.57053e-07
-6.0147e-07
-3.93485e-07
-8.01086e-07
-3.021e-06
-1.89846e-07
2.69633e-06
-2.85391e-07
1.64062e-06
-2.631e-07
6.33522e-07
-2.79947e-07
4.06398e-07
-2.98351e-07
2.03216e-07
-3.22899e-07
1.56661e-07
-3.69933e-07
1.06648e-07
-4.03469e-07
4.99531e-08
-4.17032e-07
2.20607e-08
-4.3087e-07
3.99981e-08
-4.75996e-07
9.00494e-08
-4.96314e-07
2.93122e-08
-4.85503e-07
-5.167e-08
-5.17925e-07
-1.24874e-07
-5.24219e-07
-1.3666e-07
-5.91222e-07
-1.89651e-07
-5.28658e-07
-6.19698e-07
-2.74865e-07
-8.55262e-07
-1.85283e-07
-8.90668e-07
-3.20628e-06
-9.76548e-08
2.79398e-06
-1.02251e-07
1.64522e-06
-1.0049e-07
6.31762e-07
-6.52317e-08
3.7114e-07
-4.7875e-08
1.85859e-07
-6.47256e-08
1.73512e-07
-1.01659e-07
1.43582e-07
-1.49785e-07
9.8079e-08
-2.33143e-07
1.05418e-07
-2.40273e-07
4.7128e-08
-1.80667e-07
3.04439e-08
-1.12988e-07
-3.83667e-08
-1.64096e-08
-1.48249e-07
-5.4582e-08
-8.67017e-08
1.01022e-07
-2.92263e-07
4.25678e-08
-1.31197e-07
-1.05474e-07
-4.71657e-07
-4.03439e-08
-9.20392e-07
-6.0288e-08
-8.70724e-07
-3.26657e-06
-3.81877e-08
2.83217e-06
-7.06921e-08
1.67772e-06
4.21434e-09
5.56855e-07
7.01385e-08
3.05215e-07
1.58054e-08
2.40192e-07
3.78754e-09
1.8553e-07
-2.97971e-08
1.77166e-07
-8.25498e-08
1.50832e-07
-9.91791e-08
1.22048e-07
-1.81521e-07
1.2947e-07
-3.10893e-07
1.59816e-07
-2.94621e-07
-5.4639e-08
-1.40324e-07
-3.02546e-07
-2.15828e-07
-1.11976e-08
4.77177e-08
-5.55809e-07
1.61808e-07
-2.45288e-07
-1.87515e-07
-1.22334e-07
-1.25024e-07
-9.82883e-07
-2.07184e-08
-9.7503e-07
-3.28729e-06
-3.07208e-08
2.86289e-06
3.89766e-09
1.6431e-06
9.50867e-09
5.51244e-07
2.17231e-08
2.93001e-07
3.12903e-08
2.30625e-07
6.03498e-08
1.5647e-07
1.0006e-07
1.37457e-07
9.13407e-08
1.59551e-07
7.48636e-08
1.38525e-07
3.09958e-08
1.73338e-07
-2.53277e-08
2.16139e-07
-9.81166e-08
1.81499e-08
-2.03607e-07
-1.97055e-07
-2.15321e-07
5.16895e-10
-9.7365e-08
-6.73765e-07
-1.57223e-07
-1.8543e-07
-3.08948e-07
2.93912e-08
-1.61278e-07
-1.13055e-06
-3.24324e-08
-1.10387e-06
-3.31972e-06
-1.45202e-08
2.87741e-06
-3.10468e-08
1.65963e-06
-9.7288e-09
5.29926e-07
4.56954e-08
2.37577e-07
3.30797e-08
2.43241e-07
-3.28502e-10
1.89878e-07
-7.11919e-08
2.0832e-07
-1.72196e-07
2.60554e-07
-2.83571e-07
2.499e-07
-2.93077e-07
1.82844e-07
-1.37342e-07
6.04038e-08
-8.28348e-08
-3.6357e-08
-2.40602e-07
-3.92887e-08
-3.0914e-07
6.90551e-08
-1.68552e-07
-8.14353e-07
-1.13549e-07
-2.40433e-07
-8.32416e-08
-9.16108e-10
-5.06177e-08
-1.16318e-06
-8.62773e-08
-1.06822e-06
-3.406e-06
-3.86414e-09
2.88127e-06
2.69163e-08
1.62885e-06
1.69319e-08
5.3991e-07
-1.88068e-08
2.73316e-07
-5.42613e-09
2.2986e-07
5.86223e-08
1.2583e-07
4.49907e-08
2.21952e-07
1.34783e-08
2.92067e-07
1.86669e-07
7.67091e-08
3.15122e-07
5.43918e-08
2.80407e-07
9.51186e-08
1.11339e-07
1.32711e-07
7.3178e-09
6.47324e-08
-1.02783e-07
1.79156e-07
-2.21415e-07
-6.95721e-07
-1.25966e-07
-3.35881e-07
9.38351e-08
-2.20717e-07
1.20954e-07
-1.1903e-06
2.3888e-08
-9.71149e-07
-3.38211e-06
-3.31602e-08
2.91443e-06
-9.39547e-08
1.68964e-06
-9.46579e-08
5.40614e-07
-7.12461e-08
2.49904e-07
-1.7419e-08
1.76033e-07
4.83467e-08
6.00644e-08
1.18255e-07
1.52043e-07
1.63047e-07
2.47275e-07
2.74471e-07
-3.47148e-08
2.46724e-07
8.21386e-08
4.87362e-08
2.93106e-07
-1.0222e-07
2.83667e-07
-1.36052e-07
9.8564e-08
-2.15911e-07
2.59015e-07
-6.32674e-07
-2.78958e-07
-4.36664e-07
-5.31892e-07
2.49881e-09
-6.5988e-07
-8.18757e-08
-1.10592e-06
3.60818e-09
-1.05663e-06
-3.3785e-06
-5.35439e-09
2.91979e-06
2.81308e-08
1.65616e-06
-2.40153e-08
5.9276e-07
-2.13062e-08
2.47195e-07
1.53833e-08
1.39343e-07
5.67049e-08
1.87428e-08
2.41342e-07
-3.25945e-08
3.1699e-07
1.71628e-07
2.13711e-07
6.85646e-08
7.48839e-08
2.20965e-07
-3.63911e-09
3.7163e-07
1.71784e-07
1.08244e-07
3.13063e-07
-4.27151e-08
4.12649e-08
5.30813e-07
-7.15792e-08
-1.66114e-07
-8.52492e-08
-5.18222e-07
-2.7447e-07
-4.70659e-07
-3.49128e-07
-1.03126e-06
-3.33037e-08
-1.37246e-06
-3.41181e-06
-1.81915e-08
2.93798e-06
-8.85733e-08
1.72654e-06
6.98578e-08
4.34329e-07
1.41121e-07
1.75932e-07
2.53386e-08
2.55125e-07
-2.10014e-08
6.50827e-08
1.22941e-07
-1.76537e-07
2.69388e-07
2.51812e-08
1.81058e-07
1.56894e-07
1.08463e-07
2.93561e-07
1.25469e-07
3.54623e-07
1.4218e-07
9.15338e-08
1.77159e-07
-7.76943e-08
1.44494e-07
5.63478e-07
-1.87233e-08
-2.89642e-09
-2.71866e-08
-5.09759e-07
1.61674e-07
-6.5952e-07
-8.79605e-09
-8.60794e-07
-8.28599e-08
-1.29839e-06
-3.49467e-06
-2.99571e-08
2.96794e-06
-1.81341e-08
1.71472e-06
-9.32783e-08
5.09473e-07
-2.03376e-07
2.86029e-07
-1.4577e-07
1.97519e-07
-2.26136e-07
1.45449e-07
-2.19328e-07
-1.83346e-07
1.22494e-07
-3.16641e-07
3.07443e-07
-2.80546e-08
3.16178e-07
2.84826e-07
2.75865e-07
3.94936e-07
1.64686e-07
2.02713e-07
7.76979e-08
9.29357e-09
6.0224e-08
5.80952e-07
9.47403e-08
-3.74127e-08
1.72072e-08
-4.32226e-07
2.42808e-07
-8.85121e-07
2.68655e-07
-8.86641e-07
5.54032e-08
-1.08514e-06
-3.43926e-06
2.64325e-08
2.9415e-06
-1.03043e-08
1.75146e-06
-1.68157e-08
5.15984e-07
-1.43646e-07
4.12859e-07
-8.65899e-08
1.40464e-07
-1.74378e-07
2.33237e-07
-1.07122e-07
-2.50601e-07
2.34632e-07
-6.58396e-07
3.68079e-07
-1.61502e-07
4.98487e-07
1.54418e-07
3.45443e-07
5.4798e-07
1.65345e-07
3.82811e-07
9.91209e-09
1.64727e-07
-1.04448e-07
6.95312e-07
1.43508e-07
-2.85369e-07
1.89511e-07
-4.78229e-07
6.01347e-08
-7.55744e-07
-1.56762e-07
-6.69745e-07
-3.88317e-08
-1.20307e-06
-3.47809e-06
3.72108e-09
2.93778e-06
4.92683e-09
1.75025e-06
-1.41405e-07
6.62316e-07
3.57434e-08
2.35711e-07
1.78908e-07
-2.70033e-09
1.5612e-07
2.56025e-07
4.21359e-07
-5.15841e-07
5.74292e-07
-8.11328e-07
5.30731e-07
-1.17941e-07
4.95834e-07
1.89315e-07
6.57535e-07
3.86279e-07
3.99673e-07
6.40673e-07
6.0674e-07
-4.2341e-08
7.01431e-07
6.00622e-07
6.63014e-07
-2.46952e-07
8.01246e-07
-6.1646e-07
2.13604e-07
-1.68102e-07
-1.8054e-07
-2.75601e-07
-3.30264e-08
-1.35058e-06
-3.51112e-06
1.55321e-07
2.78246e-06
2.35677e-07
1.66989e-06
1.4297e-07
7.55023e-07
-3.70404e-09
3.82385e-07
3.83853e-08
-4.47896e-08
3.61556e-07
-6.71459e-08
4.55861e-07
-6.10146e-07
3.07762e-07
-6.63229e-07
4.72865e-07
-2.83044e-07
4.72759e-07
1.89422e-07
5.8479e-07
2.74249e-07
5.67791e-07
6.57672e-07
5.92229e-07
-6.67796e-08
6.86511e-07
5.0634e-07
7.41682e-07
-3.02122e-07
1.02728e-07
2.24939e-08
3.51182e-08
-1.00493e-07
3.38415e-07
-5.78898e-07
9.21885e-08
-1.10436e-06
-3.41893e-06
2.07384e-07
2.57508e-06
2.70752e-07
1.60653e-06
2.21374e-07
8.044e-07
3.35706e-07
2.68053e-07
2.52765e-07
3.81521e-08
4.40343e-07
-2.54724e-07
5.23216e-07
-6.9302e-07
5.97483e-07
-7.37495e-07
8.54478e-07
-5.4004e-07
1.02321e-06
2.06933e-08
7.71252e-07
5.26203e-07
8.10588e-07
6.18336e-07
7.10988e-07
3.28205e-08
6.91793e-07
5.25535e-07
8.77132e-07
-4.87461e-07
4.94334e-07
4.05292e-07
7.93583e-07
-3.99742e-07
5.50529e-07
-3.35844e-07
1.01819e-07
-6.55649e-07
-3.31711e-06
5.12643e-07
2.06243e-06
8.59236e-07
1.25993e-06
8.88153e-07
7.75484e-07
8.6003e-07
2.96176e-07
9.36831e-07
-3.86493e-08
9.23787e-07
-2.4168e-07
8.65939e-07
-6.35171e-07
8.53728e-07
-7.25285e-07
7.69181e-07
-4.55492e-07
8.61804e-07
-7.19299e-08
1.01205e-06
3.75956e-07
9.26337e-07
7.04049e-07
1.00782e-06
-4.86646e-08
1.02908e-06
5.04276e-07
9.20485e-07
-3.78865e-07
8.69069e-07
4.56708e-07
6.10188e-07
-1.4086e-07
1.07907e-07
1.66437e-07
3.67739e-07
-9.15481e-07
-2.94937e-06
7.08017e-07
1.35442e-06
1.17951e-06
7.88437e-07
1.45833e-06
4.9667e-07
1.47502e-06
2.79477e-07
1.23827e-06
1.98104e-07
9.22652e-07
7.39383e-08
1.73071e-07
1.1441e-07
-6.72584e-07
1.2037e-07
-1.14429e-06
1.62165e-08
-1.16973e-06
-4.64923e-08
-8.45088e-07
5.13142e-08
-2.9301e-07
1.51971e-07
-2.70839e-07
-7.08351e-08
8.26047e-08
1.50832e-07
-2.43852e-07
-5.24084e-08
7.96079e-08
1.33248e-07
4.50194e-08
-1.06272e-07
3.99467e-07
-1.88012e-07
8.97662e-07
-1.41368e-06
-2.05171e-06
1.35442e-06
2.14286e-06
2.63952e-06
2.919e-06
3.11711e-06
3.19104e-06
3.30545e-06
3.42582e-06
3.44204e-06
3.39555e-06
3.44686e-06
3.59883e-06
3.528e-06
3.67883e-06
3.62642e-06
3.75967e-06
3.6534e-06
3.46539e-06
2.05171e-06
)
;

boundaryField
{
    movingWall
    {
        type            calculated;
        value           uniform 0;
    }
    fixedWalls
    {
        type            calculated;
        value           uniform 0;
    }
    frontAndBack
    {
        type            empty;
        value           nonuniform 0();
    }
}


// ************************************************************************* //
