/*--------------------------------*- C++ -*----------------------------------*\
| =========                 |                                                 |
| \\      /  F ield         | OpenFOAM: The Open Source CFD Toolbox           |
|  \\    /   O peration     | Version:  5.x                                   |
|   \\  /    A nd           | Web:      www.OpenFOAM.org                      |
|    \\/     M anipulation  |                                                 |
\*---------------------------------------------------------------------------*/
FoamFile
{
    version     2.0;
    format      ascii;
    class       volVectorField;
    location    "19.7";
    object      U;
}
// * * * * * * * * * * * * * * * * * * * * * * * * * * * * * * * * * * * * * //

dimensions      [0 1 -1 0 0 0 0];

internalField   nonuniform List<vector> 
400
(
(-0.0177295 0.0074284 0)
(-0.0415052 0.00849057 0)
(-0.0504538 0.00135566 0)
(-0.056843 0.00196277 0)
(-0.0589872 -0.000967601 0)
(-0.0620102 0.000444693 0)
(-0.0618261 -0.000611155 0)
(-0.0638085 0.000445872 0)
(-0.0619911 6.54364e-05 0)
(-0.0642889 0.000319441 0)
(-0.0620657 9.22362e-05 0)
(-0.0644819 -0.000365279 0)
(-0.0612269 -0.000580678 0)
(-0.0634497 -0.00178605 0)
(-0.0600499 -0.00230131 0)
(-0.0616158 -0.00424661 0)
(-0.0565354 -0.00564595 0)
(-0.0538824 -0.00964937 0)
(-0.0453687 -0.0133398 0)
(-0.0116287 -0.0266747 0)
(-0.0115403 0.040858 0)
(-0.022462 0.0251438 0)
(-0.0249536 0.0134035 0)
(-0.0282732 0.00672339 0)
(-0.0287886 0.00423689 0)
(-0.0303826 0.00245894 0)
(-0.0302304 0.00131813 0)
(-0.0311462 0.00103793 0)
(-0.0291557 -0.000638037 0)
(-0.0319347 -4.83341e-05 0)
(-0.0291284 -0.00127643 0)
(-0.0334083 2.93071e-05 0)
(-0.0278834 -0.00124975 0)
(-0.0337689 8.82369e-05 0)
(-0.0267072 -0.000676625 0)
(-0.0334678 -0.000934812 0)
(-0.026567 -0.00116923 0)
(-0.026857 -0.010025 0)
(-0.031495 -0.0184048 0)
(-0.00212735 -0.0457267 0)
(-0.00714008 0.0464559 0)
(-0.0104267 0.0293776 0)
(-0.011475 0.0122362 0)
(-0.0136882 0.00652311 0)
(-0.0132202 0.00221998 0)
(-0.0156428 0.000835922 0)
(-0.0151243 -6.61661e-05 0)
(-0.0167579 -0.000491871 0)
(-0.0145825 -0.000142419 0)
(-0.0178573 0.000788789 0)
(-0.0148589 0.000766565 0)
(-0.0208041 -2.83988e-05 0)
(-0.0156249 -0.000757387 0)
(-0.0198793 -0.00183509 0)
(-0.0141115 -0.000849335 0)
(-0.0128518 -0.00418124 0)
(-0.014395 -0.00529672 0)
(0.00517234 -0.00807594 0)
(-0.0126415 -0.0196374 0)
(-0.000645563 -0.0578166 0)
(-0.00367152 0.0548599 0)
(-0.00512966 0.0339934 0)
(-0.00536796 0.0145155 0)
(-0.00543989 0.00947026 0)
(-0.00541266 0.0050656 0)
(-0.00662252 0.00455721 0)
(-0.00616221 0.00268136 0)
(-0.00887518 0.00128147 0)
(-0.00685835 0.000576218 0)
(-0.00971995 0.000354107 0)
(-0.00756854 0.000875255 0)
(-0.0118044 0.000242035 0)
(-0.00844209 -0.00117502 0)
(-0.0102599 -0.00522601 0)
(-0.0110881 -0.00561329 0)
(-0.00936048 -0.00759852 0)
(-0.0158368 -0.0187361 0)
(-0.00319179 -0.0168748 0)
(-0.00946003 -0.0143165 0)
(0.00339737 -0.0608072 0)
(-0.00269993 0.0551087 0)
(-0.00190366 0.0326924 0)
(-0.00168602 0.011389 0)
(-0.00254244 0.00707711 0)
(1.96549e-05 0.00308452 0)
(-0.00181469 0.00185387 0)
(-0.000934873 0.00134059 0)
(-0.00295143 0.000567322 0)
(-0.00322954 0.000154463 0)
(-0.00585048 0.00109923 0)
(-0.00404412 0.00280192 0)
(-0.00279052 0.00117201 0)
(-0.00216191 -0.000670106 0)
(0.00167784 0.00071619 0)
(-0.00404515 0.00069147 0)
(0.00771137 0.000803702 0)
(-0.00606918 -0.00437847 0)
(0.00248451 -0.0164613 0)
(-0.00453619 -0.0191428 0)
(0.00260358 -0.0641749 0)
(-0.00129489 0.0576754 0)
(-0.00055216 0.0342602 0)
(-0.00195478 0.0144274 0)
(0.00208576 0.00812362 0)
(0.000813676 0.00462745 0)
(-0.000201532 0.00520062 0)
(0.000365482 0.00469416 0)
(-0.00162413 0.00346214 0)
(-0.00162096 0.00436641 0)
(-0.00215774 0.000964895 0)
(-0.00545678 -0.00151214 0)
(-0.00659173 -0.00289964 0)
(-0.0056905 -0.00496932 0)
(0.000570133 -0.00419851 0)
(-0.0097284 -0.0123825 0)
(0.0114735 -0.00599287 0)
(-0.00532108 -0.0148619 0)
(-0.00121117 -0.0191389 0)
(-0.00471997 -0.0174622 0)
(0.00420899 -0.064428 0)
(-0.00155428 0.0571768 0)
(0.000142273 0.0334185 0)
(4.97653e-05 0.00782055 0)
(0.000348764 0.00408766 0)
(0.000483248 0.00475735 0)
(0.000834276 0.00208847 0)
(0.00146314 0.00206629 0)
(0.00271906 0.00245754 0)
(0.000732093 0.000208146 0)
(0.00249339 0.00401677 0)
(-0.00145081 0.00752088 0)
(0.000651013 0.000660999 0)
(-0.00507257 -0.00793743 0)
(-0.00225676 0.00373928 0)
(-0.00712148 -0.00921105 0)
(0.00367144 -0.00360435 0)
(-0.0106447 0.00985405 0)
(-0.000744258 -0.0206871 0)
(-0.00584421 -0.0194835 0)
(0.00432709 -0.0675403 0)
(-0.00125961 0.0575614 0)
(0.000593662 0.0320523 0)
(-0.00178649 0.0141427 0)
(0.00140644 0.00761612 0)
(0.000467401 0.00468229 0)
(0.000808204 0.00433508 0)
(-0.000809325 0.00374365 0)
(-0.00216658 0.00409374 0)
(-0.00454594 0.00563461 0)
(-0.00717988 0.00283502 0)
(-0.00464629 0.00163853 0)
(-0.000561427 0.000218606 0)
(-0.0026721 0.000871801 0)
(-0.00640163 -0.00368863 0)
(-0.00723196 -0.0188633 0)
(0.00157215 -0.00395171 0)
(-0.00694986 -0.00892608 0)
(0.0041644 -0.0262911 0)
(-0.00645228 -0.0269426 0)
(0.00336398 -0.0670074 0)
(-0.00160387 0.0578421 0)
(0.00140327 0.0346172 0)
(-0.000212646 0.00752805 0)
(0.000812089 0.0020687 0)
(-0.00151336 0.00483842 0)
(0.0013204 0.00308462 0)
(0.00100342 0.00420838 0)
(0.000843073 0.00611712 0)
(-0.000266955 0.00394091 0)
(0.00740152 0.0040759 0)
(0.00552473 0.000450934 0)
(0.00587403 -0.00197073 0)
(-0.00132188 -0.00280893 0)
(0.00168787 0.00596531 0)
(-0.00642073 -0.01437 0)
(-0.00134971 -0.00563885 0)
(-0.00439806 0.00894106 0)
(0.00862922 -0.0188558 0)
(-0.00433429 -0.0142546 0)
(0.00556128 -0.0662117 0)
(-0.00135391 0.0577238 0)
(1.33426e-05 0.0313847 0)
(-0.00364795 0.0137884 0)
(-0.0003765 0.00898934 0)
(-0.00227963 0.00464258 0)
(0.00151491 0.00209722 0)
(0.000583595 0.0050575 0)
(0.00384228 0.00562883 0)
(0.00294543 -0.000626837 0)
(0.00772926 -0.00158276 0)
(0.00251864 0.00387845 0)
(-0.000722311 0.00790749 0)
(-0.00354916 0.00585733 0)
(-0.00125992 0.00226853 0)
(-0.00836802 -0.012113 0)
(-0.0158409 -0.00800056 0)
(-0.00097494 -0.0170057 0)
(0.00107819 -0.0273654 0)
(-0.00470149 -0.0238997 0)
(0.00493752 -0.0684627 0)
(-0.00197171 0.0583339 0)
(0.00165938 0.0343283 0)
(-0.000290161 0.00725639 0)
(-0.000869695 0.00053632 0)
(0.000144669 0.00206507 0)
(0.000461886 0.000122565 0)
(0.00180416 0.00075353 0)
(0.00772035 0.0042365 0)
(0.00517199 -0.00096401 0)
(0.00316279 0.00445218 0)
(-8.40179e-05 0.00695933 0)
(-8.99245e-05 0.00258029 0)
(0.00732467 -0.00245025 0)
(0.00449412 0.00679396 0)
(-0.00273638 0.000262199 0)
(0.000150349 -0.0129554 0)
(-0.00351994 -0.0101693 0)
(-0.0069626 -0.0179696 0)
(-0.0080335 -0.0179756 0)
(0.0069793 -0.0683415 0)
(-0.000409983 0.0585163 0)
(-0.000393604 0.0339217 0)
(-0.00284257 0.0171879 0)
(0.00532362 0.00992642 0)
(0.000562986 0.0037661 0)
(0.000607464 0.000784582 0)
(-0.00159671 -0.00190767 0)
(0.0065207 0.00244065 0)
(0.00474029 0.00402323 0)
(0.00230047 0.00506959 0)
(0.00174883 0.00858772 0)
(0.00343533 0.0021821 0)
(0.00257541 0.00104787 0)
(0.00402689 0.0154218 0)
(0.00174622 -0.00688553 0)
(-0.00225151 -0.00845414 0)
(0.00081326 -0.00973296 0)
(0.00674941 -0.0237074 0)
(-0.00747768 -0.0392522 0)
(0.00508393 -0.0699348 0)
(-0.00264154 0.0587811 0)
(0.00116736 0.0332988 0)
(-0.0016463 -0.000256467 0)
(-0.00263625 -0.00334911 0)
(-0.00480409 0.00619117 0)
(-0.00131406 0.00163875 0)
(-0.00831403 -0.00549918 0)
(0.000289065 -0.00128091 0)
(0.00431198 0.00181015 0)
(0.00752471 0.00587562 0)
(0.00557753 0.00532894 0)
(0.00500306 0.00110615 0)
(0.00127329 -0.00465629 0)
(0.00225422 0.00823303 0)
(-0.000286231 0.00690077 0)
(0.00473278 -0.010848 0)
(-0.00436621 -0.0161844 0)
(0.0153921 -0.0108733 0)
(-0.00618258 -0.0115885 0)
(0.00907951 -0.065675 0)
(0.001447 0.0588044 0)
(-0.000656181 0.0362296 0)
(0.000418453 0.0203565 0)
(-0.00131402 0.0153789 0)
(-0.0037378 0.00204667 0)
(-0.000242855 0.00389816 0)
(-0.00661331 -0.00156363 0)
(0.00282712 -0.0107997 0)
(0.00637686 -0.00268812 0)
(0.00802955 0.00655648 0)
(0.0111079 0.0107004 0)
(0.00234068 0.00762321 0)
(0.00504229 0.0052482 0)
(-0.00477919 0.0142254 0)
(-0.000169217 -0.00879281 0)
(0.00695385 -0.00687686 0)
(-0.000192187 -0.0177485 0)
(0.0030244 -0.0238243 0)
(-0.00971415 -0.0292912 0)
(0.00811466 -0.0737127 0)
(-0.00242633 0.0581165 0)
(0.00243685 0.0329809 0)
(-0.0020901 0.00102111 0)
(-0.0043907 2.99311e-05 0)
(0.00624918 0.0032194 0)
(7.33484e-05 0.00491955 0)
(0.0066499 -0.0090332 0)
(0.0105927 -0.0171935 0)
(0.0130936 -0.00443343 0)
(0.00697859 -0.00128404 0)
(0.0139751 0.0113615 0)
(0.0109759 0.00696654 0)
(0.00627593 0.000535 0)
(0.0168354 0.0119567 0)
(0.00913774 -0.004086 0)
(0.0197324 -0.0138582 0)
(0.0103828 -0.013938 0)
(-0.000578205 -0.00261193 0)
(-0.0081461 -0.0226605 0)
(0.00737729 -0.0687883 0)
(0.00440368 0.0571898 0)
(0.00116629 0.035756 0)
(0.00757153 0.0238671 0)
(-0.00114425 0.010443 0)
(0.000929499 -0.00331021 0)
(0.000526659 0.00601249 0)
(0.0134908 -0.0106961 0)
(0.00595207 -0.0135485 0)
(0.00528627 -0.000192689 0)
(0.0146986 0.00977294 0)
(0.00361722 0.00439925 0)
(0.0185574 0.0185386 0)
(0.00563425 -0.00192271 0)
(0.0164952 0.0138285 0)
(0.0127176 -0.00366177 0)
(0.0180287 -0.00821227 0)
(-0.0148286 0.00695111 0)
(0.0167301 -0.00760493 0)
(-0.00438262 -0.0275596 0)
(0.00867577 -0.072608 0)
(-0.00156909 0.0531832 0)
(0.00883152 0.0311598 0)
(0.00252838 0.00801201 0)
(0.00544274 0.00335861 0)
(0.00918915 0.0016624 0)
(0.000381011 -0.00895238 0)
(0.0169837 -0.014433 0)
(0.0053006 -0.0125208 0)
(0.0173276 -0.0102889 0)
(0.0169743 -0.00198855 0)
(0.0234286 0.00729321 0)
(0.00825122 0.00753171 0)
(0.0245588 -0.00118572 0)
(0.00492098 0.0056359 0)
(0.0210716 -0.0104729 0)
(0.0155603 0.00868439 0)
(0.00486124 -0.0113804 0)
(0.0249708 -0.0179858 0)
(-0.00415683 -0.0204615 0)
(0.00935666 -0.0635161 0)
(0.00894184 0.0484595 0)
(0.0099479 0.0317642 0)
(0.0223241 0.0219834 0)
(0.0151745 0.0081425 0)
(0.0180524 -0.000521001 0)
(0.0207547 -0.00226284 0)
(0.017324 -0.0150393 0)
(0.0168872 -0.0189724 0)
(0.0160975 -0.0110835 0)
(0.0135706 0.00263476 0)
(0.019084 0.0124907 0)
(0.0246002 0.0179387 0)
(0.0110206 0.00284008 0)
(0.0274752 0.0140474 0)
(0.0148604 -0.00799807 0)
(0.0196739 0.00860151 0)
(0.0181039 -0.00255997 0)
(0.00389281 0.00705329 0)
(0.00118899 -0.00171863 0)
(0.0147053 -0.0681155 0)
(0.00169861 0.0363619 0)
(0.0241801 0.0202304 0)
(0.0211646 0.011046 0)
(0.0366216 0.00427913 0)
(0.0240972 -0.000449553 0)
(0.0266237 -0.00564146 0)
(0.0127901 -0.00707234 0)
(-0.00582662 -0.00745974 0)
(-0.0241164 -0.00958153 0)
(-0.0195092 -0.00654658 0)
(-0.0295619 0.000311233 0)
(-0.00036698 0.00942293 0)
(-0.0131676 -0.00501323 0)
(0.00324207 0.00793605 0)
(0.000525111 -0.00560635 0)
(-0.0119683 0.00811242 0)
(0.0161423 -0.00435875 0)
(-0.0149956 -0.00248277 0)
(0.0286791 -0.0415624 0)
(0.013171 -0.0597311 0)
(0.0167356 0.0219008 0)
(0.0337173 0.014143 0)
(0.0494809 0.010584 0)
(0.0546348 0.00781541 0)
(0.0638283 0.00741746 0)
(0.0621546 0.00766805 0)
(0.0686817 0.0102597 0)
(0.0632746 0.011376 0)
(0.0710091 0.0107783 0)
(0.065544 0.00575054 0)
(0.073531 0.00287837 0)
(0.0651974 -0.00271134 0)
(0.0747144 0.00203153 0)
(0.0702315 -0.00268406 0)
(0.0736819 0.00295575 0)
(0.0739803 -0.00173152 0)
(0.0710647 0.000874073 0)
(0.0728797 -0.00280651 0)
(0.0590756 -0.005828 0)
(0.0345449 -0.00924222 0)
)
;

boundaryField
{
    movingWall
    {
        type            fixedValue;
        value           uniform (1 0 0);
    }
    fixedWalls
    {
        type            noSlip;
    }
    frontAndBack
    {
        type            empty;
    }
}


// ************************************************************************* //
