/*--------------------------------*- C++ -*----------------------------------*\
| =========                 |                                                 |
| \\      /  F ield         | OpenFOAM: The Open Source CFD Toolbox           |
|  \\    /   O peration     | Version:  5.x                                   |
|   \\  /    A nd           | Web:      www.OpenFOAM.org                      |
|    \\/     M anipulation  |                                                 |
\*---------------------------------------------------------------------------*/
FoamFile
{
    version     2.0;
    format      ascii;
    class       volVectorField;
    location    "5.8";
    object      U;
}
// * * * * * * * * * * * * * * * * * * * * * * * * * * * * * * * * * * * * * //

dimensions      [0 1 -1 0 0 0 0];

internalField   nonuniform List<vector> 
400
(
(-0.000377591 0.000385099 0)
(-0.00119397 0.000431683 0)
(-0.00212793 0.000506173 0)
(-0.00324953 0.000649585 0)
(-0.00472405 0.000923369 0)
(-0.00682039 0.00147292 0)
(-0.0100256 0.00266132 0)
(-0.0151979 0.00519524 0)
(-0.0242763 0.00850098 0)
(-0.0398996 0.00572901 0)
(-0.0543301 -0.00596605 0)
(-0.0573059 -0.00896426 0)
(-0.0592565 0.00222207 0)
(-0.0652432 0.00579128 0)
(-0.0643536 -0.00223748 0)
(-0.0571865 -0.00461389 0)
(-0.0511753 -0.0023385 0)
(-0.0450633 -0.00396001 0)
(-0.0351755 -0.00846321 0)
(-0.00979329 -0.0158311 0)
(-0.000370316 0.00116075 0)
(-0.00116461 0.00129323 0)
(-0.00204512 0.00149058 0)
(-0.003034 0.00184885 0)
(-0.00419176 0.00247272 0)
(-0.00554423 0.00357149 0)
(-0.00704158 0.00554536 0)
(-0.00836067 0.00901207 0)
(-0.00878473 0.0142576 0)
(-0.00963153 0.0191756 0)
(-0.0146881 0.0196829 0)
(-0.0247795 0.0148696 0)
(-0.0362313 0.00562879 0)
(-0.0407952 -0.00181384 0)
(-0.0398479 -0.00519695 0)
(-0.0374814 -0.00818557 0)
(-0.0330727 -0.0120369 0)
(-0.0283056 -0.01635 0)
(-0.0236715 -0.0240558 0)
(-0.00486565 -0.0386719 0)
(-0.000317111 0.001877 0)
(-0.000994018 0.00207521 0)
(-0.00172338 0.00234108 0)
(-0.00249523 0.00279564 0)
(-0.00331831 0.00351375 0)
(-0.00414732 0.00461786 0)
(-0.00484764 0.00628549 0)
(-0.00510945 0.00872641 0)
(-0.00437806 0.0119568 0)
(-0.00238936 0.0148631 0)
(-0.000407515 0.0157464 0)
(0.000347374 0.0151436 0)
(-0.000167381 0.0131447 0)
(-0.00149709 0.00770391 0)
(-0.00455549 -0.000334191 0)
(-0.0060938 -0.00772228 0)
(-0.00731302 -0.0109543 0)
(-0.00840822 -0.0131994 0)
(-0.00943639 -0.0229318 0)
(-0.0040978 -0.0440023 0)
(-0.000249915 0.00246152 0)
(-0.000782895 0.00270479 0)
(-0.00134005 0.00299387 0)
(-0.0018906 0.00346926 0)
(-0.00241639 0.00417528 0)
(-0.00285177 0.00517745 0)
(-0.00307454 0.0065465 0)
(-0.00286308 0.00831333 0)
(-0.00192136 0.0104132 0)
(0.000123773 0.0123701 0)
(0.00302335 0.0135087 0)
(0.00619869 0.0130965 0)
(0.00830052 0.0108411 0)
(0.00947276 0.00567498 0)
(0.00853863 -0.000153553 0)
(0.00725038 -0.00550652 0)
(0.00303593 -0.00923709 0)
(0.00100354 -0.0140298 0)
(-0.00271049 -0.025594 0)
(-0.00158319 -0.0510015 0)
(-0.00017911 0.00290646 0)
(-0.000565444 0.00317939 0)
(-0.000958794 0.00346099 0)
(-0.0013187 0.00390662 0)
(-0.00161759 0.00453441 0)
(-0.00178908 0.0053672 0)
(-0.00174011 0.00642321 0)
(-0.00130716 0.00765716 0)
(-0.000375594 0.00900368 0)
(0.0013173 0.0101166 0)
(0.00358187 0.0107184 0)
(0.00634348 0.010144 0)
(0.00853527 0.00851151 0)
(0.0104453 0.0052109 0)
(0.010226 0.00180811 0)
(0.00966008 -0.00292221 0)
(0.005594 -0.00598495 0)
(0.00625573 -0.00946892 0)
(-0.00166547 -0.0195254 0)
(0.00250795 -0.0486051 0)
(-0.00011098 0.00321078 0)
(-0.000360096 0.00350648 0)
(-0.000610494 0.00376653 0)
(-0.000818424 0.0041639 0)
(-0.000957435 0.00469326 0)
(-0.000965846 0.0053528 0)
(-0.000791765 0.00614002 0)
(-0.000297609 0.0069578 0)
(0.000503944 0.00780561 0)
(0.00183854 0.0083364 0)
(0.00340027 0.00856998 0)
(0.0054223 0.00782006 0)
(0.00684376 0.00674881 0)
(0.00858095 0.00406622 0)
(0.00796495 0.00215065 0)
(0.00869696 -0.00172325 0)
(0.0047549 -0.00393876 0)
(0.00524504 -0.00822115 0)
(-0.000323721 -0.0198816 0)
(0.00112958 -0.053206 0)
(-4.51708e-05 0.0033827 0)
(-0.000169645 0.00369839 0)
(-0.000299358 0.00393367 0)
(-0.000392936 0.00427235 0)
(-0.000430459 0.00470966 0)
(-0.000344498 0.00520381 0)
(-0.000140873 0.00578786 0)
(0.000351825 0.00629908 0)
(0.000986013 0.00684561 0)
(0.00205921 0.00699174 0)
(0.00307809 0.00710821 0)
(0.00461609 0.00620837 0)
(0.00535625 0.00567024 0)
(0.00686861 0.00316478 0)
(0.00609818 0.00255331 0)
(0.00711048 -0.00117507 0)
(0.00367547 -0.00208625 0)
(0.00514618 -0.00624026 0)
(-6.6031e-05 -0.0172524 0)
(0.00247578 -0.046333 0)
(1.67941e-05 0.0034282 0)
(3.40714e-06 0.00378241 0)
(-3.46585e-05 0.00400915 0)
(-4.24306e-05 0.00433862 0)
(-2.48335e-05 0.00469567 0)
(0.000113766 0.00509212 0)
(0.000303485 0.00550296 0)
(0.000761988 0.00581439 0)
(0.00119627 0.00616439 0)
(0.00209538 0.00608479 0)
(0.00263938 0.00619975 0)
(0.00394223 0.00524852 0)
(0.00394902 0.00516462 0)
(0.00558102 0.00289947 0)
(0.00379596 0.00314009 0)
(0.00606877 -0.000266983 0)
(0.00158682 -0.000166578 0)
(0.00445718 -0.00513809 0)
(-0.00258186 -0.0136575 0)
(-0.000773207 -0.0510815 0)
(9.66031e-05 0.00336619 0)
(0.000197194 0.00376449 0)
(0.000254721 0.00397979 0)
(0.0002916 0.00421177 0)
(0.000316879 0.00451254 0)
(0.000458152 0.00475269 0)
(0.000572213 0.00508891 0)
(0.00100637 0.00522649 0)
(0.00124895 0.00549851 0)
(0.0020773 0.0052557 0)
(0.00225336 0.00541011 0)
(0.0035237 0.00433673 0)
(0.00308457 0.00461227 0)
(0.0048559 0.00215649 0)
(0.00288378 0.00320032 0)
(0.0052905 -0.000546128 0)
(0.000652355 0.000608149 0)
(0.00419477 -0.00420866 0)
(-0.00178792 -0.0144964 0)
(0.00496087 -0.0541865 0)
(0.000181478 0.00310722 0)
(0.000375447 0.00360387 0)
(0.000416032 0.00395029 0)
(0.000491745 0.00439305 0)
(0.00052658 0.00466523 0)
(0.000699029 0.00499627 0)
(0.000787405 0.00515322 0)
(0.00118174 0.00523431 0)
(0.00123979 0.00533934 0)
(0.00200506 0.00503009 0)
(0.00177129 0.00517121 0)
(0.0030972 0.00420655 0)
(0.00189819 0.0046415 0)
(0.00419201 0.0027354 0)
(0.000951862 0.00389858 0)
(0.00503774 0.000992954 0)
(-0.000780199 0.002332 0)
(0.00546632 -0.00295277 0)
(-0.00353668 -0.0103097 0)
(0.00516702 -0.0436616 0)
(0.000351081 0.00287769 0)
(0.00077965 0.0037264 0)
(0.00102732 0.00386961 0)
(0.00100621 0.00395543 0)
(0.000902663 0.00415013 0)
(0.000931704 0.00416189 0)
(0.000791942 0.00440418 0)
(0.0011717 0.00436521 0)
(0.00103288 0.00453651 0)
(0.00187845 0.00418586 0)
(0.00142273 0.00438108 0)
(0.00293918 0.00336046 0)
(0.00158097 0.0039297 0)
(0.00414553 0.00170873 0)
(0.000934722 0.00332945 0)
(0.00501412 -0.000447948 0)
(-0.00161975 0.00181334 0)
(0.00429445 -0.00342818 0)
(-0.00529455 -0.0137198 0)
(0.00276643 -0.0547469 0)
(0.000743312 0.00180427 0)
(0.00100911 0.00261216 0)
(0.000647863 0.00364924 0)
(0.000779184 0.00468411 0)
(0.000779509 0.00498871 0)
(0.000984009 0.00544611 0)
(0.00101066 0.00531749 0)
(0.00133674 0.00530483 0)
(0.00108158 0.00513412 0)
(0.00185483 0.00481256 0)
(0.0010063 0.00480443 0)
(0.00258034 0.004042 0)
(0.000414086 0.00448126 0)
(0.00345167 0.00314902 0)
(-0.00122545 0.0044561 0)
(0.00451763 0.0029219 0)
(-0.00360847 0.00376687 0)
(0.00571206 0.000322451 0)
(-0.00583102 -0.00978275 0)
(0.0068755 -0.047943 0)
(0.00121063 0.00122309 0)
(0.00232761 0.0044866 0)
(0.00298805 0.00428042 0)
(0.0022792 0.00380539 0)
(0.00150927 0.00369157 0)
(0.00113024 0.00336083 0)
(0.000574169 0.00369706 0)
(0.000911451 0.00362618 0)
(0.000507398 0.00374354 0)
(0.00146673 0.00348787 0)
(0.000591395 0.00356166 0)
(0.00249554 0.00292766 0)
(0.000394499 0.00314923 0)
(0.00407787 0.0019845 0)
(-0.000368242 0.00246995 0)
(0.00579411 0.000437462 0)
(-0.00237328 0.00140849 0)
(0.00605873 -0.00221495 0)
(-0.00758339 -0.0132626 0)
(0.00630159 -0.0522988 0)
(0.00419067 -0.00191775 0)
(0.00270437 0.000222388 0)
(0.000450062 0.00342021 0)
(0.0014087 0.0060227 0)
(0.0014002 0.00638902 0)
(0.00155869 0.0070667 0)
(0.00148844 0.00611242 0)
(0.00161284 0.00594725 0)
(0.00107009 0.00525949 0)
(0.00186527 0.00514607 0)
(0.000570107 0.00460265 0)
(0.00231492 0.00449507 0)
(-0.000350988 0.00404345 0)
(0.00268481 0.00397672 0)
(-0.00214745 0.00440949 0)
(0.00273191 0.00482335 0)
(-0.00589488 0.00512544 0)
(0.00719215 0.00501115 0)
(-0.00622703 -0.0084347 0)
(0.00748976 -0.0507379 0)
(0.00522044 -0.00552914 0)
(0.0063059 0.00989401 0)
(0.00473737 0.00568752 0)
(0.000878384 0.00372923 0)
(-0.00132098 0.00302101 0)
(-0.00128311 0.00231217 0)
(-0.00157256 0.00309652 0)
(-0.000808571 0.00304962 0)
(-0.000800045 0.00306248 0)
(9.59112e-05 0.00299326 0)
(-0.000438704 0.00285026 0)
(0.00108465 0.00270304 0)
(-0.00061871 0.00257583 0)
(0.00299274 0.00254535 0)
(-0.00217783 0.00174373 0)
(0.00764493 0.00242863 0)
(-0.00300296 -0.0030997 0)
(0.00773168 -0.00298344 0)
(-0.00790265 -0.0149833 0)
(0.00732923 -0.051998 0)
(0.000627037 -0.0167504 0)
(0.00523932 0.000115444 0)
(0.00553361 0.00853974 0)
(0.00794102 0.0107741 0)
(0.00815942 0.00873222 0)
(0.005852 0.008514 0)
(0.00517614 0.00621986 0)
(0.00472968 0.00619053 0)
(0.00318613 0.00508908 0)
(0.0042309 0.00555773 0)
(0.00169863 0.00430509 0)
(0.00456714 0.00546285 0)
(0.000259148 0.00289643 0)
(0.00573339 0.00625866 0)
(-0.00161075 0.00117304 0)
(0.00271017 0.0061553 0)
(-0.00512618 0.0072826 0)
(0.00767624 0.00975698 0)
(-0.00638803 -0.00486345 0)
(0.00841083 -0.0512693 0)
(-0.00353985 -0.00773264 0)
(-0.00738522 0.00877591 0)
(-0.0145225 -0.00063358 0)
(-0.00380924 0.00424006 0)
(-0.0116274 0.00448642 0)
(-0.00452667 0.00397654 0)
(-0.00805941 0.00393946 0)
(-0.00557905 0.00365822 0)
(-0.00585904 0.0032767 0)
(-0.00567184 0.00316063 0)
(-0.00427678 0.0024129 0)
(-0.00528664 0.00262966 0)
(-0.00258537 0.00154962 0)
(-0.00607525 0.00262749 0)
(-0.00205646 0.00448357 0)
(-0.00186944 0.00432489 0)
(-0.00731781 -0.00942413 0)
(0.0122904 -0.0027654 0)
(-0.00583868 -0.0190359 0)
(0.0085154 -0.0510284 0)
(-0.0113442 -0.0108186 0)
(0.0114247 0.0105598 0)
(0.00623378 0.00655864 0)
(0.00421463 0.00745527 0)
(0.0088696 0.00856084 0)
(0.00838375 0.00703212 0)
(0.0107128 0.00661311 0)
(0.0117618 0.00589671 0)
(0.0116775 0.00500096 0)
(0.0142163 0.00534986 0)
(0.0112115 0.00385523 0)
(0.0158099 0.00546635 0)
(0.00881129 0.00311224 0)
(0.0164612 0.00840174 0)
(0.0049764 -0.00319395 0)
(0.0189998 0.0102039 0)
(0.00531791 -0.00277078 0)
(0.00812244 0.00749489 0)
(-0.0014056 0.00544065 0)
(0.0126918 -0.0468419 0)
(-0.0205773 -0.00512665 0)
(-0.0130752 -0.00427545 0)
(-0.0229348 0.00347037 0)
(-0.0144935 -0.000703493 0)
(-0.0206099 0.0017334 0)
(-0.0116196 1.18449e-07 0)
(-0.0197693 0.00128589 0)
(-0.00877263 0.00114291 0)
(-0.0187057 0.00084092 0)
(-0.00653377 0.0023699 0)
(-0.0160472 0.00101969 0)
(-0.0042541 0.00320175 0)
(-0.0133755 0.00118647 0)
(-0.000627759 0.00456086 0)
(-0.00636359 5.53729e-05 0)
(-0.00638569 0.00698965 0)
(0.00689558 -0.00190061 0)
(-0.00999119 0.000374259 0)
(0.0171372 -0.0270458 0)
(0.0130403 -0.0483909 0)
(0.0018029 0.0179169 0)
(0.0132049 0.0140921 0)
(0.0128595 0.00784094 0)
(0.020803 0.00759733 0)
(0.0232107 0.00591765 0)
(0.0246972 0.00566558 0)
(0.030803 0.00540545 0)
(0.029871 0.00473116 0)
(0.0368101 0.00404617 0)
(0.0350422 0.00319004 0)
(0.0406274 0.00279512 0)
(0.0398094 0.00221122 0)
(0.0443397 0.0024777 0)
(0.0445372 0.000899145 0)
(0.0477931 0.00234082 0)
(0.0490018 -0.000301044 0)
(0.0490711 0.000518824 0)
(0.0507297 -0.000699306 0)
(0.0428998 -0.00507731 0)
(0.0268801 -0.0048775 0)
)
;

boundaryField
{
    movingWall
    {
        type            fixedValue;
        value           uniform (1 0 0);
    }
    fixedWalls
    {
        type            noSlip;
    }
    frontAndBack
    {
        type            empty;
    }
}


// ************************************************************************* //
