/*--------------------------------*- C++ -*----------------------------------*\
| =========                 |                                                 |
| \\      /  F ield         | OpenFOAM: The Open Source CFD Toolbox           |
|  \\    /   O peration     | Version:  5.x                                   |
|   \\  /    A nd           | Web:      www.OpenFOAM.org                      |
|    \\/     M anipulation  |                                                 |
\*---------------------------------------------------------------------------*/
FoamFile
{
    version     2.0;
    format      ascii;
    class       volScalarField;
    location    "13.7";
    object      p;
}
// * * * * * * * * * * * * * * * * * * * * * * * * * * * * * * * * * * * * * //

dimensions      [0 2 -2 0 0 0 0];

internalField   nonuniform List<scalar> 
400
(
1.66822e-08
-0.000490614
-0.00085845
-0.0010725
-0.00117452
-0.00122971
-0.00123421
-0.001243
-0.00123298
-0.00122778
-0.00122431
-0.0012213
-0.00122132
-0.0012072
-0.00118822
-0.00112914
-0.000995975
-0.000751537
-0.000592254
0.000285253
-0.000517697
-0.000881224
-0.00108724
-0.00118955
-0.00122553
-0.00124883
-0.00124824
-0.00124025
-0.00123393
-0.00122319
-0.00122431
-0.00122167
-0.00124659
-0.00122305
-0.00122847
-0.00116906
-0.00115555
-0.00102676
-0.00104018
-0.000407113
-0.000872786
-0.00111324
-0.00119129
-0.00124677
-0.00123559
-0.00125262
-0.0012489
-0.00124051
-0.00124086
-0.00122672
-0.00123401
-0.00122243
-0.0012348
-0.00121485
-0.00121891
-0.00117395
-0.00115494
-0.00109634
-0.00105034
-0.00079879
-0.00106347
-0.00121931
-0.00123791
-0.00124748
-0.00124872
-0.00124661
-0.00124851
-0.00124294
-0.00124102
-0.00123212
-0.00123179
-0.00122146
-0.00123619
-0.00121478
-0.00122663
-0.00119047
-0.00117894
-0.00113853
-0.00121032
-0.00103811
-0.00115408
-0.00125086
-0.00123801
-0.00125582
-0.00124837
-0.00124925
-0.00125131
-0.00124525
-0.00124609
-0.00123197
-0.00123273
-0.00122429
-0.00123386
-0.00121862
-0.0012221
-0.00119765
-0.00119904
-0.00117207
-0.00115825
-0.00110209
-0.00121654
-0.00125492
-0.0012456
-0.0012533
-0.00125448
-0.0012547
-0.00125862
-0.00125247
-0.00125114
-0.00123834
-0.00123066
-0.00122591
-0.00123357
-0.00121776
-0.00122569
-0.00120055
-0.00121186
-0.00117992
-0.00120028
-0.00116036
-0.00124183
-0.00127366
-0.00126266
-0.00126166
-0.00126372
-0.00126386
-0.00126708
-0.00126335
-0.00125944
-0.00124405
-0.001234
-0.00123668
-0.00124373
-0.00123105
-0.00124156
-0.00122826
-0.00122344
-0.00118872
-0.00120264
-0.0011723
-0.00127448
-0.00127636
-0.00128158
-0.00127145
-0.00127935
-0.00128347
-0.0012894
-0.00128386
-0.00127843
-0.00126333
-0.00123956
-0.00123048
-0.0012393
-0.00122659
-0.00123857
-0.00122191
-0.00124769
-0.00118987
-0.00121855
-0.00119013
-0.00129266
-0.00128615
-0.00128994
-0.00129258
-0.00129831
-0.00130783
-0.00131841
-0.00131565
-0.00130155
-0.00128528
-0.0012715
-0.00126301
-0.00127322
-0.00125918
-0.00126926
-0.0012517
-0.00125172
-0.00121302
-0.00126267
-0.00120583
-0.00128888
-0.00130372
-0.00130984
-0.00130703
-0.0013338
-0.00135473
-0.00137176
-0.00137107
-0.00134967
-0.00130738
-0.00127753
-0.00125082
-0.00125924
-0.00123504
-0.00126018
-0.00125226
-0.00127269
-0.00123501
-0.00123481
-0.00123181
-0.00129351
-0.00128811
-0.00130714
-0.00132449
-0.00135188
-0.00139984
-0.00146631
-0.00147483
-0.00144389
-0.00137529
-0.00131501
-0.00130055
-0.0013094
-0.00130275
-0.00136095
-0.0013125
-0.00135369
-0.00128428
-0.0013046
-0.00124096
-0.00127434
-0.00128268
-0.00130479
-0.00133226
-0.00140655
-0.00154867
-0.00167879
-0.00171584
-0.00167374
-0.00153437
-0.00134616
-0.00128278
-0.00127265
-0.00124964
-0.00130086
-0.00128183
-0.00131258
-0.00122834
-0.00132028
-0.00120264
-0.00128834
-0.00129856
-0.00131617
-0.00136152
-0.00149668
-0.00168213
-0.00189871
-0.0019414
-0.00188443
-0.00167625
-0.00137476
-0.00129552
-0.0013428
-0.00134379
-0.00137771
-0.00132379
-0.00133339
-0.00126001
-0.00132467
-0.00118128
-0.00125933
-0.00126148
-0.00129711
-0.0013475
-0.00149907
-0.00172449
-0.00195644
-0.00199898
-0.00191522
-0.00169848
-0.00136504
-0.00124486
-0.00128012
-0.00125368
-0.00127438
-0.00126269
-0.00127319
-0.00118008
-0.00122208
-0.00124536
-0.00119819
-0.00125045
-0.00126156
-0.00131052
-0.00143995
-0.00167686
-0.00186577
-0.00191172
-0.00183323
-0.00163625
-0.00133143
-0.001285
-0.00128983
-0.00135143
-0.0014376
-0.00142538
-0.00153315
-0.00136617
-0.00145062
-0.00132605
-0.00114581
-0.00113752
-0.0011785
-0.00119215
-0.00131329
-0.00147569
-0.0016099
-0.00169078
-0.00165954
-0.00150761
-0.00130683
-0.00125297
-0.00135671
-0.0013878
-0.00131382
-0.00138492
-0.0012374
-0.00117427
-0.00121085
-0.00121388
-0.000993453
-0.00104198
-0.00110287
-0.00111919
-0.0011761
-0.0012994
-0.00140178
-0.00145683
-0.0015399
-0.00143204
-0.00126156
-0.00123176
-0.00152149
-0.00152874
-0.00136037
-0.0014751
-0.001462
-0.00119356
-0.00138653
-0.00106488
-0.000822703
-0.00100645
-0.00102968
-0.00102957
-0.00106893
-0.00118199
-0.00126188
-0.00133685
-0.00156883
-0.00165952
-0.00156417
-0.00140042
-0.00138405
-0.00139546
-0.00144993
-0.00140501
-0.00119574
-0.000943024
-0.000882318
-0.000616965
-0.000559786
-0.000797155
-0.00095067
-0.00103376
-0.00101212
-0.00103937
-0.000961741
-0.00108675
-0.00157087
-0.00202639
-0.0018217
-0.00137689
-0.00147542
-0.00112538
-0.00137715
-0.00124743
-0.00105751
-0.00154169
-0.00079305
-0.000369853
-0.00028439
-0.000636609
-0.000871585
-0.000982517
-0.000998247
-0.00105705
-0.00123528
-0.001409
-0.00149154
-0.00150065
-0.00154226
-0.00151637
-0.00138988
-0.00123795
-0.001057
-0.000958751
-0.000958721
-0.00100369
-0.000314975
0.00138325
)
;

boundaryField
{
    movingWall
    {
        type            zeroGradient;
    }
    fixedWalls
    {
        type            zeroGradient;
    }
    frontAndBack
    {
        type            empty;
    }
}


// ************************************************************************* //
