/*--------------------------------*- C++ -*----------------------------------*\
| =========                 |                                                 |
| \\      /  F ield         | OpenFOAM: The Open Source CFD Toolbox           |
|  \\    /   O peration     | Version:  5.x                                   |
|   \\  /    A nd           | Web:      www.OpenFOAM.org                      |
|    \\/     M anipulation  |                                                 |
\*---------------------------------------------------------------------------*/
FoamFile
{
    version     2.0;
    format      ascii;
    class       volScalarField;
    location    "3.2";
    object      p;
}
// * * * * * * * * * * * * * * * * * * * * * * * * * * * * * * * * * * * * * //

dimensions      [0 2 -2 0 0 0 0];

internalField   nonuniform List<scalar> 
400
(
9.28339e-11
6.73633e-07
2.09993e-06
4.31081e-06
7.38308e-06
1.1417e-05
1.65397e-05
2.29049e-05
3.06905e-05
4.00927e-05
5.13139e-05
6.45426e-05
7.99133e-05
9.74432e-05
0.000116941
0.000137914
0.000159258
0.000179161
0.000195167
0.000204398
-7.82284e-07
-1.33621e-07
1.24274e-06
3.37786e-06
6.34847e-06
1.02548e-05
1.52251e-05
2.14159e-05
2.9012e-05
3.82241e-05
4.92786e-05
6.24024e-05
7.77879e-05
9.55332e-05
0.000115546
0.000137492
0.000160356
0.000182318
0.000200545
0.000211721
-2.37941e-06
-1.78044e-06
-5.03478e-07
1.48069e-06
4.24792e-06
7.89748e-06
1.25583e-05
1.83916e-05
2.55945e-05
3.44022e-05
4.50864e-05
5.79471e-05
7.32915e-05
9.13826e-05
0.000112352
0.00013619
0.000162107
0.000188397
0.000211638
0.000227755
-4.73145e-06
-4.20687e-06
-3.07893e-06
-1.32153e-06
1.13913e-06
4.39935e-06
8.58684e-06
1.38654e-05
2.04428e-05
2.85804e-05
3.86033e-05
5.09097e-05
6.59687e-05
8.42867e-05
0.000106287
0.000132711
0.000163109
0.000196367
0.000228492
0.000255126
-7.76347e-06
-7.33738e-06
-6.40688e-06
-4.95037e-06
-2.89812e-06
-1.60516e-07
3.38326e-06
7.89265e-06
1.35771e-05
2.07139e-05
2.9672e-05
4.09445e-05
5.51911e-05
7.32869e-05
9.63985e-05
0.000125014
0.000160691
0.000203671
0.000249953
0.000298414
-1.13733e-05
-1.10691e-05
-1.03825e-05
-9.29793e-06
-7.75194e-06
-5.66687e-06
-2.9371e-06
5.79345e-07
5.07634e-06
1.08219e-05
1.81936e-05
2.77323e-05
4.02214e-05
5.67996e-05
7.90796e-05
0.000109265
0.000149876
0.000204374
0.00027086
0.000363302
-1.54335e-05
-1.52742e-05
-1.48752e-05
-1.4228e-05
-1.32773e-05
-1.19636e-05
-1.02066e-05
-7.89841e-06
-4.8875e-06
-9.54225e-07
4.22791e-06
1.11554e-05
2.05995e-05
3.37819e-05
5.26567e-05
8.03859e-05
0.000121918
0.000185983
0.000271457
0.000442875
-1.97928e-05
-1.98019e-05
-1.97306e-05
-1.95782e-05
-1.92975e-05
-1.88526e-05
-1.81998e-05
-1.72827e-05
-1.60204e-05
-1.42888e-05
-1.18909e-05
-8.50475e-06
-3.59071e-06
3.78352e-06
1.52514e-05
3.39368e-05
6.88398e-05
0.000130256
0.00018403
0.000466538
-2.42734e-05
-2.44834e-05
-2.47763e-05
-2.51695e-05
-2.56115e-05
-2.61003e-05
-2.66367e-05
-2.72331e-05
-2.79042e-05
-2.86637e-05
-2.95185e-05
-3.04578e-05
-3.14388e-05
-3.23496e-05
-3.30649e-05
-3.46031e-05
-3.68694e-05
-2.35727e-05
-0.000145991
0.00020914
-2.86779e-05
-2.91258e-05
-2.98184e-05
-3.07962e-05
-3.19911e-05
-3.34367e-05
-3.51866e-05
-3.73311e-05
-3.99943e-05
-4.33475e-05
-4.76372e-05
-5.32275e-05
-6.07066e-05
-7.10886e-05
-8.60929e-05
-0.000111267
-0.000172265
-0.000155334
-0.000550821
-0.000207715
-3.27434e-05
-3.3611e-05
-3.46997e-05
-3.64016e-05
-3.82977e-05
-4.06707e-05
-4.35533e-05
-4.7164e-05
-5.17275e-05
-5.75793e-05
-6.52196e-05
-7.53993e-05
-8.92997e-05
-0.000109005
-0.00013773
-0.000168001
-0.000278451
-0.000243729
-0.000542978
-0.000399755
-3.62473e-05
-3.75207e-05
-3.90739e-05
-4.12491e-05
-4.39298e-05
-4.71909e-05
-5.11869e-05
-5.61211e-05
-6.23284e-05
-7.02664e-05
-8.0603e-05
-9.42957e-05
-0.000112834
-0.000137708
-0.000179329
-0.00020545
-0.000334454
-0.000329281
-0.000480145
-0.00044843
-3.86009e-05
-4.16465e-05
-4.33324e-05
-4.77614e-05
-5.04244e-05
-5.48154e-05
-5.91365e-05
-6.48571e-05
-7.20668e-05
-8.15123e-05
-9.38963e-05
-0.000110205
-0.000132881
-0.000157169
-0.000213826
-0.000234668
-0.000376365
-0.000409618
-0.000592945
-0.000568923
-3.99061e-05
-4.4207e-05
-4.63354e-05
-4.93892e-05
-5.30104e-05
-5.71189e-05
-6.25484e-05
-6.9218e-05
-7.77577e-05
-8.84158e-05
-0.00010222
-0.000118724
-0.000144442
-0.000165574
-0.000226293
-0.000245555
-0.000381249
-0.000416264
-0.000572055
-0.000565261
-3.59766e-05
-4.44254e-05
-5.02854e-05
-5.83071e-05
-6.11865e-05
-6.83348e-05
-7.16245e-05
-7.87673e-05
-8.61614e-05
-9.65774e-05
-0.000110418
-0.000124466
-0.000152067
-0.000172621
-0.000222174
-0.000254777
-0.00034388
-0.000411645
-0.000484203
-0.000433815
-3.87235e-05
-5.93105e-05
-5.45552e-05
-5.83414e-05
-6.00372e-05
-6.27079e-05
-6.79944e-05
-7.38792e-05
-8.32342e-05
-9.2843e-05
-0.000109069
-0.000123578
-0.000147185
-0.000168477
-0.000205023
-0.000235173
-0.000295708
-0.000338511
-0.000432339
-0.000310874
-9.9479e-06
-3.44396e-05
-5.62695e-05
-7.18396e-05
-7.24632e-05
-8.078e-05
-7.97039e-05
-8.66978e-05
-9.18514e-05
-0.000102238
-0.000113015
-0.000126545
-0.000146427
-0.000161582
-0.000189
-0.00021699
-0.00024898
-0.000271442
-0.000352855
-0.000123374
-2.75269e-05
-0.00012051
-8.70158e-05
-7.20036e-05
-6.45318e-05
-6.27397e-05
-6.34293e-05
-6.94483e-05
-7.70652e-05
-8.87726e-05
-0.000100584
-0.000116319
-0.000133016
-0.000148763
-0.00016562
-0.000169014
-0.000154269
-0.000161515
-0.000101809
0.000186325
1.38899e-05
-8.96371e-05
-8.66928e-05
-7.93465e-05
-6.31287e-05
-7.90645e-05
-7.72285e-05
-8.43379e-05
-8.7988e-05
-0.000105689
-0.000107574
-0.000122449
-0.000141879
-0.000151583
-0.00016707
-0.00020259
-0.000195492
-0.000106387
-0.000139059
0.000568432
-0.000130335
-6.04344e-05
-3.54351e-05
-4.9557e-05
-4.15322e-05
-4.45816e-05
-5.96181e-05
-5.58087e-05
-6.22844e-05
-9.33402e-05
-8.13662e-05
-0.000103526
-0.000131456
-0.00012104
-0.000140787
-0.000146301
-9.50425e-05
0.000194456
0.000667117
0.00201328
)
;

boundaryField
{
    movingWall
    {
        type            zeroGradient;
    }
    fixedWalls
    {
        type            zeroGradient;
    }
    frontAndBack
    {
        type            empty;
    }
}


// ************************************************************************* //
