/*--------------------------------*- C++ -*----------------------------------*\
| =========                 |                                                 |
| \\      /  F ield         | OpenFOAM: The Open Source CFD Toolbox           |
|  \\    /   O peration     | Version:  5.x                                   |
|   \\  /    A nd           | Web:      www.OpenFOAM.org                      |
|    \\/     M anipulation  |                                                 |
\*---------------------------------------------------------------------------*/
FoamFile
{
    version     2.0;
    format      ascii;
    class       volScalarField;
    location    "7.4";
    object      p;
}
// * * * * * * * * * * * * * * * * * * * * * * * * * * * * * * * * * * * * * //

dimensions      [0 2 -2 0 0 0 0];

internalField   nonuniform List<scalar> 
400
(
-1.75862e-11
-0.000292506
-0.000691489
-0.0010829
-0.0014399
-0.00161653
-0.00168105
-0.0016495
-0.00145333
-0.00121373
-0.00112612
-0.00105714
-0.000969988
-0.000916983
-0.000924481
-0.000923207
-0.000864448
-0.000697679
-0.000446538
0.000362942
-0.000393633
-0.00057408
-0.00084025
-0.00122549
-0.0016661
-0.00186288
-0.00183016
-0.00178471
-0.00154133
-0.0012178
-0.00109178
-0.00106264
-0.00099489
-0.000923534
-0.000937907
-0.000972113
-0.00101383
-0.000958388
-0.000857062
-0.000317629
-0.000701665
-0.000851805
-0.00114773
-0.00149014
-0.00173449
-0.00184676
-0.001849
-0.00174
-0.00152163
-0.00126839
-0.00112717
-0.00104873
-0.000993885
-0.000947646
-0.000971646
-0.000973215
-0.00102481
-0.000997611
-0.00098096
-0.000715112
-0.000864953
-0.000967291
-0.00115426
-0.00136642
-0.0015597
-0.00167644
-0.00168445
-0.00160825
-0.0014566
-0.00127168
-0.00115491
-0.00107927
-0.00104745
-0.000997382
-0.00100805
-0.000992293
-0.00102745
-0.000995902
-0.00103573
-0.000904448
-0.000939902
-0.00100229
-0.00111659
-0.00125655
-0.00138803
-0.00146932
-0.00147508
-0.00142954
-0.0013392
-0.0012274
-0.00114762
-0.00108163
-0.00106512
-0.00101419
-0.00103529
-0.00100647
-0.00104354
-0.00100259
-0.00103885
-0.000966069
-0.000979091
-0.00101803
-0.00108967
-0.0011785
-0.00126207
-0.00131596
-0.00132809
-0.00130567
-0.00125894
-0.00119426
-0.00114281
-0.00109026
-0.00108028
-0.00103341
-0.00105116
-0.00101407
-0.00105002
-0.00100643
-0.00105455
-0.000994899
-0.00100201
-0.00102768
-0.00107438
-0.00113158
-0.00118618
-0.00122506
-0.00124048
-0.00123243
-0.00120572
-0.00116634
-0.00113414
-0.00109517
-0.0010907
-0.00105219
-0.00107125
-0.0010357
-0.00107045
-0.00102884
-0.00107917
-0.00103761
-0.00101591
-0.00103451
-0.00106674
-0.00110534
-0.00114217
-0.00116868
-0.00118116
-0.00117753
-0.00116218
-0.00113659
-0.00111893
-0.00108666
-0.00108884
-0.00104993
-0.00107558
-0.0010325
-0.00107676
-0.00103012
-0.00108852
-0.00105598
-0.00102274
-0.00103799
-0.00106258
-0.00109066
-0.00111712
-0.00113726
-0.00114854
-0.00115018
-0.00114446
-0.00113087
-0.00111987
-0.00109736
-0.00109892
-0.0010723
-0.00108866
-0.00105643
-0.00108822
-0.00105213
-0.00109341
-0.00105692
-0.0010247
-0.001041
-0.00106145
-0.00108341
-0.00110243
-0.00111548
-0.00112303
-0.00112242
-0.0011183
-0.00110443
-0.00110081
-0.0010785
-0.0010879
-0.00105632
-0.0010837
-0.0010453
-0.0010888
-0.00104496
-0.00110237
-0.00106658
-0.00102072
-0.00104067
-0.00106087
-0.00107952
-0.00109513
-0.00110695
-0.00111406
-0.00111662
-0.00111583
-0.00111037
-0.00110803
-0.00109564
-0.00110027
-0.00108156
-0.00109742
-0.00106985
-0.00110121
-0.00106001
-0.00112828
-0.00105907
-0.00101521
-0.00105122
-0.00106596
-0.00108296
-0.00109179
-0.0010962
-0.00110033
-0.00109806
-0.00109761
-0.00108825
-0.00108906
-0.00107298
-0.00108131
-0.00105791
-0.00108002
-0.00104606
-0.00109308
-0.00104003
-0.00109475
-0.00104048
-0.0010214
-0.00105894
-0.00107129
-0.00108359
-0.00109434
-0.0011033
-0.00110564
-0.0011063
-0.00110417
-0.00110149
-0.00109982
-0.00109449
-0.00109757
-0.00108755
-0.00110361
-0.00107886
-0.001101
-0.0010571
-0.00112797
-0.00103985
-0.00106697
-0.00114583
-0.00108318
-0.00110373
-0.00110259
-0.0010985
-0.00109395
-0.00108778
-0.00108719
-0.00108073
-0.00108147
-0.00107243
-0.00107362
-0.00106111
-0.00105629
-0.00105051
-0.00108258
-0.00103362
-0.00106257
-0.00103572
-0.0011312
-0.00118127
-0.00110345
-0.00111523
-0.00111304
-0.00110392
-0.00109425
-0.00109815
-0.00109307
-0.00109696
-0.00108999
-0.00109948
-0.0010831
-0.00109549
-0.0011087
-0.00109707
-0.00114045
-0.0010605
-0.00116243
-0.00106887
-0.00123032
-0.00116975
-0.00112969
-0.00112196
-0.00111552
-0.00109016
-0.00109454
-0.0010898
-0.00109203
-0.00108282
-0.00108546
-0.00107719
-0.00108204
-0.00109415
-0.00105634
-0.0010326
-0.00103613
-0.00103813
-0.00104598
-0.00101752
-0.0010359
-0.00115554
-0.00112654
-0.00108774
-0.00110645
-0.00107777
-0.00108627
-0.00108301
-0.00108777
-0.00109225
-0.001097
-0.00109641
-0.00108551
-0.00112621
-0.00105932
-0.00111358
-0.00115397
-0.00103824
-0.00116583
-0.000959971
-0.00102962
-0.0012182
-0.00112884
-0.00109085
-0.00110144
-0.00107354
-0.00108283
-0.00107574
-0.00108381
-0.00107811
-0.00107562
-0.00107176
-0.00107602
-0.00108087
-0.00108517
-0.00115428
-0.00109585
-0.000990043
-0.000935524
-0.000810551
-0.000978403
-0.00112118
-0.00113648
-0.00110282
-0.00108047
-0.00106704
-0.00106423
-0.0010695
-0.00107947
-0.00107831
-0.0010992
-0.00106067
-0.00112074
-0.00105989
-0.0010907
-0.0011589
-0.00104824
-0.00111186
-0.0009995
-0.000497121
-0.00113205
-0.00107706
-0.00104306
-0.00111773
-0.00106564
-0.00106142
-0.00106243
-0.00106786
-0.0010686
-0.0010715
-0.00106264
-0.00105529
-0.00103132
-0.00101501
-0.00105669
-0.00107373
-0.00106601
-0.000814358
-0.000376813
0.000833156
)
;

boundaryField
{
    movingWall
    {
        type            zeroGradient;
    }
    fixedWalls
    {
        type            zeroGradient;
    }
    frontAndBack
    {
        type            empty;
    }
}


// ************************************************************************* //
