/*--------------------------------*- C++ -*----------------------------------*\
| =========                 |                                                 |
| \\      /  F ield         | OpenFOAM: The Open Source CFD Toolbox           |
|  \\    /   O peration     | Version:  5.x                                   |
|   \\  /    A nd           | Web:      www.OpenFOAM.org                      |
|    \\/     M anipulation  |                                                 |
\*---------------------------------------------------------------------------*/
FoamFile
{
    version     2.0;
    format      ascii;
    class       surfaceScalarField;
    location    "4.9";
    object      phi;
}
// * * * * * * * * * * * * * * * * * * * * * * * * * * * * * * * * * * * * * //

dimensions      [0 3 -1 0 0 0 0];

internalField   nonuniform List<scalar> 
760
(
-1.83306e-08
1.83306e-08
-3.83105e-08
1.998e-08
-5.95075e-08
2.11969e-08
-8.26764e-08
2.31689e-08
-1.08725e-07
2.60484e-08
-1.38853e-07
3.01281e-08
-1.74759e-07
3.5906e-08
-2.18976e-07
4.42173e-08
-2.75461e-07
5.64847e-08
-3.50822e-07
7.53608e-08
-4.56746e-07
1.05924e-07
-6.1501e-07
1.58264e-07
-8.66768e-07
2.51758e-07
-1.27776e-06
4.10989e-07
-1.88743e-06
6.09677e-07
-2.54983e-06
6.624e-07
-2.89786e-06
3.48025e-07
-2.59615e-06
-3.01705e-07
-1.45499e-06
-1.14117e-06
-1.45499e-06
-1.92466e-08
3.75772e-08
-4.01647e-08
4.08981e-08
-6.22445e-08
4.32767e-08
-8.61832e-08
4.71076e-08
-1.12795e-07
5.26604e-08
-1.43112e-07
6.04447e-08
-1.78493e-07
7.12877e-08
-2.20794e-07
8.65183e-08
-2.7261e-07
1.083e-07
-3.37485e-07
1.40236e-07
-4.19981e-07
1.88419e-07
-5.24911e-07
2.63194e-07
-6.54327e-07
3.81174e-07
-8.04049e-07
5.60711e-07
-9.7286e-07
7.78489e-07
-1.18873e-06
8.78268e-07
-1.46004e-06
6.19335e-07
-1.57564e-06
-1.86101e-07
-1.06892e-06
-1.64788e-06
-2.52391e-06
-1.81775e-08
5.57546e-08
-3.79492e-08
6.06699e-08
-5.87142e-08
6.40417e-08
-8.10298e-08
6.94232e-08
-1.05502e-07
7.71328e-08
-1.32836e-07
8.77788e-08
-1.6387e-07
1.02321e-07
-1.99592e-07
1.2224e-07
-2.41085e-07
1.49793e-07
-2.89258e-07
1.88409e-07
-3.44052e-07
2.43214e-07
-4.02623e-07
3.21765e-07
-4.55557e-07
4.34108e-07
-4.8338e-07
5.88534e-07
-4.76785e-07
7.71894e-07
-4.58909e-07
8.60393e-07
-5.05121e-07
6.65547e-07
-5.33596e-07
-1.57627e-07
-5.42929e-07
-1.63855e-06
-3.06684e-06
-1.65077e-08
7.22623e-08
-3.45088e-08
7.86709e-08
-5.32934e-08
8.28263e-08
-7.32462e-08
8.93761e-08
-9.47279e-08
9.86145e-08
-1.18084e-07
1.11135e-07
-1.43618e-07
1.27855e-07
-1.71499e-07
1.50121e-07
-2.01556e-07
1.79849e-07
-2.32852e-07
2.19706e-07
-2.62809e-07
2.73171e-07
-2.85693e-07
3.44649e-07
-2.90912e-07
4.39326e-07
-2.56368e-07
5.53991e-07
-1.73423e-07
6.88949e-07
-3.9254e-08
7.26224e-07
5.37265e-08
5.72566e-07
2.42555e-08
-1.28156e-07
6.63877e-08
-1.68068e-06
-3.00045e-06
-1.4426e-08
8.66883e-08
-3.0259e-08
9.45039e-08
-4.66802e-08
9.92475e-08
-6.39022e-08
1.06598e-07
-8.20415e-08
1.16754e-07
-1.01109e-07
1.30203e-07
-1.20945e-07
1.47691e-07
-1.41098e-07
1.70274e-07
-1.60588e-07
1.9934e-07
-1.77563e-07
2.36681e-07
-1.88704e-07
2.84312e-07
-1.87281e-07
3.43226e-07
-1.67403e-07
4.19448e-07
-1.03521e-07
4.9011e-07
-7.9665e-09
5.93394e-07
1.25253e-07
5.93005e-07
2.2079e-07
4.77029e-07
1.9255e-07
-9.9916e-08
-1.0663e-08
-1.47747e-06
-3.01112e-06
-1.20265e-08
9.87148e-08
-2.54254e-08
1.07903e-07
-3.92863e-08
1.13108e-07
-5.36563e-08
1.20968e-07
-6.84424e-08
1.3154e-07
-8.33789e-08
1.4514e-07
-9.79923e-08
1.62304e-07
-1.11491e-07
1.83772e-07
-1.22563e-07
2.10412e-07
-1.29013e-07
2.43131e-07
-1.28593e-07
2.83892e-07
-1.10965e-07
3.25597e-07
-8.36543e-08
3.92137e-07
-1.90632e-08
4.25519e-07
7.01187e-08
5.04212e-07
1.87687e-07
4.75437e-07
2.7703e-07
3.87685e-07
2.65182e-07
-8.80679e-08
6.67816e-08
-1.27907e-06
-2.94433e-06
-9.32452e-09
1.08039e-07
-2.01402e-08
1.18718e-07
-3.13703e-08
1.24339e-07
-4.30055e-08
1.32603e-07
-5.46844e-08
1.43219e-07
-6.59687e-08
1.56424e-07
-7.61392e-08
1.72475e-07
-8.42411e-08
1.91874e-07
-8.9004e-08
2.15175e-07
-8.70232e-08
2.4115e-07
-8.06484e-08
2.77517e-07
-5.54178e-08
3.00367e-07
-2.29586e-08
3.59678e-07
3.58845e-08
3.66676e-07
1.10505e-07
4.29591e-07
2.11027e-07
3.74915e-07
2.86687e-07
3.12026e-07
2.97143e-07
-9.85247e-08
2.2176e-07
-1.20369e-06
-2.72257e-06
-6.36064e-09
1.144e-07
-1.45282e-08
1.26886e-07
-2.31968e-08
1.33007e-07
-3.23257e-08
1.41732e-07
-4.13602e-08
1.52253e-07
-4.96625e-08
1.64726e-07
-5.64723e-08
1.79285e-07
-6.06214e-08
1.96023e-07
-6.19676e-08
2.16521e-07
-5.47732e-08
2.33955e-07
-4.62436e-08
2.68988e-07
-2.21871e-08
2.7631e-07
1.01449e-08
3.27346e-07
5.91584e-08
3.17662e-07
1.17275e-07
3.71475e-07
1.92553e-07
2.99637e-07
2.39122e-07
2.65457e-07
2.28716e-07
-8.81186e-08
6.98318e-08
-1.0448e-06
-2.65274e-06
-2.64419e-09
1.17044e-07
-8.11583e-09
1.32358e-07
-1.41599e-08
1.39051e-07
-2.17422e-08
1.49315e-07
-2.86873e-08
1.59198e-07
-3.51006e-08
1.7114e-07
-3.95194e-08
1.83703e-07
-4.02555e-08
1.9676e-07
-3.93115e-08
2.15577e-07
-3.00564e-08
2.247e-07
-1.73312e-08
2.56263e-07
4.22272e-09
2.54756e-07
3.51924e-08
2.96376e-07
7.91328e-08
2.73722e-07
1.21503e-07
3.29105e-07
1.77228e-07
2.43912e-07
1.97323e-07
2.45362e-07
1.82201e-07
-7.29965e-08
6.98932e-10
-8.63301e-07
-2.65204e-06
1.18577e-09
1.15858e-07
-1.81832e-09
1.35362e-07
-6.21573e-09
1.43449e-07
-1.16933e-08
1.54792e-07
-1.71311e-08
1.64636e-07
-2.13975e-08
1.75406e-07
-2.47826e-08
1.87089e-07
-2.43891e-08
1.96366e-07
-2.21587e-08
2.13347e-07
-1.4464e-08
2.17006e-07
-9.64766e-10
2.42763e-07
1.49691e-08
2.38823e-07
3.90114e-08
2.72334e-07
6.94198e-08
2.43313e-07
1.03346e-07
2.95179e-07
1.45515e-07
2.01742e-07
1.64425e-07
2.26452e-07
1.72079e-07
-8.06507e-08
7.4459e-08
-7.65681e-07
-2.57759e-06
9.94142e-09
1.05917e-07
1.07092e-08
1.34594e-07
8.57449e-09
1.45583e-07
1.09799e-09
1.62269e-07
-5.68546e-09
1.7142e-07
-1.22387e-08
1.81959e-07
-1.54148e-08
1.90265e-07
-1.48335e-08
1.95785e-07
-9.74486e-09
2.08258e-07
-2.18872e-09
2.0945e-07
1.34185e-08
2.27156e-07
3.2181e-08
2.2006e-07
5.5805e-08
2.4871e-07
8.66546e-08
2.12464e-07
1.13388e-07
2.68446e-07
1.43826e-07
1.71304e-07
1.55773e-07
2.14505e-07
1.38606e-07
-6.34841e-08
7.52719e-08
-7.02346e-07
-2.50231e-06
1.63199e-08
8.95971e-08
1.23912e-08
1.38523e-07
8.67329e-09
1.49301e-07
5.55616e-09
1.65386e-07
2.08139e-09
1.74894e-07
-4.8154e-10
1.84522e-07
-8.28057e-10
1.90611e-07
-2.49276e-09
1.9745e-07
2.53353e-09
2.03232e-07
5.70364e-09
2.06279e-07
1.68012e-08
2.16058e-07
2.4694e-08
2.12167e-07
4.26516e-08
2.30752e-07
4.98741e-08
2.05241e-07
7.48745e-08
2.43445e-07
8.23722e-08
1.63806e-07
9.95793e-08
1.97298e-07
9.157e-08
-5.54748e-08
7.46195e-09
-6.18238e-07
-2.49485e-06
4.60459e-08
4.35512e-08
6.00932e-08
1.24475e-07
5.48894e-08
1.54505e-07
3.23216e-08
1.87954e-07
1.51812e-08
1.92035e-07
-6.35146e-10
2.00339e-07
-6.63154e-09
1.96608e-07
-7.79659e-09
1.98615e-07
-1.83483e-10
1.95619e-07
6.29801e-09
1.99798e-07
2.31179e-08
1.99239e-07
3.71562e-08
1.98129e-07
6.16711e-08
2.06237e-07
8.17344e-08
1.85178e-07
1.08388e-07
2.16791e-07
1.15503e-07
1.56692e-07
1.16327e-07
1.96474e-07
3.74925e-08
2.33597e-08
-3.94901e-08
-5.41256e-07
-2.53434e-06
6.73697e-08
-2.38185e-08
2.42365e-08
1.67608e-07
1.29242e-08
1.65817e-07
1.91383e-08
1.8174e-07
1.81183e-08
1.93055e-07
1.84417e-08
2.00015e-07
1.65756e-08
1.98474e-07
1.42936e-08
2.00897e-07
1.71403e-08
1.92772e-07
1.87365e-08
1.98202e-07
2.6701e-08
1.91274e-07
2.58302e-08
1.99e-07
3.84253e-08
1.93642e-07
1.92197e-08
2.04383e-07
3.87854e-08
1.97226e-07
-9.41227e-09
2.0489e-07
5.27402e-08
1.34321e-07
4.14496e-08
3.46504e-08
2.269e-08
-5.22496e-07
-2.51165e-06
1.79927e-07
-2.03745e-07
1.66818e-07
1.80718e-07
1.22623e-07
2.10012e-07
3.45436e-08
2.69819e-07
-1.27126e-08
2.40311e-07
-3.72196e-08
2.24522e-07
-3.92244e-08
2.00478e-07
-3.3784e-08
1.95456e-07
-2.15784e-08
1.80566e-07
-1.10692e-08
1.87693e-07
1.05499e-08
1.69655e-07
1.93706e-08
1.90179e-07
5.18373e-08
1.61175e-07
5.5227e-08
2.00994e-07
1.14812e-07
1.3764e-07
1.13358e-07
2.06344e-07
1.25066e-07
1.22613e-07
-6.51658e-09
1.66233e-07
-1.52998e-08
-5.13713e-07
-2.52695e-06
2.79436e-07
-4.83181e-07
1.81395e-07
2.78758e-07
2.07128e-07
1.8428e-07
2.00747e-07
2.76199e-07
1.58451e-07
2.82607e-07
1.16292e-07
2.66681e-07
9.33601e-08
2.23411e-07
7.62936e-08
2.12523e-07
7.06414e-08
1.86219e-07
6.89983e-08
1.89336e-07
7.42649e-08
1.64388e-07
7.18502e-08
1.92594e-07
8.28592e-08
1.50166e-07
5.70294e-08
2.26824e-07
2.1493e-08
1.73177e-07
-5.12059e-08
2.79043e-07
6.85677e-08
2.83947e-09
2.63826e-08
2.08418e-07
3.10156e-08
-5.18346e-07
-2.49594e-06
2.10378e-08
-5.04219e-07
-2.78528e-07
5.78323e-07
-3.78094e-07
2.83846e-07
-3.56604e-07
2.54709e-07
-3.49433e-07
2.75436e-07
-2.96041e-07
2.13289e-07
-2.60309e-07
1.87678e-07
-2.27805e-07
1.80019e-07
-1.93565e-07
1.51978e-07
-1.64091e-07
1.59862e-07
-1.34625e-07
1.34923e-07
-1.08813e-07
1.66781e-07
-8.568e-08
1.27034e-07
-9.07692e-08
2.31913e-07
6.4712e-09
7.59363e-08
-7.66825e-08
3.62197e-07
1.12287e-07
-1.8613e-07
1.42433e-07
1.78272e-07
3.21731e-08
-4.08086e-07
-2.46376e-06
-2.78368e-08
-4.76382e-07
3.9615e-07
1.54336e-07
3.59539e-07
3.20458e-07
4.20617e-07
1.93631e-07
4.88313e-07
2.07739e-07
5.33465e-07
1.68138e-07
5.79646e-07
1.41497e-07
5.72029e-07
1.87636e-07
5.84723e-07
1.39285e-07
5.50487e-07
1.94097e-07
5.43725e-07
1.41686e-07
5.06047e-07
2.04459e-07
4.90707e-07
1.42373e-07
4.7252e-07
2.501e-07
5.3513e-07
1.33256e-08
3.98946e-07
4.98381e-07
2.70544e-07
-5.77278e-08
1.77626e-07
2.7119e-07
2.57208e-07
-4.87668e-07
-2.20655e-06
-8.39504e-07
3.63122e-07
-9.52312e-07
2.67144e-07
-8.78671e-07
2.46817e-07
-8.63756e-07
1.78716e-07
-8.29765e-07
1.73749e-07
-7.94265e-07
1.32637e-07
-7.78753e-07
1.25985e-07
-7.45104e-07
1.53988e-07
-7.20958e-07
1.15138e-07
-6.49823e-07
1.22961e-07
-6.03783e-07
9.56461e-08
-5.1451e-07
1.15187e-07
-4.58262e-07
8.6125e-08
-3.07539e-07
9.93769e-08
-3.43232e-07
4.90189e-08
-2.74208e-08
1.82569e-07
-1.76905e-08
-6.74581e-08
2.57239e-07
-3.73961e-09
6.68552e-07
-8.98981e-07
-1.538e-06
3.63122e-07
6.30267e-07
8.77083e-07
1.0558e-06
1.22955e-06
1.36219e-06
1.48817e-06
1.64216e-06
1.7573e-06
1.88026e-06
1.9759e-06
2.09109e-06
2.17722e-06
2.27659e-06
2.32561e-06
2.50818e-06
2.44072e-06
2.43698e-06
1.538e-06
)
;

boundaryField
{
    movingWall
    {
        type            calculated;
        value           uniform 0;
    }
    fixedWalls
    {
        type            calculated;
        value           uniform 0;
    }
    frontAndBack
    {
        type            empty;
        value           nonuniform 0();
    }
}


// ************************************************************************* //
