/*--------------------------------*- C++ -*----------------------------------*\
| =========                 |                                                 |
| \\      /  F ield         | OpenFOAM: The Open Source CFD Toolbox           |
|  \\    /   O peration     | Version:  5.x                                   |
|   \\  /    A nd           | Web:      www.OpenFOAM.org                      |
|    \\/     M anipulation  |                                                 |
\*---------------------------------------------------------------------------*/
FoamFile
{
    version     2.0;
    format      ascii;
    class       volVectorField;
    location    "4.9";
    object      U;
}
// * * * * * * * * * * * * * * * * * * * * * * * * * * * * * * * * * * * * * //

dimensions      [0 1 -1 0 0 0 0];

internalField   nonuniform List<vector> 
400
(
(-0.000178304 0.000180675 0)
(-0.000560665 0.000197087 0)
(-0.000974377 0.000209374 0)
(-0.00141472 0.000229266 0)
(-0.0019041 0.000258286 0)
(-0.00246151 0.000299317 0)
(-0.00311546 0.000357192 0)
(-0.00390655 0.000440463 0)
(-0.00489641 0.00056493 0)
(-0.00618332 0.000760218 0)
(-0.00793388 0.00108657 0)
(-0.0104423 0.0016752 0)
(-0.0142043 0.00280774 0)
(-0.0200476 0.00485673 0)
(-0.0297949 0.0071317 0)
(-0.0456644 0.00585451 0)
(-0.0600739 -0.00167963 0)
(-0.0600025 -0.0118663 0)
(-0.0471469 -0.022038 0)
(-0.00355875 -0.0242608 0)
(-0.000187263 0.000557919 0)
(-0.000588258 0.000607624 0)
(-0.00102042 0.000643913 0)
(-0.00147738 0.000702568 0)
(-0.0019803 0.000787896 0)
(-0.00254563 0.000908092 0)
(-0.00319704 0.00107665 0)
(-0.00396541 0.00131611 0)
(-0.00489327 0.00166504 0)
(-0.00603834 0.00219129 0)
(-0.00747497 0.00301918 0)
(-0.00928654 0.00438284 0)
(-0.0115217 0.00670327 0)
(-0.0140848 0.0105002 0)
(-0.0169638 0.0154083 0)
(-0.0217527 0.0180608 0)
(-0.0285921 0.0131318 0)
(-0.0332211 -0.00255281 0)
(-0.0299723 -0.0281807 0)
(-0.00752166 -0.0402319 0)
(-0.000176605 0.000936162 0)
(-0.000555617 0.00101862 0)
(-0.000963317 0.00107649 0)
(-0.00139125 0.00116933 0)
(-0.001857 0.00130323 0)
(-0.00237183 0.00148968 0)
(-0.00295112 0.00174715 0)
(-0.00361226 0.00210469 0)
(-0.00437465 0.00260812 0)
(-0.00525619 0.00333045 0)
(-0.00626423 0.00438784 0)
(-0.00737455 0.00596299 0)
(-0.00847893 0.00832274 0)
(-0.00928542 0.0117317 0)
(-0.00934548 0.0158913 0)
(-0.00928635 0.0181633 0)
(-0.0104412 0.0134568 0)
(-0.0117562 -0.00423897 0)
(-0.00978726 -0.0369291 0)
(-0.00857894 -0.0621471 0)
(-0.000159979 0.00128345 0)
(-0.00050477 0.00139678 0)
(-0.000875142 0.00147247 0)
(-0.00126009 0.00159263 0)
(-0.00167279 0.00176355 0)
(-0.00211863 0.00199755 0)
(-0.0026041 0.00231386 0)
(-0.00313337 0.00274146 0)
(-0.00370616 0.00332328 0)
(-0.00431189 0.00412182 0)
(-0.00491774 0.00522517 0)
(-0.00544884 0.00675351 0)
(-0.00575703 0.00885903 0)
(-0.00552587 0.0115949 0)
(-0.00441383 0.0148063 0)
(-0.00211676 0.0162942 0)
(9.28358e-05 0.0132358 0)
(0.00174795 -0.00170554 0)
(-0.00100927 -0.0304073 0)
(0.00466352 -0.0587872 0)
(-0.000139183 0.00159362 0)
(-0.000441675 0.00173581 0)
(-0.000766915 0.00182513 0)
(-0.0011013 0.00196484 0)
(-0.00145364 0.00216011 0)
(-0.00182375 0.00242192 0)
(-0.00221041 0.00276724 0)
(-0.00260754 0.00322039 0)
(-0.00300148 0.00381489 0)
(-0.00336575 0.00459523 0)
(-0.00365087 0.00561683 0)
(-0.00376252 0.00693125 0)
(-0.00360744 0.0086462 0)
(-0.00279294 0.010526 0)
(-0.00153635 0.0128795 0)
(0.00132977 0.0133001 0)
(0.00321799 0.0107498 0)
(0.0050485 -0.00270835 0)
(0.00247421 -0.0324603 0)
(-0.00274482 -0.0564686 0)
(-0.000115079 0.00185886 0)
(-0.000369457 0.00202888 0)
(-0.000644966 0.00212854 0)
(-0.00092553 0.00228147 0)
(-0.00121626 0.00248978 0)
(-0.00151236 0.00276218 0)
(-0.00180688 0.0031113 0)
(-0.00208756 0.00355562 0)
(-0.00233397 0.00411803 0)
(-0.00251357 0.00482564 0)
(-0.00258747 0.00571957 0)
(-0.00241801 0.00674567 0)
(-0.0021382 0.0081777 0)
(-0.00094962 0.00927182 0)
(4.31061e-05 0.0110869 0)
(0.00293264 0.0107968 0)
(0.00413794 0.00870943 0)
(0.00681826 -0.00170786 0)
(0.00304246 -0.0279247 0)
(0.000126434 -0.0633286 0)
(-8.74899e-05 0.00207339 0)
(-0.000289314 0.00227065 0)
(-0.000513191 0.00237879 0)
(-0.000740452 0.0025391 0)
(-0.000973465 0.00275203 0)
(-0.00120302 0.00302097 0)
(-0.00141815 0.00335557 0)
(-0.00160264 0.0037666 0)
(-0.00173463 0.00426946 0)
(-0.00176891 0.00485921 0)
(-0.00174375 0.0056287 0)
(-0.00130709 0.00628151 0)
(-0.001098 0.00750747 0)
(0.000330411 0.00789606 0)
(0.000948382 0.00926991 0)
(0.00373797 0.00839671 0)
(0.00420057 0.00688691 0)
(0.00783032 -0.00178714 0)
(0.00321707 -0.0241065 0)
(0.00644161 -0.0547529 0)
(-5.66905e-05 0.00223062 0)
(-0.000202338 0.00246381 0)
(-0.000375559 0.00258085 0)
(-0.000552598 0.00275636 0)
(-0.000734587 0.00296655 0)
(-0.000909208 0.00322696 0)
(-0.0010617 0.00353204 0)
(-0.00117422 0.00389581 0)
(-0.00124249 0.00433513 0)
(-0.00115092 0.00477809 0)
(-0.00116827 0.00549416 0)
(-0.000508104 0.00582461 0)
(-0.000518227 0.00694384 0)
(0.00100805 0.00694359 0)
(0.00111406 0.00814896 0)
(0.00392992 0.00690501 0)
(0.00318127 0.00585964 0)
(0.00699566 -0.00187997 0)
(0.00174327 -0.0223489 0)
(0.00130974 -0.0521618 0)
(-1.29606e-05 0.0023265 0)
(-9.78579e-05 0.00259237 0)
(-0.000220394 0.00272032 0)
(-0.000355372 0.00288621 0)
(-0.000504287 0.0030978 0)
(-0.00063904 0.00333074 0)
(-0.000751573 0.00361436 0)
(-0.000801796 0.00391382 0)
(-0.000858181 0.00431264 0)
(-0.000610583 0.00457845 0)
(-0.000719513 0.00523621 0)
(0.000145262 0.0052704 0)
(-2.93403e-05 0.00617293 0)
(0.0016204 0.00576141 0)
(0.0012215 0.0068102 0)
(0.00406883 0.00506491 0)
(0.00240702 0.00483439 0)
(0.00617727 -0.00190377 0)
(0.000524348 -0.0194206 0)
(-0.000455839 -0.0537555 0)
(3.20426e-05 0.00233021 0)
(1.1309e-05 0.00269582 0)
(-8.06012e-05 0.00284854 0)
(-0.000175225 0.00313735 0)
(-0.000286593 0.00331821 0)
(-0.00039016 0.00358429 0)
(-0.000474967 0.00379233 0)
(-0.000471247 0.00402222 0)
(-0.000575723 0.00435489 0)
(-0.000211643 0.00448491 0)
(-0.000471197 0.00506707 0)
(0.000467908 0.00502337 0)
(5.37376e-06 0.00581807 0)
(0.0017797 0.00536867 0)
(0.000643683 0.00647939 0)
(0.00397626 0.00490457 0)
(0.00118772 0.00493239 0)
(0.00619397 -0.00117519 0)
(-0.000195388 -0.0161504 0)
(0.0036648 -0.0530266 0)
(0.000157289 0.00229071 0)
(0.000222597 0.00272724 0)
(0.000216069 0.00286192 0)
(0.000112665 0.00297771 0)
(-6.56273e-05 0.0031894 0)
(-0.00017209 0.00331468 0)
(-0.000324177 0.00359442 0)
(-0.000247351 0.00372096 0)
(-0.000411214 0.00408674 0)
(9.22918e-05 0.00411241 0)
(-0.000221637 0.00458058 0)
(0.00086781 0.0044137 0)
(0.000227062 0.00501254 0)
(0.00229217 0.00417991 0)
(0.000754911 0.00526968 0)
(0.00431919 0.00286291 0)
(0.000723068 0.00398265 0)
(0.00635121 -0.00209107 0)
(-0.00162828 -0.0146584 0)
(0.0051859 -0.0502531 0)
(0.000264402 0.00186871 0)
(0.0003441 0.00254768 0)
(0.000178654 0.00299264 0)
(0.000152418 0.00362038 0)
(6.80496e-05 0.00379173 0)
(2.56912e-05 0.00414521 0)
(-5.47744e-05 0.00416106 0)
(3.82127e-05 0.00429989 0)
(-0.000169795 0.00439506 0)
(0.00030566 0.00442116 0)
(-0.000139641 0.00466432 0)
(0.000939402 0.00457128 0)
(-0.000138239 0.00508191 0)
(0.00213291 0.00458489 0)
(-0.000510085 0.00559726 0)
(0.00402658 0.0043593 0)
(-0.00135963 0.0046603 0)
(0.00609541 -0.000243497 0)
(-0.0031546 -0.0126826 0)
(0.00365428 -0.0491305 0)
(0.000642193 0.00182984 0)
(0.00113278 0.0032098 0)
(0.00125189 0.003052 0)
(0.000904273 0.00290043 0)
(0.000421955 0.00305358 0)
(0.00016782 0.00301177 0)
(-0.000196218 0.00327197 0)
(-3.93673e-05 0.00336052 0)
(-0.000318728 0.00353848 0)
(0.000322953 0.00362666 0)
(-0.000136755 0.00377886 0)
(0.00121236 0.00370321 0)
(4.67262e-05 0.00394605 0)
(0.00275705 0.00330627 0)
(6.44181e-05 0.00391883 0)
(0.00484526 0.00176781 0)
(-0.000903888 0.00306222 0)
(0.00634794 -0.00222851 0)
(-0.00534937 -0.0125763 0)
(0.00423951 -0.0505694 0)
(0.00148796 -0.000221285 0)
(0.00100053 0.0014783 0)
(6.69872e-05 0.00297881 0)
(0.000405691 0.00474335 0)
(0.000391484 0.00483551 0)
(0.000357239 0.00529655 0)
(0.000343289 0.00485349 0)
(0.000367459 0.00487229 0)
(0.000144548 0.00453773 0)
(0.000625306 0.00462451 0)
(1.18024e-05 0.00442995 0)
(0.00122158 0.00449052 0)
(-0.000387206 0.00454767 0)
(0.00221003 0.00446136 0)
(-0.00167665 0.0050418 0)
(0.00360794 0.00494893 0)
(-0.00418873 0.00505571 0)
(0.00686532 0.00332331 0)
(-0.00574961 -0.00857525 0)
(0.00700024 -0.0506203 0)
(0.00319492 -0.00054843 0)
(0.00366592 0.00577522 0)
(0.00319963 0.00387642 0)
(0.00154539 0.00255458 0)
(-7.81482e-05 0.00266542 0)
(-0.000469953 0.00233935 0)
(-0.000951187 0.00275853 0)
(-0.000644698 0.00281659 0)
(-0.000755344 0.00287644 0)
(-3.63133e-05 0.00299461 0)
(-0.00047792 0.00293911 0)
(0.000992578 0.00315227 0)
(-0.000369195 0.00290997 0)
(0.00273116 0.00328969 0)
(-0.000866984 0.00246538 0)
(0.00602139 0.00266295 0)
(-0.00213046 -0.00014105 0)
(0.00792776 -0.00214934 0)
(-0.00838843 -0.013383 0)
(0.00805844 -0.051143 0)
(0.00570721 -0.00835584 0)
(0.00467214 0.000887098 0)
(0.00326928 0.00474514 0)
(0.00444225 0.0083531 0)
(0.00390441 0.00720235 0)
(0.00254648 0.00709694 0)
(0.00199901 0.00562702 0)
(0.00177105 0.00539405 0)
(0.00119756 0.00467946 0)
(0.00174237 0.00485508 0)
(0.000859546 0.00414958 0)
(0.00233104 0.00481371 0)
(0.000270407 0.00381613 0)
(0.00338448 0.0052203 0)
(-0.00142909 0.00339135 0)
(0.00250707 0.00622213 0)
(-0.00484066 0.00573721 0)
(0.0078857 0.0091769 0)
(-0.00706478 -0.00561216 0)
(0.00857075 -0.050436 0)
(-0.000141009 -0.00964048 0)
(0.000618 0.0109015 0)
(-0.0107387 0.00214452 0)
(-0.00504822 0.00216763 0)
(-0.008688 0.00373716 0)
(-0.00573203 0.00301224 0)
(-0.00574804 0.00293909 0)
(-0.0049613 0.00268006 0)
(-0.00398069 0.00241104 0)
(-0.00382408 0.00235025 0)
(-0.00280102 0.00210622 0)
(-0.00251727 0.00246141 0)
(-0.00185058 0.00193014 0)
(-0.00164553 0.0032524 0)
(-0.00201071 0.0033231 0)
(0.00237874 0.0043391 0)
(-0.0060323 -0.00579385 0)
(0.0113849 -0.00144003 0)
(-0.00680302 -0.0172855 0)
(0.00861633 -0.0516902 0)
(-0.0121828 -0.0121411 0)
(0.0105831 0.0104814 0)
(0.00697946 0.00905626 0)
(0.00664948 0.00858061 0)
(0.00966895 0.00747944 0)
(0.0102366 0.00589052 0)
(0.0109329 0.00476581 0)
(0.0120838 0.00485716 0)
(0.0109952 0.0040007 0)
(0.012205 0.00439452 0)
(0.00995776 0.00360349 0)
(0.011996 0.00466342 0)
(0.00779364 0.00347257 0)
(0.0125476 0.00664303 0)
(0.00559686 -0.000457102 0)
(0.0151076 0.0105647 0)
(0.00184355 -0.000508968 0)
(0.00823919 0.00936503 0)
(-0.00112515 0.00323938 0)
(0.0123968 -0.0470334 0)
(-0.0220412 -0.00496825 0)
(-0.013652 -0.00328766 0)
(-0.0226835 0.00390726 0)
(-0.0130405 -0.000581054 0)
(-0.0215961 0.000954406 0)
(-0.0111486 0.000807912 0)
(-0.0210525 0.000710804 0)
(-0.0104701 0.00225541 0)
(-0.0190536 0.00115108 0)
(-0.00995558 0.00288379 0)
(-0.015587 0.00168182 0)
(-0.00903013 0.00291966 0)
(-0.0117358 0.00175332 0)
(-0.00595666 0.00275164 0)
(-0.00615016 0.000877984 0)
(-0.00852867 0.00811475 0)
(0.0077393 -0.00227573 0)
(-0.00860136 2.14778e-05 0)
(0.0172371 -0.0260115 0)
(0.0132799 -0.0474287 0)
(-0.000127074 0.0178132 0)
(0.014289 0.0131771 0)
(0.0124249 0.0065655 0)
(0.0205241 0.00727332 0)
(0.0235459 0.00625925 0)
(0.0246832 0.00467951 0)
(0.0296809 0.00463388 0)
(0.0298781 0.00432108 0)
(0.0356494 0.00386426 0)
(0.0348031 0.00244075 0)
(0.0404025 0.00246192 0)
(0.0384666 0.00212629 0)
(0.0445163 0.00204928 0)
(0.0431613 0.00156448 0)
(0.0477462 0.00140389 0)
(0.0469954 0.000177836 0)
(0.0492512 -0.000138411 0)
(0.0504713 9.17644e-05 0)
(0.0417257 -0.00491781 0)
(0.0275016 -0.00572058 0)
)
;

boundaryField
{
    movingWall
    {
        type            fixedValue;
        value           uniform (1 0 0);
    }
    fixedWalls
    {
        type            noSlip;
    }
    frontAndBack
    {
        type            empty;
    }
}


// ************************************************************************* //
