/*--------------------------------*- C++ -*----------------------------------*\
| =========                 |                                                 |
| \\      /  F ield         | OpenFOAM: The Open Source CFD Toolbox           |
|  \\    /   O peration     | Version:  5.x                                   |
|   \\  /    A nd           | Web:      www.OpenFOAM.org                      |
|    \\/     M anipulation  |                                                 |
\*---------------------------------------------------------------------------*/
FoamFile
{
    version     2.0;
    format      ascii;
    class       volScalarField;
    location    "8.5";
    object      p;
}
// * * * * * * * * * * * * * * * * * * * * * * * * * * * * * * * * * * * * * //

dimensions      [0 2 -2 0 0 0 0];

internalField   nonuniform List<scalar> 
400
(
4.34437e-09
-0.000400112
-0.000955184
-0.00130015
-0.00141343
-0.00139
-0.00131332
-0.00117722
-0.00116534
-0.00121184
-0.00118157
-0.00117571
-0.00120577
-0.00121594
-0.00121714
-0.00116829
-0.00105818
-0.000850154
-0.000633261
0.000258996
-0.000344992
-0.000750608
-0.00124827
-0.00154035
-0.0015821
-0.00148385
-0.00136634
-0.00118483
-0.00115886
-0.00126008
-0.00121069
-0.00116813
-0.00121051
-0.00122517
-0.00124151
-0.00121486
-0.00121492
-0.00114165
-0.00105995
-0.000461095
-0.000865184
-0.00122887
-0.00167381
-0.00184167
-0.0017726
-0.00158165
-0.00139814
-0.00125102
-0.0011946
-0.00119064
-0.00118329
-0.00117109
-0.00121172
-0.00120392
-0.00123353
-0.00121259
-0.00121677
-0.00118428
-0.00113748
-0.000862654
-0.00134222
-0.00167449
-0.00202728
-0.00209811
-0.00193187
-0.00166964
-0.00146487
-0.00131561
-0.00124104
-0.00122273
-0.00121727
-0.00119431
-0.00121146
-0.00120215
-0.00121581
-0.00120008
-0.00120696
-0.0011798
-0.00120955
-0.00109641
-0.00162565
-0.00190331
-0.00215718
-0.0021528
-0.00193118
-0.00166356
-0.00146564
-0.00132984
-0.00126383
-0.00122714
-0.00121677
-0.00119575
-0.00121415
-0.00119956
-0.00122242
-0.00120755
-0.00122965
-0.00121579
-0.00123639
-0.00117279
-0.00167152
-0.00187048
-0.00204664
-0.00202235
-0.00181949
-0.00159539
-0.00143491
-0.00132703
-0.00127115
-0.00123079
-0.00122365
-0.00119907
-0.00121017
-0.00119219
-0.00120904
-0.00118797
-0.0012124
-0.00118186
-0.00122389
-0.00118856
-0.00146027
-0.00161176
-0.001744
-0.00173329
-0.00161453
-0.00147482
-0.00137081
-0.00129825
-0.00125824
-0.0012274
-0.00122179
-0.00120241
-0.00121234
-0.00119669
-0.00121422
-0.00119558
-0.0012191
-0.00119514
-0.00122438
-0.0011862
-0.00116966
-0.00131027
-0.00143547
-0.00146834
-0.0014291
-0.00136394
-0.00130916
-0.00126387
-0.00123831
-0.00121301
-0.00121092
-0.00119019
-0.00120107
-0.00118084
-0.00120094
-0.00117474
-0.00120583
-0.00116622
-0.00121112
-0.00117814
-0.000958297
-0.00109003
-0.00121041
-0.00127334
-0.00128721
-0.00127516
-0.00125664
-0.00123402
-0.00122144
-0.00120792
-0.00121001
-0.00119565
-0.00120627
-0.00118949
-0.00120658
-0.0011831
-0.00121068
-0.00117432
-0.00121886
-0.00117006
-0.000887798
-0.00100909
-0.00110906
-0.00117228
-0.00120102
-0.0012033
-0.0012002
-0.00119416
-0.00119217
-0.00118114
-0.00118377
-0.00117171
-0.00118382
-0.00116603
-0.0011892
-0.0011601
-0.00119697
-0.00115067
-0.00119631
-0.00115503
-0.000885585
-0.000993049
-0.00107044
-0.00112478
-0.00116097
-0.00118165
-0.00119062
-0.0011934
-0.00119447
-0.00119138
-0.00119462
-0.00118787
-0.00119731
-0.0011849
-0.00119993
-0.00117069
-0.00120169
-0.00115422
-0.00120603
-0.00115151
-0.000909108
-0.00101962
-0.00106466
-0.00110544
-0.00113006
-0.00114089
-0.00115253
-0.00115347
-0.00115834
-0.00115391
-0.00116125
-0.00115384
-0.00116284
-0.00115225
-0.00117069
-0.00114863
-0.00119302
-0.00113955
-0.00118989
-0.00112942
-0.00100941
-0.00109038
-0.0010898
-0.00110809
-0.00112791
-0.00115225
-0.00116275
-0.00117021
-0.00117181
-0.0011742
-0.00117554
-0.00117792
-0.0011864
-0.00117839
-0.00120283
-0.00116027
-0.00119499
-0.00114414
-0.0012154
-0.00111896
-0.00108922
-0.00118034
-0.0010935
-0.00113051
-0.00114279
-0.0011482
-0.00115063
-0.00114493
-0.001144
-0.00114188
-0.00114745
-0.0011495
-0.00115067
-0.00114777
-0.00113729
-0.00115271
-0.00118675
-0.00110409
-0.00115158
-0.00112457
-0.00111598
-0.00114706
-0.00112469
-0.00112679
-0.00113399
-0.0011297
-0.00113057
-0.00113936
-0.00114477
-0.00115688
-0.00115182
-0.0011777
-0.00115375
-0.00118603
-0.00120378
-0.00118103
-0.00124914
-0.00116719
-0.00127603
-0.00116941
-0.00128471
-0.00120511
-0.00114952
-0.00114399
-0.00115026
-0.0011211
-0.00114527
-0.00113294
-0.00114853
-0.00114372
-0.00115326
-0.00115094
-0.00115713
-0.00119192
-0.00115581
-0.00113855
-0.0011444
-0.00114256
-0.00117428
-0.00113026
-0.00105923
-0.0012143
-0.00115413
-0.00113305
-0.00114011
-0.00112244
-0.00113441
-0.0011219
-0.00114843
-0.00113822
-0.00117608
-0.00115241
-0.00116031
-0.00119355
-0.00112738
-0.00121047
-0.00122522
-0.00114579
-0.00125957
-0.00105016
-0.00101338
-0.00118592
-0.00115422
-0.00113253
-0.00112898
-0.00111956
-0.00112735
-0.00113356
-0.00113974
-0.00113787
-0.00114457
-0.00111917
-0.00114544
-0.00114506
-0.00116596
-0.00123348
-0.00118562
-0.00108601
-0.00104129
-0.000891877
-0.00099712
-0.00112169
-0.00114814
-0.00114393
-0.00112145
-0.0011116
-0.00112048
-0.00112559
-0.00113428
-0.00113425
-0.00117059
-0.00111822
-0.00118805
-0.00112861
-0.00118104
-0.00123227
-0.00114609
-0.00126509
-0.00105749
-0.000643102
-0.00113947
-0.00111114
-0.00108929
-0.00114492
-0.00108723
-0.00111969
-0.00111833
-0.00111571
-0.00113163
-0.00112553
-0.00112855
-0.00112782
-0.00109487
-0.0010952
-0.00112356
-0.00114535
-0.00115721
-0.000923022
-0.000468552
0.000765898
)
;

boundaryField
{
    movingWall
    {
        type            zeroGradient;
    }
    fixedWalls
    {
        type            zeroGradient;
    }
    frontAndBack
    {
        type            empty;
    }
}


// ************************************************************************* //
