/*--------------------------------*- C++ -*----------------------------------*\
| =========                 |                                                 |
| \\      /  F ield         | OpenFOAM: The Open Source CFD Toolbox           |
|  \\    /   O peration     | Version:  5.x                                   |
|   \\  /    A nd           | Web:      www.OpenFOAM.org                      |
|    \\/     M anipulation  |                                                 |
\*---------------------------------------------------------------------------*/
FoamFile
{
    version     2.0;
    format      ascii;
    class       surfaceScalarField;
    location    "8.5";
    object      phi;
}
// * * * * * * * * * * * * * * * * * * * * * * * * * * * * * * * * * * * * * //

dimensions      [0 3 -1 0 0 0 0];

internalField   nonuniform List<scalar> 
760
(
-9.67981e-07
9.67981e-07
-1.75886e-06
7.9088e-07
-2.33506e-06
5.762e-07
-2.62813e-06
2.93068e-07
-2.54484e-06
-8.32919e-08
-2.48711e-06
-5.77255e-08
-2.22276e-06
-2.64357e-07
-2.05753e-06
-1.65221e-07
-2.24553e-06
1.87993e-07
-2.27548e-06
2.99524e-08
-2.23019e-06
-4.52897e-08
-2.26936e-06
3.91725e-08
-2.34205e-06
7.26872e-08
-2.33347e-06
-8.57789e-09
-2.33295e-06
-5.17297e-10
-2.27164e-06
-6.13145e-08
-2.20222e-06
-6.94198e-08
-1.88127e-06
-3.20953e-07
-1.25563e-06
-6.25638e-07
-1.25563e-06
-7.88563e-07
1.75654e-06
-1.49797e-06
1.50028e-06
-1.80629e-06
8.84522e-07
-1.84499e-06
3.31771e-07
-1.75967e-06
-1.6861e-07
-1.47186e-06
-3.45542e-07
-1.33613e-06
-4.00086e-07
-1.20762e-06
-2.93729e-07
-9.4126e-07
-7.83673e-08
-8.49567e-07
-6.17404e-08
-8.90524e-07
-4.33265e-09
-8.76977e-07
2.56252e-08
-8.99487e-07
9.51969e-08
-9.14757e-07
6.6926e-09
-9.83946e-07
6.86709e-08
-9.694e-07
-7.58599e-08
-9.99985e-07
-3.88354e-08
-1.01706e-06
-3.03872e-07
-8.73298e-07
-7.69405e-07
-2.12893e-06
-5.71357e-07
2.3279e-06
-1.07957e-06
2.00849e-06
-1.30207e-06
1.10702e-06
-1.27982e-06
3.09524e-07
-1.13934e-06
-3.09093e-07
-9.48465e-07
-5.36414e-07
-7.88935e-07
-5.59616e-07
-6.35503e-07
-4.4716e-07
-4.58084e-07
-2.55786e-07
-3.51216e-07
-1.68609e-07
-2.66644e-07
-8.89045e-08
-1.94337e-07
-4.66819e-08
-1.35383e-07
3.62435e-08
-1.17977e-07
-1.07135e-08
-9.02754e-08
4.09692e-08
-7.49568e-08
-9.11785e-08
-6.2726e-08
-5.10662e-08
-1.13908e-07
-2.52691e-07
-2.40985e-07
-6.42327e-07
-2.36991e-06
-2.97024e-07
2.62493e-06
-5.55994e-07
2.26746e-06
-6.4889e-07
1.19992e-06
-5.7686e-07
2.37494e-07
-4.65167e-07
-4.20786e-07
-3.44379e-07
-6.57202e-07
-2.66057e-07
-6.37939e-07
-2.16213e-07
-4.97004e-07
-1.41377e-07
-3.30622e-07
-9.41052e-08
-2.15881e-07
-6.77524e-08
-1.15257e-07
-4.62569e-08
-6.81774e-08
-2.75802e-08
1.75668e-08
-2.1124e-08
-1.71698e-08
-3.24487e-08
5.2294e-08
-6.76206e-08
-5.60066e-08
-1.23755e-07
5.06823e-09
-1.85965e-07
-1.9048e-07
-1.56364e-07
-6.71929e-07
-2.52628e-06
-6.38868e-08
2.68881e-06
-9.77134e-08
2.30129e-06
-3.25914e-08
1.1348e-06
6.61492e-08
1.38753e-07
1.02518e-07
-4.57155e-07
7.47674e-08
-6.29451e-07
8.7206e-09
-5.71892e-07
-5.07945e-08
-4.37489e-07
-7.34629e-08
-3.07954e-07
-7.87569e-08
-2.10587e-07
-6.53797e-08
-1.28634e-07
-4.23014e-08
-9.12557e-08
-5.28068e-10
-2.42065e-08
2.71968e-08
-4.48947e-08
5.07734e-08
2.87173e-08
5.65102e-08
-6.17435e-08
3.03294e-08
3.12491e-08
1.33325e-09
-1.61484e-07
-2.21168e-08
-6.48479e-07
-2.54839e-06
1.11115e-07
2.5777e-06
3.40335e-07
2.07207e-06
5.24452e-07
9.50681e-07
5.85769e-07
7.74357e-08
5.09281e-07
-3.80667e-07
3.68092e-07
-4.88263e-07
2.34983e-07
-4.38783e-07
1.47575e-07
-3.5008e-07
9.54757e-08
-2.55855e-07
6.78951e-08
-1.83006e-07
5.1282e-08
-1.12021e-07
4.30124e-08
-8.29861e-08
3.80796e-08
-1.92737e-08
3.26582e-08
-3.94733e-08
3.18781e-08
2.94974e-08
1.27937e-08
-4.26591e-08
1.84248e-08
2.5618e-08
3.66588e-09
-1.46725e-07
6.37415e-09
-6.51187e-07
-2.54202e-06
3.0001e-07
2.27769e-06
7.09634e-07
1.66245e-06
9.12569e-07
7.47746e-07
8.92305e-07
9.7699e-08
7.2627e-07
-2.14632e-07
5.36116e-07
-2.98108e-07
3.76697e-07
-2.79365e-07
2.63245e-07
-2.36628e-07
1.8246e-07
-1.7507e-07
1.36235e-07
-1.36781e-07
1.03754e-07
-7.95397e-08
8.98885e-08
-6.91211e-08
7.89221e-08
-8.30729e-09
7.56932e-08
-3.62443e-08
6.85797e-08
3.66109e-08
5.60212e-08
-3.01006e-08
3.54315e-08
4.62077e-08
1.27058e-08
-1.23999e-07
-4.71803e-09
-6.33763e-07
-2.54674e-06
5.0919e-07
1.7685e-06
9.35307e-07
1.23633e-06
1.05186e-06
6.31189e-07
9.40414e-07
2.09149e-07
7.35466e-07
-9.68398e-09
5.41651e-07
-1.04292e-07
3.8865e-07
-1.26365e-07
2.81337e-07
-1.29315e-07
2.02228e-07
-9.59613e-08
1.50486e-07
-8.50391e-08
1.10751e-07
-3.98044e-08
8.59829e-08
-4.43533e-08
6.98827e-08
7.79299e-09
5.8041e-08
-2.44027e-08
5.09233e-08
4.37287e-08
4.27227e-08
-2.19e-08
3.66494e-08
5.22811e-08
3.36462e-08
-1.20996e-07
2.23961e-08
-6.22513e-07
-2.52434e-06
5.45989e-07
1.22251e-06
8.69282e-07
9.13035e-07
9.39462e-07
5.61009e-07
8.56966e-07
2.91645e-07
7.21914e-07
1.25369e-07
5.79748e-07
3.78737e-08
4.48491e-07
4.89242e-09
3.43713e-07
-2.45371e-08
2.60519e-07
-1.27668e-08
2.06429e-07
-3.09495e-08
1.63813e-07
2.81188e-09
1.40006e-07
-2.05462e-08
1.19345e-07
2.84542e-08
9.92477e-08
-4.30578e-09
8.13729e-08
6.16035e-08
5.45587e-08
4.91416e-09
3.50968e-08
7.17429e-08
-5.08597e-09
-8.08132e-08
-1.68209e-08
-6.10778e-07
-2.54116e-06
4.79276e-07
7.43232e-07
7.03707e-07
6.88605e-07
7.31244e-07
5.33471e-07
6.5371e-07
3.69179e-07
5.32131e-07
2.46948e-07
4.313e-07
1.38704e-07
3.50158e-07
8.60342e-08
2.87067e-07
3.85537e-08
2.29867e-07
4.4433e-08
1.8045e-07
1.84681e-08
1.42379e-07
4.08821e-08
1.03707e-07
1.81261e-08
8.65188e-08
4.56425e-08
5.81463e-08
2.40667e-08
6.50414e-08
5.47085e-08
7.6739e-08
-6.7835e-09
6.07618e-08
8.77202e-08
5.17209e-08
-7.17724e-08
3.0477e-08
-5.89534e-07
-2.51069e-06
3.52646e-07
3.90586e-07
5.24553e-07
5.16698e-07
6.16792e-07
4.41232e-07
6.19888e-07
3.66083e-07
5.70122e-07
2.96715e-07
4.75709e-07
2.33117e-07
3.80863e-07
1.8088e-07
2.92501e-07
1.26916e-07
2.35247e-07
1.01687e-07
1.87604e-07
6.61108e-08
1.67608e-07
6.08779e-08
1.44031e-07
4.17035e-08
1.39156e-07
5.05169e-08
1.27286e-07
3.5937e-08
9.85437e-08
8.34509e-08
4.84945e-08
4.32657e-08
4.76678e-08
8.85469e-08
-1.31139e-09
-2.27932e-08
-4.16622e-08
-5.49183e-07
-2.55235e-06
4.65328e-07
-7.47417e-08
4.85597e-07
4.96429e-07
4.67612e-07
4.59218e-07
4.57513e-07
3.76181e-07
4.49031e-07
3.05197e-07
4.32313e-07
2.49834e-07
3.7614e-07
2.37054e-07
3.14975e-07
1.88081e-07
2.46184e-07
1.70478e-07
1.94302e-07
1.17993e-07
1.41514e-07
1.13666e-07
1.00069e-07
8.3148e-08
6.00864e-08
9.04998e-08
-1.12524e-08
1.07276e-07
3.39711e-08
3.82274e-08
-1.03911e-08
8.76279e-08
2.11002e-08
5.70556e-08
5.08776e-08
-5.25706e-08
1.74217e-08
-5.15727e-07
-2.53493e-06
4.0185e-07
-4.76591e-07
4.96123e-07
4.02155e-07
4.85914e-07
4.69427e-07
3.22583e-07
5.39512e-07
1.79673e-07
4.48107e-07
1.0409e-07
3.25418e-07
8.4714e-08
2.56429e-07
7.32221e-08
1.99573e-07
9.34226e-08
1.50277e-07
7.79632e-08
1.33452e-07
1.10624e-07
8.1005e-08
5.81478e-08
1.35624e-07
1.32285e-07
1.63629e-08
1.14902e-07
1.24659e-07
1.06891e-07
4.62385e-08
8.78907e-08
1.06628e-07
9.96301e-08
4.53162e-08
8.13604e-08
-3.43008e-08
-2.99935e-08
-4.04373e-07
-2.56492e-06
1.11721e-07
-5.88313e-07
2.17445e-07
2.96431e-07
3.67063e-07
3.19809e-07
5.28112e-07
3.78463e-07
6.06762e-07
3.69457e-07
5.81762e-07
3.50419e-07
5.39249e-07
2.98942e-07
4.5586e-07
2.82962e-07
3.83372e-07
2.22765e-07
3.0398e-07
2.12844e-07
2.54135e-07
1.3085e-07
1.9954e-07
1.90219e-07
9.91522e-08
1.16751e-07
5.39582e-08
1.69853e-07
-1.29857e-07
2.30054e-07
-3.45139e-07
3.2191e-07
-1.18837e-07
-1.80986e-07
-1.80262e-09
-1.51335e-07
2.56255e-08
-4.31801e-07
-2.53929e-06
1.46367e-07
-7.34679e-07
1.66332e-07
2.76466e-07
6.6857e-09
4.79455e-07
-1.03551e-08
3.95504e-07
-3.83121e-08
3.97414e-07
-7.82267e-09
3.19929e-07
-6.37854e-08
3.54905e-07
-5.66657e-08
2.75842e-07
-1.00616e-07
2.66715e-07
-9.45127e-08
2.06741e-07
-1.37962e-07
1.743e-07
-1.68156e-07
2.20412e-07
-1.46372e-07
9.49678e-08
-2.60687e-07
2.84168e-07
1.23829e-08
-4.3016e-08
1.20494e-07
2.13799e-07
9.55118e-09
-7.00438e-08
-1.50313e-07
8.52924e-09
-7.85193e-08
-5.03595e-07
-2.61781e-06
5.91202e-08
-7.938e-07
4.63375e-08
2.89249e-07
7.93449e-08
4.46448e-07
2.39724e-07
2.35124e-07
2.41235e-07
3.95904e-07
2.93461e-07
2.67703e-07
3.60498e-07
2.87868e-07
3.85518e-07
2.50823e-07
4.50232e-07
2.02001e-07
4.39102e-07
2.17872e-07
4.78086e-07
1.35316e-07
4.01174e-07
2.97324e-07
4.83918e-07
1.22242e-08
3.7428e-07
3.93805e-07
2.75596e-07
5.56687e-08
2.93558e-07
1.95837e-07
1.5437e-07
6.9145e-08
4.8788e-08
1.14111e-07
7.97844e-08
-5.34592e-07
-2.53803e-06
-3.61682e-07
-4.32118e-07
-6.05764e-07
5.33331e-07
-3.95262e-07
2.35946e-07
-3.77945e-07
2.17808e-07
-3.26679e-07
3.44637e-07
-2.934e-07
2.34424e-07
-2.3482e-07
2.29287e-07
-2.27352e-07
2.43355e-07
-2.11909e-07
1.86558e-07
-1.8444e-07
1.90403e-07
-1.97963e-07
1.48838e-07
-9.00595e-08
1.89421e-07
-1.83596e-07
1.05761e-07
-9.30535e-08
3.03262e-07
-1.04863e-07
6.7478e-08
-2.57728e-07
3.48701e-07
1.7107e-07
-3.59653e-07
1.9878e-07
8.64004e-08
3.62112e-08
-3.72023e-07
-2.50182e-06
-7.36105e-08
-3.58507e-07
2.80319e-07
1.79402e-07
2.77512e-07
2.38753e-07
2.66677e-07
2.28642e-07
3.37597e-07
2.73717e-07
3.64883e-07
2.07139e-07
4.17878e-07
1.76292e-07
4.80562e-07
1.80671e-07
4.83065e-07
1.84055e-07
5.36387e-07
1.37081e-07
4.8791e-07
1.97315e-07
5.36294e-07
1.41037e-07
5.53865e-07
8.81895e-08
4.91043e-07
3.66084e-07
6.38791e-07
-8.02697e-08
5.39169e-07
4.48323e-07
4.59605e-07
-2.80088e-07
2.41485e-07
3.04521e-07
2.4017e-07
-3.70708e-07
-2.26165e-06
-7.50565e-07
3.92058e-07
-8.58787e-07
2.87624e-07
-8.62336e-07
2.42302e-07
-7.95086e-07
1.61392e-07
-6.97728e-07
1.76359e-07
-6.42151e-07
1.51562e-07
-6.01489e-07
1.3563e-07
-5.55273e-07
1.34456e-07
-5.04222e-07
1.33004e-07
-4.65726e-07
9.8585e-08
-3.84083e-07
1.15672e-07
-3.26385e-07
8.33389e-08
-3.05051e-07
6.68555e-08
-1.15037e-07
1.7607e-07
-2.78212e-07
8.29051e-08
1.73392e-08
1.52772e-07
-2.05194e-07
-5.75547e-08
1.33788e-07
-3.44612e-08
7.27549e-07
-9.64469e-07
-1.5341e-06
3.92058e-07
6.79681e-07
9.21983e-07
1.08338e-06
1.25973e-06
1.4113e-06
1.54693e-06
1.68138e-06
1.81439e-06
1.91297e-06
2.02864e-06
2.11198e-06
2.17884e-06
2.35491e-06
2.43781e-06
2.59058e-06
2.53303e-06
2.49857e-06
1.5341e-06
)
;

boundaryField
{
    movingWall
    {
        type            calculated;
        value           uniform 0;
    }
    fixedWalls
    {
        type            calculated;
        value           uniform 0;
    }
    frontAndBack
    {
        type            empty;
        value           nonuniform 0();
    }
}


// ************************************************************************* //
