/*--------------------------------*- C++ -*----------------------------------*\
| =========                 |                                                 |
| \\      /  F ield         | OpenFOAM: The Open Source CFD Toolbox           |
|  \\    /   O peration     | Version:  5.x                                   |
|   \\  /    A nd           | Web:      www.OpenFOAM.org                      |
|    \\/     M anipulation  |                                                 |
\*---------------------------------------------------------------------------*/
FoamFile
{
    version     2.0;
    format      ascii;
    class       volScalarField;
    location    "3.8";
    object      p;
}
// * * * * * * * * * * * * * * * * * * * * * * * * * * * * * * * * * * * * * //

dimensions      [0 2 -2 0 0 0 0];

internalField   nonuniform List<scalar> 
400
(
-4.07309e-11
4.91501e-07
1.57716e-06
3.29187e-06
5.74226e-06
9.07244e-06
1.34854e-05
1.92589e-05
2.67717e-05
3.65389e-05
4.92614e-05
6.58901e-05
8.77034e-05
0.000116379
0.000153999
0.000202884
0.000265065
0.000341481
0.000425303
0.000506817
-6.92941e-07
-2.36837e-07
7.74323e-07
2.3705e-06
4.64971e-06
7.74288e-06
1.18342e-05
1.71755e-05
2.41104e-05
3.31093e-05
4.48187e-05
6.01332e-05
8.02909e-05
0.000107
0.000142575
0.000189964
0.00025233
0.000333147
0.000428983
0.000543451
-2.12614e-06
-1.73933e-06
-8.73106e-07
4.93218e-07
2.44096e-06
5.07577e-06
8.54551e-06
1.30513e-05
1.88674e-05
2.63717e-05
3.60915e-05
4.87786e-05
6.55317e-05
8.79877e-05
0.000118653
0.000161522
0.000222864
0.000306401
0.000421596
0.000610716
-4.2028e-06
-3.91488e-06
-3.25515e-06
-2.2153e-06
-7.36993e-07
1.25025e-06
3.84302e-06
7.1696e-06
1.14026e-05
1.67791e-05
2.36341e-05
3.24592e-05
4.40111e-05
5.95112e-05
8.10014e-05
0.000112382
0.000162012
0.000239098
0.000347343
0.000655916
-6.80852e-06
-6.64325e-06
-6.23824e-06
-5.59899e-06
-4.69377e-06
-3.49371e-06
-1.96405e-06
-6.61187e-08
2.2445e-06
5.02151e-06
8.33563e-06
1.22909e-05
1.70616e-05
2.29603e-05
3.04267e-05
4.0133e-05
5.88843e-05
9.40006e-05
3.7319e-05
0.000434202
-9.79605e-06
-9.77108e-06
-9.65415e-06
-9.46358e-06
-9.19425e-06
-8.86045e-06
-8.49343e-06
-8.15195e-06
-7.93363e-06
-7.99221e-06
-8.56544e-06
-1.0024e-05
-1.29607e-05
-1.83695e-05
-2.83109e-05
-4.90723e-05
-9.06657e-05
-9.56224e-05
-0.00050476
-6.26315e-05
-1.29972e-05
-1.31266e-05
-1.3317e-05
-1.35973e-05
-1.39833e-05
-1.45288e-05
-1.53273e-05
-1.65314e-05
-1.83772e-05
-2.12217e-05
-2.56068e-05
-3.23714e-05
-4.28486e-05
-5.92432e-05
-8.48283e-05
-0.000125376
-0.00022598
-0.000215731
-0.000578168
-0.000417561
-1.62297e-05
-1.65276e-05
-1.70341e-05
-1.77842e-05
-1.88056e-05
-2.01791e-05
-2.205e-05
-2.46473e-05
-2.83192e-05
-3.35811e-05
-4.11974e-05
-5.23283e-05
-6.8749e-05
-9.3306e-05
-0.00013191
-0.000171785
-0.000297081
-0.000327106
-0.000438818
-0.000485911
-1.92964e-05
-1.98076e-05
-2.06323e-05
-2.18554e-05
-2.34572e-05
-2.55553e-05
-2.83203e-05
-3.2042e-05
-3.71458e-05
-4.42543e-05
-5.42577e-05
-6.84463e-05
-8.89602e-05
-0.000115821
-0.000168296
-0.000201794
-0.000343825
-0.000418577
-0.000540876
-0.00058083
-2.19921e-05
-2.2772e-05
-2.39066e-05
-2.55896e-05
-2.76968e-05
-3.03728e-05
-3.38012e-05
-3.82875e-05
-4.42898e-05
-5.2447e-05
-6.37045e-05
-7.88123e-05
-0.000102641
-0.000123149
-0.000189025
-0.000208092
-0.000356042
-0.000414451
-0.000577939
-0.000563576
-2.4044e-05
-2.54522e-05
-2.68235e-05
-2.936e-05
-3.17478e-05
-3.49347e-05
-3.86317e-05
-4.34499e-05
-4.97478e-05
-5.81325e-05
-6.99466e-05
-8.25547e-05
-0.000111358
-0.00012112
-0.000193313
-0.00019702
-0.000317873
-0.000361656
-0.000425624
-0.000406787
-2.52992e-05
-2.72901e-05
-2.9049e-05
-3.16482e-05
-3.44189e-05
-3.76783e-05
-4.16827e-05
-4.65571e-05
-5.288e-05
-6.04171e-05
-7.25965e-05
-8.11877e-05
-0.000110376
-0.000112478
-0.000173061
-0.000181015
-0.000260564
-0.000283329
-0.00033987
-0.000312093
-2.47874e-05
-2.85918e-05
-3.13668e-05
-3.61034e-05
-3.85678e-05
-4.31459e-05
-4.60783e-05
-5.06246e-05
-5.59524e-05
-6.16082e-05
-7.28603e-05
-7.99347e-05
-0.000102077
-0.000107335
-0.000148042
-0.000156439
-0.000212944
-0.0002276
-0.000299013
-0.00024229
-2.36221e-05
-3.28268e-05
-3.30173e-05
-3.69436e-05
-3.94925e-05
-4.19e-05
-4.5315e-05
-4.8274e-05
-5.39492e-05
-5.83777e-05
-6.75882e-05
-7.32834e-05
-8.93052e-05
-9.23174e-05
-0.000120941
-0.000113566
-0.000159713
-0.000121467
-0.000176599
-0.000103903
-1.42799e-05
-2.52645e-05
-3.37234e-05
-4.25232e-05
-4.62653e-05
-5.10829e-05
-5.14542e-05
-5.5125e-05
-5.69037e-05
-6.03621e-05
-6.60087e-05
-6.89688e-05
-8.04231e-05
-7.95615e-05
-9.91296e-05
-8.86329e-05
-0.000114844
-7.07881e-05
-9.59399e-05
2.86098e-06
-1.74864e-05
-5.17369e-05
-4.16803e-05
-4.63887e-05
-4.62623e-05
-4.54739e-05
-4.56785e-05
-4.69781e-05
-4.91972e-05
-5.14056e-05
-5.58964e-05
-5.83331e-05
-6.57698e-05
-6.16343e-05
-7.40712e-05
-4.82221e-05
-6.67402e-05
-1.74551e-05
-5.86131e-05
5.3671e-05
6.85442e-06
-3.59556e-05
-3.85359e-05
-6.04464e-05
-6.09708e-05
-6.19475e-05
-5.57351e-05
-5.83974e-05
-5.61512e-05
-5.60319e-05
-5.75549e-05
-5.86482e-05
-6.30212e-05
-5.88214e-05
-6.83168e-05
-5.44408e-05
-8.30526e-05
-1.19403e-05
-8.40603e-05
0.000113164
-2.15777e-05
-0.000154297
-8.31234e-05
-6.19952e-05
-5.48069e-05
-4.7675e-05
-4.1565e-05
-4.23084e-05
-4.00962e-05
-4.07792e-05
-4.14352e-05
-4.34848e-05
-4.44247e-05
-4.23826e-05
-4.68273e-05
-2.72374e-05
1.41947e-05
1.39519e-05
0.000105443
0.000292657
2.70697e-05
-0.000102496
-7.23628e-05
-5.30853e-05
-4.90766e-05
-4.94771e-05
-4.11685e-05
-5.82845e-05
-5.65659e-05
-5.16944e-05
-4.86e-05
-6.00651e-05
-5.4956e-05
-4.84818e-05
-5.73098e-05
-8.08049e-05
-4.65918e-05
1.18321e-05
-2.43815e-05
0.000589991
-0.000108607
-7.12353e-05
-1.52552e-05
-4.31274e-05
-3.15931e-05
-2.80642e-05
-1.56256e-05
-3.17835e-05
-3.78021e-05
-2.26209e-05
-3.42384e-05
-3.93411e-05
-2.79559e-05
-2.59793e-05
-1.68154e-05
1.02129e-06
8.56282e-06
0.000289632
0.000702513
0.00196149
)
;

boundaryField
{
    movingWall
    {
        type            zeroGradient;
    }
    fixedWalls
    {
        type            zeroGradient;
    }
    frontAndBack
    {
        type            empty;
    }
}


// ************************************************************************* //
