/*--------------------------------*- C++ -*----------------------------------*\
| =========                 |                                                 |
| \\      /  F ield         | OpenFOAM: The Open Source CFD Toolbox           |
|  \\    /   O peration     | Version:  5.x                                   |
|   \\  /    A nd           | Web:      www.OpenFOAM.org                      |
|    \\/     M anipulation  |                                                 |
\*---------------------------------------------------------------------------*/
FoamFile
{
    version     2.0;
    format      ascii;
    class       volVectorField;
    location    "3.8";
    object      U;
}
// * * * * * * * * * * * * * * * * * * * * * * * * * * * * * * * * * * * * * //

dimensions      [0 1 -1 0 0 0 0];

internalField   nonuniform List<vector> 
400
(
(-0.000149384 0.000150136 0)
(-0.000461714 0.000159107 0)
(-0.00078965 0.00016393 0)
(-0.00112734 0.000171258 0)
(-0.00148249 0.000181045 0)
(-0.00185965 0.000193299 0)
(-0.00226382 0.000207971 0)
(-0.00269979 0.000224879 0)
(-0.00317174 0.000243557 0)
(-0.00368252 0.00026301 0)
(-0.00423222 0.000281308 0)
(-0.00481573 0.000294911 0)
(-0.00541864 0.000297628 0)
(-0.00601078 0.000279035 0)
(-0.00653675 0.000222355 0)
(-0.00690227 0.000102405 0)
(-0.0069476 -0.000114652 0)
(-0.00641102 -0.000472311 0)
(-0.00505665 -0.000991584 0)
(-0.00208994 -0.00178409 0)
(-0.0001549 0.000459052 0)
(-0.000478722 0.000486248 0)
(-0.000818334 0.00050051 0)
(-0.0011673 0.000522189 0)
(-0.00153336 0.000551166 0)
(-0.00192092 0.0005875 0)
(-0.00233504 0.000631094 0)
(-0.00278069 0.000681483 0)
(-0.00326257 0.000737425 0)
(-0.00378466 0.000796226 0)
(-0.0043491 0.000852598 0)
(-0.00495442 0.00089679 0)
(-0.00559234 0.000911586 0)
(-0.00624238 0.000867651 0)
(-0.00686285 0.000716648 0)
(-0.00737542 0.000382526 0)
(-0.00763788 -0.00024399 0)
(-0.0073826 -0.00130233 0)
(-0.00642447 -0.00294814 0)
(-0.00300953 -0.00588462 0)
(-0.0001504 0.000770456 0)
(-0.00046546 0.00081617 0)
(-0.000796335 0.000839704 0)
(-0.00113637 0.000875458 0)
(-0.00149338 0.00092329 0)
(-0.00187183 0.000983424 0)
(-0.00227709 0.00105593 0)
(-0.00271482 0.00114046 0)
(-0.00319113 0.00123565 0)
(-0.00371249 0.00133824 0)
(-0.00428552 0.00144141 0)
(-0.00491637 0.00153218 0)
(-0.00560943 0.00158692 0)
(-0.00636477 0.00156406 0)
(-0.00717275 0.00139201 0)
(-0.00799906 0.000947196 0)
(-0.00874812 2.50615e-05 0)
(-0.00922605 -0.00162068 0)
(-0.00951445 -0.00452089 0)
(-0.00562439 -0.0116345 0)
(-0.000143165 0.00106881 0)
(-0.000444067 0.00113311 0)
(-0.000760835 0.00116588 0)
(-0.00108649 0.00121564 0)
(-0.00142889 0.00128225 0)
(-0.00179246 0.00136626 0)
(-0.00218279 0.00146823 0)
(-0.00260624 0.00158851 0)
(-0.00307043 0.00172663 0)
(-0.00358472 0.00188039 0)
(-0.00416092 0.00204423 0)
(-0.00481436 0.00220655 0)
(-0.00556534 0.00234502 0)
(-0.00644149 0.00241841 0)
(-0.00748355 0.00235255 0)
(-0.00874686 0.00200674 0)
(-0.0102196 0.00108576 0)
(-0.0119634 -0.000798576 0)
(-0.0148758 -0.0045166 0)
(-0.0106264 -0.0210134 0)
(-0.000133529 0.00135081 0)
(-0.000415618 0.00143385 0)
(-0.000713683 0.00147575 0)
(-0.00102023 0.00153923 0)
(-0.00134305 0.00162417 0)
(-0.00168621 0.00173159 0)
(-0.00205526 0.00186289 0)
(-0.00245689 0.00201968 0)
(-0.00289977 0.00220338 0)
(-0.00339547 0.00241451 0)
(-0.00395999 0.00265157 0)
(-0.0046163 0.00290921 0)
(-0.00539849 0.00317496 0)
(-0.00635876 0.00342362 0)
(-0.00758818 0.00361046 0)
(-0.0092786 0.00365638 0)
(-0.0115677 0.00330722 0)
(-0.0142808 0.00175872 0)
(-0.0205592 -0.00263701 0)
(-0.0107236 -0.0393081 0)
(-0.000121483 0.00161162 0)
(-0.0003802 0.00171373 0)
(-0.000655197 0.0017647 0)
(-0.000938202 0.00184147 0)
(-0.0012367 0.00194385 0)
(-0.00155395 0.00207343 0)
(-0.00189496 0.00223265 0)
(-0.00226607 0.00242491 0)
(-0.00267601 0.00265429 0)
(-0.00313704 0.00292537 0)
(-0.0036669 0.00324307 0)
(-0.00429194 0.00361245 0)
(-0.00505249 0.00403859 0)
(-0.00600883 0.00452676 0)
(-0.00725555 0.00508638 0)
(-0.00904346 0.00575887 0)
(-0.0116806 0.00647543 0)
(-0.0124646 0.00438585 0)
(-0.020895 -0.00352223 0)
(0.00325468 -0.0600544 0)
(-0.000106882 0.00184654 0)
(-0.000337706 0.00196839 0)
(-0.000585657 0.0020285 0)
(-0.000841222 0.00211801 0)
(-0.00111129 0.00223647 0)
(-0.00139766 0.00238587 0)
(-0.00170409 0.00256992 0)
(-0.00203567 0.0027939 0)
(-0.00239985 0.00306485 0)
(-0.0028074 0.00339165 0)
(-0.0032739 0.00378569 0)
(-0.00382218 0.00426232 0)
(-0.00448641 0.00484367 0)
(-0.00531512 0.0055655 0)
(-0.00634912 0.00648316 0)
(-0.00763365 0.00755928 0)
(-0.0105304 0.00900902 0)
(-0.00751978 0.00518128 0)
(-0.0165224 -0.0089771 0)
(0.0131859 -0.0625217 0)
(-8.94188e-05 0.00205026 0)
(-0.000287754 0.00219429 0)
(-0.000505285 0.00226388 0)
(-0.000730407 0.00236639 0)
(-0.000969061 0.00249879 0)
(-0.00122079 0.00266453 0)
(-0.00148731 0.00286816 0)
(-0.00177165 0.00311724 0)
(-0.00207896 0.00342165 0)
(-0.00241719 0.00379456 0)
(-0.00279771 0.0042537 0)
(-0.00323646 0.00482443 0)
(-0.00375397 0.00554368 0)
(-0.00437578 0.00645784 0)
(-0.0052169 0.00770356 0)
(-0.00564162 0.0087774 0)
(-0.00863844 0.0103544 0)
(-0.00467728 0.00510945 0)
(-0.0112593 -0.0170336 0)
(0.00617882 -0.0603019 0)
(-6.711e-05 0.00221798 0)
(-0.000228166 0.00238559 0)
(-0.000413318 0.00246592 0)
(-0.000606525 0.00257978 0)
(-0.000813446 0.00272472 0)
(-0.00102865 0.00290213 0)
(-0.00125188 0.00311908 0)
(-0.00148285 0.00338379 0)
(-0.00172348 0.00370844 0)
(-0.0019768 0.00410782 0)
(-0.00224638 0.00460133 0)
(-0.00253628 0.00521293 0)
(-0.00286051 0.00599767 0)
(-0.00314867 0.00688994 0)
(-0.00390554 0.00839975 0)
(-0.0033406 0.00919192 0)
(-0.00608419 0.0106659 0)
(-0.00219273 0.00448061 0)
(-0.00586931 -0.021172 0)
(0.00157959 -0.0672256 0)
(-4.08458e-05 0.00233605 0)
(-0.000159065 0.0025543 0)
(-0.000310904 0.00264027 0)
(-0.000471848 0.00278949 0)
(-0.000646714 0.00293449 0)
(-0.000826627 0.00311985 0)
(-0.00100591 0.00333448 0)
(-0.00118278 0.00360092 0)
(-0.00135566 0.0039301 0)
(-0.00152528 0.00434043 0)
(-0.00169396 0.00485576 0)
(-0.00184058 0.00547942 0)
(-0.00208178 0.00638012 0)
(-0.00192258 0.00714324 0)
(-0.00272251 0.00903435 0)
(-0.00108842 0.00945163 0)
(-0.00341612 0.0107465 0)
(0.00153378 0.0037379 0)
(-0.00152194 -0.0214405 0)
(0.00650621 -0.0670204 0)
(1.77677e-05 0.00241413 0)
(-5.7657e-05 0.00264403 0)
(-0.000178492 0.00275501 0)
(-0.000312727 0.00286642 0)
(-0.0004846 0.00303863 0)
(-0.000629994 0.00321754 0)
(-0.000772472 0.00344743 0)
(-0.000888941 0.00371394 0)
(-0.000986278 0.00403992 0)
(-0.00105467 0.00443058 0)
(-0.00111497 0.00492924 0)
(-0.0010198 0.00543189 0)
(-0.00122971 0.0063407 0)
(-0.000437363 0.00676298 0)
(-0.00140002 0.00848648 0)
(0.00107651 0.00856874 0)
(-0.00111781 0.00923028 0)
(0.00398166 0.00219106 0)
(-0.000199208 -0.0222639 0)
(0.00588514 -0.0608801 0)
(4.16043e-05 0.00234884 0)
(2.74961e-05 0.00283492 0)
(-8.6384e-05 0.00292436 0)
(-0.000189109 0.00328454 0)
(-0.00029146 0.0033592 0)
(-0.000415349 0.00359388 0)
(-0.000505857 0.00372237 0)
(-0.000587402 0.00394301 0)
(-0.000636108 0.00420149 0)
(-0.000631381 0.00454172 0)
(-0.000687326 0.00504418 0)
(-0.000401669 0.00547258 0)
(-0.000737834 0.00646772 0)
(0.000391115 0.00695796 0)
(-0.000669844 0.00857943 0)
(0.00227145 0.00901414 0)
(-0.000131765 0.0088942 0)
(0.0054291 0.00220974 0)
(-5.10649e-05 -0.0221064 0)
(0.00232462 -0.0613 0)
(0.000338366 0.00241556 0)
(0.000363214 0.0027695 0)
(0.000262619 0.00286896 0)
(0.000122135 0.0028527 0)
(-0.000185584 0.00305959 0)
(-0.000273957 0.00314813 0)
(-0.000432303 0.00339369 0)
(-0.000418604 0.00360871 0)
(-0.000398451 0.00392665 0)
(-0.000225218 0.00421575 0)
(-0.000214295 0.00469628 0)
(0.000374369 0.00500476 0)
(0.000136448 0.00568931 0)
(0.00167339 0.0060032 0)
(0.000650539 0.00675559 0)
(0.00396431 0.00682863 0)
(0.00146741 0.00640283 0)
(0.00694769 0.000439575 0)
(-9.54192e-06 -0.0207539 0)
(0.00544324 -0.0612043 0)
(0.000258031 0.00144926 0)
(0.000244109 0.00277375 0)
(4.20447e-05 0.00321541 0)
(1.92306e-05 0.00407994 0)
(3.195e-05 0.00400962 0)
(-6.87129e-05 0.00432444 0)
(-3.15067e-05 0.00416956 0)
(-3.87692e-05 0.00433133 0)
(-1.02896e-05 0.00436445 0)
(0.000165594 0.00459743 0)
(0.000138278 0.00486496 0)
(0.000663461 0.00526597 0)
(0.00036082 0.00579594 0)
(0.00171603 0.00640884 0)
(0.00050319 0.00723974 0)
(0.0040084 0.00810795 0)
(0.000456023 0.00716965 0)
(0.00845561 0.00302064 0)
(-0.000191711 -0.0178452 0)
(0.00772136 -0.0559234 0)
(0.00133926 0.00213495 0)
(0.00191185 0.00364653 0)
(0.00131785 0.00310392 0)
(0.000743725 0.00255214 0)
(-0.000100525 0.00276358 0)
(-0.000207878 0.00265295 0)
(-0.000486284 0.00291614 0)
(-0.000276683 0.00303118 0)
(-0.000180621 0.00331447 0)
(0.000212262 0.00354346 0)
(0.000362048 0.00388162 0)
(0.00118012 0.00422972 0)
(0.00100231 0.00449495 0)
(0.00287141 0.00498942 0)
(0.00177203 0.00469882 0)
(0.00566022 0.00495047 0)
(0.00235296 0.00295392 0)
(0.00888601 -0.00139307 0)
(-0.00261341 -0.0181133 0)
(0.00549088 -0.0539581 0)
(0.00219965 -0.0021396 0)
(0.00127738 0.00212381 0)
(0.00079222 0.003915 0)
(0.000984708 0.00599678 0)
(0.000941348 0.00538719 0)
(0.000588144 0.00546837 0)
(0.00065775 0.00471872 0)
(0.000676488 0.00475514 0)
(0.000746441 0.00439184 0)
(0.00101033 0.00458565 0)
(0.0010589 0.00452869 0)
(0.00162986 0.00485776 0)
(0.00142636 0.00497959 0)
(0.00269543 0.00555561 0)
(0.00119266 0.00578051 0)
(0.00442473 0.00744524 0)
(-0.000647292 0.00619769 0)
(0.00979866 0.00690518 0)
(-0.00297763 -0.0123484 0)
(0.00660475 -0.0540397 0)
(0.00332226 -0.00132243 0)
(0.00347704 0.00699871 0)
(-0.00277016 0.00373438 0)
(-0.00291789 0.00206094 0)
(-0.00416462 0.00247198 0)
(-0.00325733 0.00207209 0)
(-0.00283273 0.00213021 0)
(-0.00219926 0.00216211 0)
(-0.00154773 0.00236699 0)
(-0.000989513 0.00246605 0)
(-0.000367375 0.0027957 0)
(0.000314645 0.0030306 0)
(0.000662088 0.00319456 0)
(0.00200901 0.00399369 0)
(0.00167511 0.00304609 0)
(0.00537903 0.00451203 0)
(0.000476863 -0.00230682 0)
(0.0111385 -0.00167025 0)
(-0.00526762 -0.0162613 0)
(0.00970738 -0.0534296 0)
(-0.0039531 -0.0106676 0)
(0.00799082 0.00653521 0)
(0.00941854 0.00859309 0)
(0.00839348 0.00842327 0)
(0.00975334 0.00596875 0)
(0.00928652 0.00535842 0)
(0.00872973 0.00399454 0)
(0.00872371 0.00463186 0)
(0.0073612 0.0037573 0)
(0.00791582 0.00414655 0)
(0.00638788 0.00398292 0)
(0.00741164 0.00445356 0)
(0.00592875 0.00425482 0)
(0.00759239 0.00486559 0)
(0.00582459 0.00392089 0)
(0.00752587 0.00906237 0)
(0.00309856 0.00317267 0)
(0.0075195 0.0112193 0)
(-0.000668915 -0.00434338 0)
(0.0126013 -0.0491874 0)
(-0.0220281 -0.0040171 0)
(-0.0121519 -0.00193765 0)
(-0.0233602 0.00229804 0)
(-0.0118468 0.00175561 0)
(-0.0210488 0.00122135 0)
(-0.0117607 0.00258976 0)
(-0.0183141 0.00152354 0)
(-0.0124821 0.00299548 0)
(-0.0151704 0.00200818 0)
(-0.0121417 0.00274272 0)
(-0.011872 0.0024185 0)
(-0.0108183 0.00259306 0)
(-0.00859841 0.00232486 0)
(-0.0079997 0.00270711 0)
(-0.00448007 0.00256501 0)
(-0.00591502 0.00567009 0)
(0.00629874 -0.00432836 0)
(-0.00202555 0.000780687 0)
(0.0159111 -0.0262167 0)
(0.0143981 -0.0482318 0)
(0.00125954 0.0183555 0)
(0.0151597 0.0113934 0)
(0.0110266 0.00698076 0)
(0.0213096 0.00673746 0)
(0.0215713 0.00588916 0)
(0.0273214 0.00447527 0)
(0.0282285 0.00391852 0)
(0.0313193 0.00404624 0)
(0.0366111 0.0032632 0)
(0.035223 0.0022038 0)
(0.0407103 0.00293998 0)
(0.0414984 0.00260242 0)
(0.0446395 0.0018898 0)
(0.0453545 0.00177386 0)
(0.0493077 0.00213387 0)
(0.0488529 0.000968814 0)
(0.0518628 0.000636157 0)
(0.0509769 0.000563028 0)
(0.0441409 -0.00489698 0)
(0.0287219 -0.00751125 0)
)
;

boundaryField
{
    movingWall
    {
        type            fixedValue;
        value           uniform (1 0 0);
    }
    fixedWalls
    {
        type            noSlip;
    }
    frontAndBack
    {
        type            empty;
    }
}


// ************************************************************************* //
