/*--------------------------------*- C++ -*----------------------------------*\
| =========                 |                                                 |
| \\      /  F ield         | OpenFOAM: The Open Source CFD Toolbox           |
|  \\    /   O peration     | Version:  5.x                                   |
|   \\  /    A nd           | Web:      www.OpenFOAM.org                      |
|    \\/     M anipulation  |                                                 |
\*---------------------------------------------------------------------------*/
FoamFile
{
    version     2.0;
    format      ascii;
    class       surfaceScalarField;
    location    "10.5";
    object      phi;
}
// * * * * * * * * * * * * * * * * * * * * * * * * * * * * * * * * * * * * * //

dimensions      [0 3 -1 0 0 0 0];

internalField   nonuniform List<scalar> 
760
(
-1.04741e-06
1.04741e-06
-1.73507e-06
6.87661e-07
-2.07812e-06
3.43045e-07
-2.21832e-06
1.40208e-07
-2.27241e-06
5.4089e-08
-2.34152e-06
6.91075e-08
-2.3673e-06
2.57757e-08
-2.35641e-06
-1.08849e-08
-2.35167e-06
-4.73941e-09
-2.36714e-06
1.54717e-08
-2.39623e-06
2.90859e-08
-2.34906e-06
-4.71642e-08
-2.37504e-06
2.59782e-08
-2.37445e-06
-5.94783e-10
-2.35512e-06
-1.93328e-08
-2.2869e-06
-6.8218e-08
-2.25224e-06
-3.46583e-08
-1.8809e-06
-3.71335e-07
-1.20348e-06
-6.77426e-07
-1.20348e-06
-5.39389e-07
1.5868e-06
-7.84762e-07
9.33034e-07
-8.34767e-07
3.9305e-07
-9.01791e-07
2.07232e-07
-9.57982e-07
1.1028e-07
-9.79936e-07
9.10615e-08
-9.88266e-07
3.41056e-08
-1.01377e-06
1.46154e-08
-1.02895e-06
1.04477e-08
-1.00882e-06
-4.66229e-09
-9.89165e-07
9.43155e-09
-9.9188e-07
-4.44496e-08
-9.72738e-07
6.8359e-09
-9.19824e-07
-5.35083e-08
-9.3534e-07
-3.81687e-09
-9.27675e-07
-7.58827e-08
-9.75567e-07
1.3233e-08
-1.0525e-06
-2.94404e-07
-9.3514e-07
-7.94783e-07
-2.13862e-06
-2.29112e-07
1.81591e-06
-2.90603e-07
9.94524e-07
-3.08929e-07
4.11377e-07
-3.25658e-07
2.23961e-07
-3.32996e-07
1.17618e-07
-3.35996e-07
9.40618e-08
-3.20114e-07
1.82241e-08
-2.97224e-07
-8.27533e-09
-2.76264e-07
-1.05118e-08
-2.53393e-07
-2.7533e-08
-2.11192e-07
-3.27705e-08
-2.06675e-07
-4.89657e-08
-1.69529e-07
-3.03108e-08
-1.64801e-07
-5.82357e-08
-1.66979e-07
-1.63909e-09
-1.8388e-07
-5.89816e-08
-1.80391e-07
9.74375e-09
-1.30989e-07
-3.43806e-07
-2.00809e-07
-7.24964e-07
-2.33943e-06
-2.09066e-08
1.83682e-06
-6.81096e-08
1.04173e-06
-1.60304e-07
5.03571e-07
-2.16363e-07
2.80021e-07
-2.52495e-07
1.5375e-07
-2.65306e-07
1.06873e-07
-2.41809e-07
-5.27275e-09
-2.26993e-07
-2.30914e-08
-1.93641e-07
-4.38638e-08
-1.65812e-07
-5.53621e-08
-1.52236e-07
-4.6346e-08
-1.40807e-07
-6.03949e-08
-1.59397e-07
-1.17207e-08
-1.61487e-07
-5.61453e-08
-2.076e-07
4.44729e-08
-1.84024e-07
-8.25572e-08
-1.63736e-07
-1.05445e-08
-2.33636e-07
-2.73905e-07
-2.30064e-07
-7.28536e-07
-2.56949e-06
-5.64065e-08
1.89322e-06
-1.53547e-07
1.13887e-06
-2.90596e-07
6.40619e-07
-3.42577e-07
3.32002e-07
-3.45772e-07
1.56945e-07
-3.18616e-07
7.97166e-08
-2.9384e-07
-3.00487e-08
-2.58952e-07
-5.79797e-08
-2.15519e-07
-8.72964e-08
-1.74261e-07
-9.66198e-08
-1.3183e-07
-8.87775e-08
-9.13566e-08
-1.00868e-07
-4.80677e-08
-5.50097e-08
5.71182e-10
-1.04784e-07
5.12591e-08
-6.21496e-09
1.15994e-07
-1.47292e-07
1.12226e-07
-6.77601e-09
6.03129e-08
-2.21992e-07
1.1911e-08
-6.80134e-07
-2.55758e-06
-3.69409e-08
1.93016e-06
-2.23622e-07
1.32555e-06
-4.03329e-07
8.20326e-07
-4.67273e-07
3.95946e-07
-4.35061e-07
1.24733e-07
-3.67455e-07
1.21103e-08
-3.09742e-07
-8.77613e-08
-2.49386e-07
-1.18336e-07
-1.97035e-07
-1.39647e-07
-1.51073e-07
-1.42582e-07
-1.27783e-07
-1.12067e-07
-1.00716e-07
-1.27936e-07
-9.43992e-08
-6.1326e-08
-8.41245e-08
-1.15059e-07
-7.10558e-08
-1.92836e-08
-9.27445e-08
-1.25604e-07
-6.44225e-08
-3.5098e-08
-4.45005e-08
-2.41914e-07
-5.03966e-08
-6.74238e-07
-2.60798e-06
-2.19741e-07
2.14991e-06
-3.88792e-07
1.4946e-06
-5.8822e-07
1.01975e-06
-6.55918e-07
4.63643e-07
-5.94416e-07
6.32313e-08
-4.69598e-07
-1.12707e-07
-3.73175e-07
-1.84185e-07
-2.88058e-07
-2.03453e-07
-2.10334e-07
-2.17371e-07
-1.49397e-07
-2.03519e-07
-9.17462e-08
-1.69717e-07
-5.1689e-08
-1.67993e-07
-8.4176e-09
-1.04597e-07
2.54493e-08
-1.48926e-07
4.99097e-08
-4.37441e-08
7.9884e-08
-1.55578e-07
6.8469e-08
-2.36831e-08
1.8525e-08
-1.9197e-07
-1.38622e-08
-6.41851e-07
-2.62184e-06
-1.87147e-07
2.33705e-06
-4.47397e-07
1.75485e-06
-6.82201e-07
1.25456e-06
-7.83682e-07
5.65125e-07
-7.25518e-07
5.06693e-09
-5.56828e-07
-2.81397e-07
-3.9988e-07
-3.41134e-07
-2.85934e-07
-3.17398e-07
-2.06906e-07
-2.96399e-07
-1.47379e-07
-2.63047e-07
-1.05387e-07
-2.1171e-07
-8.20479e-08
-1.91332e-07
-5.60029e-08
-1.30643e-07
-5.0791e-08
-1.54138e-07
-2.61636e-08
-6.83715e-08
-4.10731e-08
-1.40668e-07
-3.45564e-08
-3.01998e-08
-5.64596e-09
-2.20881e-07
1.51229e-08
-6.62619e-07
-2.60672e-06
-1.83918e-07
2.52097e-06
-4.83888e-07
2.05482e-06
-6.57812e-07
1.42848e-06
-7.91676e-07
6.98989e-07
-7.71035e-07
-1.55741e-08
-6.0176e-07
-4.50672e-07
-3.70247e-07
-5.72646e-07
-2.20959e-07
-4.66686e-07
-1.28086e-07
-3.89272e-07
-7.47544e-08
-3.16379e-07
-1.94391e-08
-2.67025e-07
-4.97433e-09
-2.05796e-07
2.86102e-08
-1.64227e-07
2.72296e-08
-1.52757e-07
5.18864e-08
-9.30282e-08
7.12455e-08
-1.60027e-07
6.05395e-08
-1.94939e-08
1.25887e-08
-1.7293e-07
-4.18057e-08
-6.08225e-07
-2.64852e-06
-1.28773e-07
2.64974e-06
-2.8957e-07
2.21562e-06
-4.28452e-07
1.56736e-06
-5.50462e-07
8.20999e-07
-5.95794e-07
2.97582e-08
-5.12884e-07
-5.33582e-07
-2.88225e-07
-7.97306e-07
-1.25009e-07
-6.29902e-07
-6.72294e-08
-4.47051e-07
-5.80715e-08
-3.25537e-07
-2.79987e-08
-2.97098e-07
-3.71843e-08
-1.96611e-07
-4.82555e-09
-1.96586e-07
-2.00854e-08
-1.37497e-07
3.40442e-08
-1.47158e-07
5.60813e-08
-1.82065e-07
1.88697e-08
1.77177e-08
2.07722e-08
-1.74832e-07
3.46993e-08
-6.22152e-07
-2.61382e-06
1.25781e-07
2.52396e-06
2.38889e-07
2.10251e-06
1.2751e-07
1.67874e-06
-4.50629e-08
9.93572e-07
-1.66985e-07
1.5168e-07
-1.97375e-07
-5.03192e-07
-5.82236e-08
-9.36457e-07
1.60486e-07
-8.48611e-07
2.40688e-07
-5.27253e-07
1.67768e-07
-2.52617e-07
1.24642e-07
-2.53972e-07
9.39089e-08
-1.65877e-07
6.95226e-08
-1.722e-07
4.09209e-08
-1.08895e-07
4.36913e-08
-1.49928e-07
-9.15918e-09
-1.29214e-07
3.14378e-08
-2.28793e-08
3.0914e-08
-1.74309e-07
-5.41859e-08
-5.37052e-07
-2.66801e-06
2.95715e-07
2.22825e-06
4.56949e-07
1.94127e-06
4.79251e-07
1.65644e-06
4.86334e-07
9.86489e-07
4.50157e-07
1.87857e-07
3.99016e-07
-4.52051e-07
1.67137e-07
-7.04578e-07
5.44821e-08
-7.35957e-07
1.08982e-07
-5.81753e-07
1.20968e-07
-2.64603e-07
9.08896e-08
-2.23893e-07
3.99712e-08
-1.14959e-07
-1.55829e-08
-1.16645e-07
-1.15724e-07
-8.75417e-09
1.2168e-08
-2.7782e-07
-4.1726e-08
-7.532e-08
7.8971e-09
-7.25024e-08
1.1537e-07
-2.81782e-07
3.7133e-08
-4.58815e-07
-2.63088e-06
7.30331e-07
1.49792e-06
1.02179e-06
1.64981e-06
1.2455e-06
1.43273e-06
1.32772e-06
9.04274e-07
1.32218e-06
1.93399e-07
1.34847e-06
-4.78348e-07
1.10688e-06
-4.62987e-07
5.72401e-07
-2.01476e-07
2.26207e-07
-2.35558e-07
9.4372e-08
-1.32769e-07
1.50393e-07
-2.79915e-07
3.40965e-08
1.33799e-09
1.15766e-07
-1.98315e-07
9.27935e-08
1.42186e-08
4.96223e-08
-2.34649e-07
1.08061e-08
-3.65039e-08
2.15985e-08
-8.32949e-08
3.92945e-08
-2.99478e-07
-3.42178e-08
-3.85303e-07
-2.66509e-06
9.52302e-07
5.45614e-07
1.45025e-06
1.15187e-06
1.71141e-06
1.17157e-06
1.68148e-06
9.34206e-07
1.58731e-06
2.87568e-07
1.36721e-06
-2.58253e-07
1.29462e-06
-3.9039e-07
1.25726e-06
-1.64121e-07
1.16796e-06
-1.46256e-07
1.02594e-06
9.25386e-09
8.94223e-07
-1.48201e-07
8.21432e-07
7.41287e-08
6.39014e-07
-1.58967e-08
5.05061e-07
1.48171e-07
4.06182e-08
2.29794e-07
-3.19174e-07
3.23289e-07
-2.01005e-07
-2.01464e-07
-1.42029e-07
-3.58454e-07
2.49842e-08
-5.52316e-07
-2.64011e-06
6.80757e-07
-1.35143e-07
1.34899e-06
4.83634e-07
1.53807e-06
9.8249e-07
1.53283e-06
9.39446e-07
1.30384e-06
5.1656e-07
9.02101e-07
1.43483e-07
4.45582e-07
6.61297e-08
2.88467e-07
-7.00587e-09
9.82246e-08
4.3986e-08
4.69861e-08
6.04924e-08
-1.34021e-07
3.2806e-08
-1.34477e-07
7.45853e-08
-1.38008e-07
-1.23658e-08
-1.77593e-07
1.87756e-07
6.24167e-08
-1.0216e-08
1.71054e-07
2.14651e-07
1.72067e-07
-2.02476e-07
-1.61135e-07
-2.52517e-08
-7.23857e-08
-6.41065e-07
-2.7125e-06
4.05185e-07
-5.40328e-07
7.29135e-07
1.59684e-07
9.66851e-07
7.44774e-07
1.24859e-06
6.57705e-07
1.22324e-06
5.41912e-07
1.16636e-06
2.00366e-07
9.9091e-07
2.41578e-07
8.68614e-07
1.1529e-07
7.12438e-07
2.00162e-07
5.93457e-07
1.79474e-07
5.20067e-07
1.06196e-07
3.52632e-07
2.4202e-07
3.54212e-07
-1.3946e-08
2.86892e-07
2.55076e-07
1.86541e-07
9.01345e-08
3.57011e-07
4.41814e-08
4.35842e-07
-2.81308e-07
1.19452e-07
2.91138e-07
8.8168e-08
-6.09781e-07
-2.62433e-06
-5.50522e-08
-4.85276e-07
-2.8177e-07
3.86402e-07
-9.32909e-09
4.72332e-07
1.69124e-07
4.79251e-07
2.11857e-07
4.99179e-07
1.56906e-07
2.55317e-07
1.63037e-07
2.35448e-07
8.44944e-08
1.93832e-07
1.19795e-07
1.64861e-07
1.12976e-07
1.86293e-07
6.43991e-08
1.54773e-07
1.67871e-07
1.38549e-07
-2.86467e-09
1.5679e-07
4.47655e-08
2.07446e-07
-1.89361e-09
1.36794e-07
-3.04107e-07
3.46395e-07
4.79213e-08
-6.33336e-07
2.45465e-07
9.35942e-08
3.84772e-08
-4.02793e-07
-2.58585e-06
-1.31286e-07
-3.5399e-07
1.49397e-07
1.05719e-07
2.96641e-07
3.25088e-07
4.18844e-07
3.57048e-07
5.94742e-07
3.23282e-07
6.32991e-07
2.17067e-07
6.81769e-07
1.8667e-07
6.9777e-07
1.77831e-07
7.12499e-07
1.50132e-07
7.49449e-07
1.49343e-07
7.19733e-07
1.84489e-07
7.05075e-07
1.53206e-07
7.43817e-07
1.18048e-07
6.15081e-07
3.36183e-07
7.96351e-07
-4.44772e-08
7.66028e-07
3.76719e-07
4.59898e-07
-3.27206e-07
3.02089e-07
2.51403e-07
2.78855e-07
-3.79559e-07
-2.307e-06
-7.24315e-07
3.70326e-07
-8.36317e-07
2.1772e-07
-7.66026e-07
2.54798e-07
-6.5212e-07
2.43142e-07
-5.3477e-07
2.05932e-07
-4.69566e-07
1.51863e-07
-4.5821e-07
1.75314e-07
-4.21246e-07
1.40867e-07
-4.00831e-07
1.29718e-07
-3.68467e-07
1.16979e-07
-2.9653e-07
1.12551e-07
-2.54241e-07
1.10918e-07
-1.97229e-07
6.10352e-08
-4.0472e-08
1.79426e-07
-1.85946e-07
1.00997e-07
9.33468e-08
9.74254e-08
-2.15808e-07
-1.80517e-08
8.64133e-08
-5.08182e-08
7.36725e-07
-1.02987e-06
-1.57027e-06
3.70326e-07
5.88046e-07
8.42843e-07
1.08599e-06
1.29192e-06
1.44378e-06
1.61909e-06
1.75996e-06
1.88968e-06
2.00666e-06
2.11921e-06
2.23013e-06
2.29116e-06
2.47059e-06
2.57159e-06
2.66901e-06
2.65096e-06
2.60014e-06
1.57027e-06
)
;

boundaryField
{
    movingWall
    {
        type            calculated;
        value           uniform 0;
    }
    fixedWalls
    {
        type            calculated;
        value           uniform 0;
    }
    frontAndBack
    {
        type            empty;
        value           nonuniform 0();
    }
}


// ************************************************************************* //
