/*--------------------------------*- C++ -*----------------------------------*\
| =========                 |                                                 |
| \\      /  F ield         | OpenFOAM: The Open Source CFD Toolbox           |
|  \\    /   O peration     | Version:  5.x                                   |
|   \\  /    A nd           | Web:      www.OpenFOAM.org                      |
|    \\/     M anipulation  |                                                 |
\*---------------------------------------------------------------------------*/
FoamFile
{
    version     2.0;
    format      ascii;
    class       volScalarField;
    location    "12.9";
    object      p;
}
// * * * * * * * * * * * * * * * * * * * * * * * * * * * * * * * * * * * * * //

dimensions      [0 2 -2 0 0 0 0];

internalField   nonuniform List<scalar> 
400
(
-3.66007e-10
-0.000486972
-0.00084103
-0.00106962
-0.0011623
-0.00122156
-0.00124
-0.0012429
-0.00124273
-0.00124371
-0.00123566
-0.00123049
-0.00122605
-0.00121996
-0.00121878
-0.00116996
-0.00103761
-0.000768872
-0.000629732
0.000293543
-0.000557501
-0.000887115
-0.00107755
-0.00119352
-0.00122473
-0.00125629
-0.00124923
-0.00125175
-0.00123777
-0.00122785
-0.00124276
-0.00121921
-0.00126031
-0.00122856
-0.00124539
-0.00122149
-0.00120216
-0.00108119
-0.00106498
-0.000428388
-0.000844039
-0.00110252
-0.00115541
-0.00122526
-0.00124544
-0.00123868
-0.00125552
-0.00124103
-0.00124878
-0.00123636
-0.00124552
-0.00123022
-0.00124391
-0.00122639
-0.00124376
-0.00122108
-0.0012073
-0.00114275
-0.00109878
-0.000839357
-0.00104641
-0.00117541
-0.00123258
-0.00122949
-0.00125167
-0.00124463
-0.00125303
-0.00124701
-0.00124921
-0.00123676
-0.00124416
-0.00122574
-0.00124319
-0.00122134
-0.00124151
-0.00122511
-0.00120819
-0.00118207
-0.0012435
-0.00108508
-0.00115443
-0.00121708
-0.00124156
-0.00123511
-0.0012449
-0.00124439
-0.00125214
-0.00124765
-0.0012516
-0.00123985
-0.00124519
-0.00122892
-0.00124157
-0.00122418
-0.00123639
-0.0012221
-0.001224
-0.0012031
-0.00118783
-0.00113825
-0.00120021
-0.00121558
-0.0012455
-0.00123442
-0.00125069
-0.00124986
-0.00125903
-0.0012549
-0.00125586
-0.0012454
-0.00124281
-0.00123121
-0.001237
-0.00122081
-0.0012293
-0.00121228
-0.00122748
-0.00118988
-0.00122715
-0.00118182
-0.00123561
-0.00121558
-0.0012486
-0.00124576
-0.00125407
-0.00125972
-0.00126603
-0.00126485
-0.00126353
-0.00125164
-0.00124407
-0.00123402
-0.00124094
-0.001228
-0.00123804
-0.00122719
-0.00122918
-0.00119737
-0.00121655
-0.00117326
-0.00123488
-0.00125445
-0.00125706
-0.00126325
-0.00127171
-0.00127945
-0.00128807
-0.00128465
-0.00127759
-0.00126338
-0.00124243
-0.00123446
-0.00123473
-0.00122196
-0.00123284
-0.00120955
-0.00123214
-0.00118816
-0.00120499
-0.00118487
-0.00128352
-0.00128979
-0.00128772
-0.00128731
-0.0012991
-0.00130939
-0.00131736
-0.00131565
-0.00130252
-0.00128312
-0.00124992
-0.00124046
-0.00124834
-0.00123197
-0.00124239
-0.00123992
-0.00124923
-0.00120237
-0.00124689
-0.00118494
-0.00131432
-0.00129062
-0.00129969
-0.00129539
-0.00132552
-0.00135323
-0.00137473
-0.00136349
-0.00133056
-0.00130846
-0.00125832
-0.00122907
-0.00124187
-0.0012204
-0.00124049
-0.00121943
-0.00124782
-0.00119138
-0.00118853
-0.00119941
-0.00129619
-0.0013106
-0.00131659
-0.0013483
-0.0014005
-0.00146842
-0.00150652
-0.00147029
-0.00138773
-0.00132667
-0.00127876
-0.001239
-0.00126596
-0.00126082
-0.00128117
-0.00124261
-0.00125858
-0.00122672
-0.0012397
-0.00122976
-0.00134571
-0.00134699
-0.00135122
-0.00140172
-0.00154812
-0.00169692
-0.00178477
-0.00174809
-0.00154523
-0.00138539
-0.00129845
-0.00123115
-0.00125907
-0.00122727
-0.00129103
-0.00123023
-0.00123411
-0.00120886
-0.0012114
-0.00121437
-0.00133507
-0.00136172
-0.00136461
-0.00148248
-0.00168467
-0.00191463
-0.00204055
-0.00198412
-0.00173448
-0.00146212
-0.00133001
-0.00124942
-0.00128721
-0.00128313
-0.00133632
-0.00125934
-0.00132111
-0.00121618
-0.00128974
-0.001162
-0.0012917
-0.00133051
-0.00138169
-0.00149445
-0.00172777
-0.00195879
-0.00207854
-0.00201732
-0.00177168
-0.00151843
-0.00132474
-0.00127492
-0.00130049
-0.001244
-0.00126168
-0.00113296
-0.0012076
-0.00109698
-0.00110904
-0.0010752
-0.00122256
-0.00126336
-0.00129247
-0.00139913
-0.00165133
-0.00179011
-0.00193961
-0.00191941
-0.00167415
-0.00148931
-0.00132166
-0.00136244
-0.00123692
-0.0012844
-0.00139207
-0.00123084
-0.00134103
-0.00116894
-0.00125577
-0.00106372
-0.00108046
-0.00114937
-0.00118308
-0.00126027
-0.00142209
-0.00156555
-0.00164672
-0.00165259
-0.00152974
-0.00138543
-0.00134959
-0.00136369
-0.00131802
-0.0014219
-0.0014448
-0.00118807
-0.00102479
-0.00098643
-0.00106843
-0.00103565
-0.000939723
-0.00104073
-0.00105877
-0.00113105
-0.00125639
-0.00140096
-0.00147074
-0.00149608
-0.00137584
-0.00123616
-0.00140327
-0.00138125
-0.00146782
-0.00138556
-0.00116304
-0.00122818
-0.00123111
-0.001125
-0.00129293
-0.00104383
-0.00068829
-0.000827512
-0.00091858
-0.000997202
-0.00108538
-0.00119038
-0.00126448
-0.00138155
-0.00142356
-0.00143079
-0.00150761
-0.00157375
-0.00147531
-0.00116794
-0.00109112
-0.00117991
-0.00116819
-0.00102906
-0.00105086
-0.000749271
-0.000569396
-0.000730811
-0.000783428
-0.000852736
-0.000905958
-0.00092252
-0.0010186
-0.00137634
-0.00165522
-0.00169267
-0.00156281
-0.00147357
-0.00150525
-0.00109924
-0.00122187
-0.0011837
-0.00107284
-0.00135456
-0.00086494
-0.000572208
-0.000605774
-0.000701091
-0.000733587
-0.000840252
-0.000994615
-0.00116465
-0.00127316
-0.00140692
-0.00153401
-0.00152046
-0.00140351
-0.00123578
-0.00110071
-0.00103925
-0.00105482
-0.00110311
-0.00120238
-0.00105987
-0.000322547
0.00107049
)
;

boundaryField
{
    movingWall
    {
        type            zeroGradient;
    }
    fixedWalls
    {
        type            zeroGradient;
    }
    frontAndBack
    {
        type            empty;
    }
}


// ************************************************************************* //
