/*--------------------------------*- C++ -*----------------------------------*\
| =========                 |                                                 |
| \\      /  F ield         | OpenFOAM: The Open Source CFD Toolbox           |
|  \\    /   O peration     | Version:  5.x                                   |
|   \\  /    A nd           | Web:      www.OpenFOAM.org                      |
|    \\/     M anipulation  |                                                 |
\*---------------------------------------------------------------------------*/
FoamFile
{
    version     2.0;
    format      ascii;
    class       surfaceScalarField;
    location    "12.9";
    object      phi;
}
// * * * * * * * * * * * * * * * * * * * * * * * * * * * * * * * * * * * * * //

dimensions      [0 3 -1 0 0 0 0];

internalField   nonuniform List<scalar> 
760
(
-1.07296e-06
1.07296e-06
-1.76701e-06
6.9405e-07
-2.09273e-06
3.25726e-07
-2.29427e-06
2.01538e-07
-2.36006e-06
6.57863e-08
-2.40443e-06
4.43781e-08
-2.4108e-06
6.36871e-09
-2.41286e-06
2.05694e-09
-2.40598e-06
-6.8787e-09
-2.41527e-06
9.29208e-09
-2.42364e-06
8.37241e-09
-2.43758e-06
1.39315e-08
-2.44204e-06
4.45904e-09
-2.38922e-06
-5.28197e-08
-2.37098e-06
-1.8234e-08
-2.30381e-06
-6.71686e-08
-2.21267e-06
-9.11457e-08
-1.87959e-06
-3.33072e-07
-1.18941e-06
-6.90183e-07
-1.18941e-06
-6.00396e-07
1.67335e-06
-9.61616e-07
1.05527e-06
-1.05577e-06
4.19879e-07
-1.06862e-06
2.14388e-07
-1.04285e-06
4.00145e-08
-1.03163e-06
3.31569e-08
-1.01434e-06
-1.09189e-08
-1.0076e-06
-4.67714e-09
-9.93403e-07
-2.108e-08
-9.80092e-07
-4.01956e-09
-9.71067e-07
-6.52484e-10
-9.4386e-07
-1.32755e-08
-9.73828e-07
3.44268e-08
-1.01156e-06
-1.50912e-08
-1.06658e-06
3.67914e-08
-1.03501e-06
-9.87374e-08
-9.86253e-07
-1.39905e-07
-9.87333e-07
-3.31992e-07
-9.43728e-07
-7.33789e-07
-2.13314e-06
-2.63109e-07
1.93646e-06
-4.00467e-07
1.19263e-06
-3.77681e-07
3.97093e-07
-3.461e-07
1.82807e-07
-3.15851e-07
9.7649e-09
-3.04565e-07
2.18717e-08
-2.75976e-07
-3.95082e-08
-2.85133e-07
4.48022e-09
-2.54405e-07
-5.18086e-08
-2.64069e-07
5.6444e-09
-2.40616e-07
-2.41058e-08
-2.61033e-07
7.14184e-09
-2.68465e-07
4.18584e-08
-3.06569e-07
2.30132e-08
-3.20385e-07
5.06072e-08
-3.03397e-07
-1.15725e-07
-2.32668e-07
-2.10634e-07
-1.05973e-07
-4.58688e-07
-1.94021e-07
-6.4574e-07
-2.32716e-06
-1.59536e-07
2.096e-06
-1.89737e-07
1.22283e-06
-1.53348e-07
3.60703e-07
-1.48342e-07
1.77801e-07
-1.67798e-07
2.9221e-08
-1.93993e-07
4.80668e-08
-2.21492e-07
-1.20095e-08
-2.44456e-07
2.74447e-08
-2.59792e-07
-3.6473e-08
-2.56329e-07
2.18215e-09
-2.56718e-07
-2.37173e-08
-2.4391e-07
-5.66642e-09
-2.12216e-07
1.01648e-08
-1.64847e-07
-2.43554e-08
-1.31393e-07
1.71532e-08
-2.21139e-08
-2.25004e-07
-9.55643e-08
-1.37184e-07
-2.49297e-07
-3.04955e-07
-2.04083e-07
-6.90954e-07
-2.53124e-06
-4.86601e-08
2.14466e-06
-5.87142e-08
1.23288e-06
-2.53681e-08
3.27357e-07
-6.5973e-08
2.18406e-07
-1.51814e-07
1.15062e-07
-1.98117e-07
9.43696e-08
-2.35796e-07
2.56696e-08
-2.38627e-07
3.02753e-08
-2.27256e-07
-4.78441e-08
-2.15436e-07
-9.63701e-09
-1.69642e-07
-6.95119e-08
-1.32253e-07
-4.30552e-08
-7.58892e-08
-4.61991e-08
-1.52379e-08
-8.50066e-08
3.01581e-08
-2.82429e-08
6.58955e-08
-2.60742e-07
7.04928e-08
-1.41781e-07
8.68718e-08
-3.21334e-07
3.71751e-08
-6.41257e-07
-2.49407e-06
-3.10042e-08
2.17566e-06
-1.04549e-08
1.21233e-06
-3.07608e-08
3.47663e-07
-9.97753e-08
2.87421e-07
-1.86042e-07
2.01328e-07
-2.32302e-07
1.4063e-07
-2.69534e-07
6.29021e-08
-2.75686e-07
3.64274e-08
-2.66643e-07
-5.6887e-08
-2.57669e-07
-1.86111e-08
-2.16174e-07
-1.11007e-07
-1.84076e-07
-7.51533e-08
-1.52768e-07
-7.75076e-08
-1.06958e-07
-1.30817e-07
-1.08234e-07
-2.69661e-08
-1.43472e-07
-2.25504e-07
-7.24566e-08
-2.12796e-07
-3.87311e-08
-3.5506e-07
-7.88712e-08
-6.01117e-07
-2.57294e-06
-2.21952e-08
2.19786e-06
-4.38264e-08
1.23396e-06
-1.15912e-07
4.19749e-07
-1.35418e-07
3.06926e-07
-2.15034e-07
2.80945e-07
-2.79797e-07
2.05393e-07
-3.10968e-07
9.40731e-08
-3.0754e-07
3.29997e-08
-2.7708e-07
-8.73474e-08
-2.67411e-07
-2.82801e-08
-1.83557e-07
-1.94861e-07
-1.40207e-07
-1.18504e-07
-7.18149e-08
-1.45899e-07
-1.77105e-08
-1.84921e-07
4.38667e-08
-8.85432e-08
1.18773e-07
-3.00411e-07
6.88948e-08
-1.62918e-07
5.84198e-08
-3.44585e-07
3.75377e-08
-5.80235e-07
-2.5354e-06
-5.17385e-08
2.2496e-06
-2.29721e-08
1.2052e-06
-8.49062e-08
4.81683e-07
-2.1912e-07
4.41141e-07
-3.11226e-07
3.7305e-07
-3.608e-07
2.54966e-07
-4.02897e-07
1.3617e-07
-3.89648e-07
1.97513e-08
-3.54738e-07
-1.22257e-07
-3.52662e-07
-3.03565e-08
-2.51455e-07
-2.96067e-07
-2.1575e-07
-1.54209e-07
-1.86786e-07
-1.74864e-07
-1.94037e-07
-1.7767e-07
-1.07375e-07
-1.75205e-07
-9.22099e-08
-3.15576e-07
-1.11161e-07
-1.43967e-07
-4.94055e-08
-4.06341e-07
-4.99867e-08
-5.79654e-07
-2.58539e-06
-2.88589e-08
2.27845e-06
-6.28945e-08
1.23923e-06
-1.82161e-07
6.00949e-07
-2.37261e-07
4.96241e-07
-3.29068e-07
4.64857e-07
-4.41716e-07
3.67614e-07
-4.50959e-07
1.45413e-07
-4.06162e-07
-2.50457e-08
-3.81968e-07
-1.46451e-07
-3.65435e-07
-4.68902e-08
-1.91418e-07
-4.70083e-07
-1.71806e-07
-1.73821e-07
-1.38753e-07
-2.07916e-07
-1.5545e-07
-1.60974e-07
-3.23177e-08
-2.98337e-07
5.7099e-08
-4.04992e-07
4.08848e-08
-1.27753e-07
4.63496e-08
-4.11805e-07
-5.97334e-09
-5.27331e-07
-2.59136e-06
-3.80821e-09
2.28226e-06
9.28432e-09
1.22614e-06
-9.77005e-08
7.07934e-07
-2.95046e-07
6.93587e-07
-5.19864e-07
6.89675e-07
-6.65964e-07
5.13715e-07
-6.85995e-07
1.65444e-07
-5.88923e-07
-1.22118e-07
-4.95358e-07
-2.40016e-07
-3.5714e-07
-1.85108e-07
-2.06178e-07
-6.21046e-07
-1.89176e-07
-1.90823e-07
-1.9792e-07
-1.99172e-07
-2.44853e-07
-1.14042e-07
-2.59368e-07
-2.83822e-07
-3.05419e-07
-3.58942e-07
-2.07162e-07
-2.26009e-07
-5.56348e-08
-5.63332e-07
5.21676e-09
-5.88182e-07
-2.58615e-06
-2.23047e-08
2.30457e-06
-6.57139e-08
1.26955e-06
-2.10574e-07
8.52794e-07
-4.77868e-07
9.60881e-07
-7.73719e-07
9.85526e-07
-9.58294e-07
6.9829e-07
-1.01252e-06
2.19669e-07
-8.62348e-07
-2.7229e-07
-5.49983e-07
-5.52381e-07
-1.93417e-07
-5.41674e-07
-3.68488e-08
-7.77613e-07
-3.71941e-08
-1.90478e-07
-9.73052e-08
-1.39061e-07
-2.06295e-07
-5.05183e-09
-2.59314e-07
-2.30802e-07
-2.77436e-07
-3.4082e-07
-1.55802e-07
-3.47643e-07
-7.09852e-08
-6.48149e-07
-3.20085e-08
-6.27159e-07
-2.61815e-06
-1.23749e-08
2.31694e-06
-7.0446e-08
1.32762e-06
-2.73205e-07
1.05555e-06
-5.66078e-07
1.25375e-06
-7.81893e-07
1.20134e-06
-9.27929e-07
8.44326e-07
-9.71933e-07
2.63673e-07
-8.41559e-07
-4.02664e-07
-5.24391e-07
-8.69549e-07
-1.28272e-07
-9.37793e-07
-3.74086e-09
-9.02144e-07
5.24597e-08
-2.46678e-07
6.33142e-08
-1.49915e-07
1.3833e-08
4.44294e-08
-1.02967e-07
-1.14002e-07
-1.15945e-07
-3.27843e-07
-1.56455e-07
-3.07133e-07
-2.24611e-07
-5.79993e-07
2.84891e-08
-8.80259e-07
-2.58966e-06
2.61348e-08
2.29081e-06
3.37938e-08
1.31996e-06
-1.1782e-07
1.20717e-06
-2.69034e-07
1.40497e-06
-3.56225e-07
1.28853e-06
-3.4531e-07
8.33411e-07
-3.28478e-07
2.46841e-07
-2.43245e-07
-4.87897e-07
-6.78708e-08
-1.04492e-06
1.92062e-07
-1.19773e-06
2.10037e-07
-9.2012e-07
3.40124e-07
-3.76765e-07
4.79185e-07
-2.88976e-07
5.23576e-07
3.87138e-11
4.91847e-07
-8.22731e-08
4.77329e-07
-3.13325e-07
3.20931e-07
-1.50735e-07
1.26213e-07
-3.85276e-07
-2.27668e-08
-7.31279e-07
-2.61243e-06
1.10126e-07
2.18068e-06
9.79767e-08
1.33211e-06
1.17939e-07
1.1872e-06
1.62626e-07
1.36028e-06
1.76157e-07
1.275e-06
2.66809e-07
7.42759e-07
4.17878e-07
9.57716e-08
4.59569e-07
-5.29588e-07
4.19063e-07
-1.00442e-06
5.63519e-07
-1.34218e-06
4.52311e-07
-8.08911e-07
1.93462e-07
-1.17916e-07
4.64939e-08
-1.42009e-07
-1.9208e-08
6.57406e-08
9.01163e-08
-1.91597e-07
6.09012e-09
-2.29299e-07
1.11436e-07
-2.5608e-07
1.35459e-07
-4.09299e-07
9.41181e-08
-6.89938e-07
-2.51831e-06
1.41395e-07
2.03929e-06
3.04627e-07
1.16888e-06
3.41162e-07
1.15067e-06
5.89093e-07
1.11235e-06
8.03728e-07
1.06037e-06
1.00054e-06
5.45943e-07
9.71799e-07
1.24517e-07
1.01775e-06
-5.7554e-07
1.02501e-06
-1.01167e-06
7.44723e-07
-1.0619e-06
5.42526e-07
-6.06714e-07
3.98664e-07
2.59453e-08
2.93856e-07
-3.72005e-08
-4.39111e-08
4.03508e-07
-1.31366e-07
-1.04143e-07
-1.79784e-07
-1.80881e-07
9.93011e-08
-5.35165e-07
1.10194e-07
-4.20192e-07
-9.25863e-08
-4.87157e-07
-2.6109e-06
1.51474e-07
1.88781e-06
2.34823e-07
1.08553e-06
5.78114e-07
8.07378e-07
7.28777e-07
9.61687e-07
1.03001e-06
7.59135e-07
1.22967e-06
3.46282e-07
1.33107e-06
2.31153e-08
1.33556e-06
-5.80027e-07
1.16233e-06
-8.38452e-07
6.08163e-07
-5.07725e-07
3.16785e-07
-3.15337e-07
5.95735e-07
-2.53005e-07
8.95635e-07
-3.371e-07
1.23588e-06
6.32604e-08
1.143e-06
-1.12647e-08
6.03797e-07
3.58327e-07
1.67812e-07
-9.91807e-08
-8.18674e-08
-1.70512e-07
6.00381e-08
-6.29063e-07
-2.55086e-06
2.91308e-07
1.5965e-06
4.05893e-07
9.70945e-07
6.2951e-07
5.83761e-07
9.14359e-07
6.76838e-07
1.15967e-06
5.13821e-07
1.29529e-06
2.1067e-07
1.54063e-06
-2.22225e-07
1.53654e-06
-5.75939e-07
9.46875e-07
-2.48789e-07
3.5531e-07
8.38393e-08
-8.7837e-08
1.27811e-07
-2.45775e-07
-9.50672e-08
-4.59956e-07
-1.22919e-07
-2.40272e-07
-1.56424e-07
-2.97973e-08
-2.21739e-07
-2.30269e-07
5.58799e-07
5.53445e-08
-3.84795e-07
5.12527e-09
-1.20293e-07
-1.02559e-07
-5.21379e-07
-2.65342e-06
5.8872e-07
1.00778e-06
1.06295e-06
4.96718e-07
1.31817e-06
3.28535e-07
1.53345e-06
4.61565e-07
1.68575e-06
3.6152e-07
1.86262e-06
3.38006e-08
1.9525e-06
-3.12109e-07
1.74926e-06
-3.72698e-07
1.71998e-06
-2.19505e-07
1.81309e-06
-9.2731e-09
1.90813e-06
3.27723e-08
1.86207e-06
-4.90056e-08
1.51656e-06
2.22591e-07
9.82143e-07
3.77989e-07
7.94289e-07
-3.38855e-08
6.71493e-07
6.81595e-07
5.43409e-07
-2.5671e-07
4.14192e-07
8.92305e-09
2.90372e-07
-3.97558e-07
-2.36305e-06
2.67275e-07
7.4051e-07
5.27088e-07
2.36905e-07
6.84738e-07
1.70885e-07
7.67258e-07
3.79045e-07
7.67113e-07
3.61665e-07
5.81337e-07
2.19576e-07
4.93518e-08
2.19876e-07
-5.07821e-07
1.84475e-07
-8.08495e-07
8.11687e-08
-8.39657e-07
2.18893e-08
-7.52819e-07
-5.40657e-08
-7.38199e-07
-6.36263e-08
-5.14021e-07
-1.58656e-09
-2.36074e-07
1.00043e-07
-3.56092e-07
8.6132e-08
1.43001e-07
1.82502e-07
-1.74918e-07
6.12085e-08
6.08612e-08
-2.26856e-07
7.78674e-07
-1.11537e-06
-1.58438e-06
7.4051e-07
9.77415e-07
1.1483e-06
1.52734e-06
1.88901e-06
2.10859e-06
2.32846e-06
2.51294e-06
2.59411e-06
2.61599e-06
2.56193e-06
2.4983e-06
2.49672e-06
2.59676e-06
2.68289e-06
2.86539e-06
2.9266e-06
2.69975e-06
1.58438e-06
)
;

boundaryField
{
    movingWall
    {
        type            calculated;
        value           uniform 0;
    }
    fixedWalls
    {
        type            calculated;
        value           uniform 0;
    }
    frontAndBack
    {
        type            empty;
        value           nonuniform 0();
    }
}


// ************************************************************************* //
