/*--------------------------------*- C++ -*----------------------------------*\
| =========                 |                                                 |
| \\      /  F ield         | OpenFOAM: The Open Source CFD Toolbox           |
|  \\    /   O peration     | Version:  5.x                                   |
|   \\  /    A nd           | Web:      www.OpenFOAM.org                      |
|    \\/     M anipulation  |                                                 |
\*---------------------------------------------------------------------------*/
FoamFile
{
    version     2.0;
    format      ascii;
    class       volScalarField;
    location    "6.6";
    object      p;
}
// * * * * * * * * * * * * * * * * * * * * * * * * * * * * * * * * * * * * * //

dimensions      [0 2 -2 0 0 0 0];

internalField   nonuniform List<scalar> 
400
(
8.43553e-11
2.28895e-05
6.37923e-05
9.18121e-05
-5.77247e-06
-0.000265474
-0.000546665
-0.000776978
-0.000999893
-0.00106792
-0.00100224
-0.000957635
-0.000837876
-0.000603445
-0.000402231
-0.00031276
-0.000226028
-3.33558e-05
0.000263619
0.000925572
-5.58198e-05
-5.14732e-05
-5.03881e-05
-7.91631e-05
-0.000213459
-0.000413142
-0.000534972
-0.000724841
-0.00106138
-0.00123198
-0.0011242
-0.00103224
-0.000929659
-0.000683334
-0.000449998
-0.000359604
-0.000350043
-0.000263934
-0.000118276
0.000339944
-0.000121596
-0.000125838
-0.000140318
-0.000180371
-0.000270566
-0.000419564
-0.000615929
-0.000904109
-0.00112975
-0.0011685
-0.00109021
-0.000999102
-0.000860065
-0.000654654
-0.000496648
-0.000405884
-0.000392649
-0.000343895
-0.000302971
-6.29431e-05
-0.000186472
-0.000195044
-0.000215498
-0.000257626
-0.000328085
-0.00044261
-0.000589112
-0.000748341
-0.000874831
-0.000942875
-0.000945807
-0.000885693
-0.000785617
-0.00064206
-0.00053448
-0.000445633
-0.000440443
-0.00039694
-0.000420224
-0.000300618
-0.000242828
-0.000252998
-0.000273161
-0.000312148
-0.00037135
-0.000454393
-0.000554452
-0.00065788
-0.000750838
-0.000808431
-0.000814948
-0.000769798
-0.000701224
-0.000605765
-0.000545607
-0.000469855
-0.000479644
-0.000419059
-0.000462156
-0.000379211
-0.000288451
-0.000298065
-0.000317986
-0.000350935
-0.00039774
-0.000457852
-0.000527199
-0.000596817
-0.000657614
-0.000692609
-0.000696564
-0.000675731
-0.000639678
-0.000576738
-0.00054544
-0.000477126
-0.000492753
-0.000421402
-0.000464555
-0.000403598
-0.000324448
-0.00033324
-0.000351071
-0.00037848
-0.000415124
-0.000459607
-0.00050887
-0.000556877
-0.000598687
-0.000625151
-0.000634875
-0.000622625
-0.00060263
-0.000557136
-0.000545264
-0.000485709
-0.000510586
-0.000438564
-0.000496104
-0.000437595
-0.000352004
-0.000360045
-0.000375559
-0.000398091
-0.000426882
-0.000460299
-0.000496293
-0.000530282
-0.00055972
-0.000578048
-0.000586534
-0.000574158
-0.000567605
-0.000533013
-0.000535934
-0.000481027
-0.000515231
-0.000443581
-0.000525398
-0.000439481
-0.000372162
-0.000379838
-0.000393776
-0.00041288
-0.000436036
-0.000461855
-0.000488779
-0.000513883
-0.000535756
-0.000550232
-0.000559168
-0.0005557
-0.000554436
-0.000528073
-0.000536857
-0.000490419
-0.000524901
-0.000456992
-0.000521641
-0.000452573
-0.000386062
-0.000394764
-0.000407798
-0.000424152
-0.000442817
-0.000462478
-0.000482828
-0.000501098
-0.000517485
-0.000526879
-0.000535158
-0.000526968
-0.000533656
-0.000505769
-0.000525172
-0.000477135
-0.000517968
-0.000455381
-0.000508398
-0.000457998
-0.000393811
-0.000404218
-0.000418162
-0.000433626
-0.000449759
-0.000466271
-0.0004823
-0.000496742
-0.000509404
-0.000517739
-0.000525636
-0.000524441
-0.000530469
-0.000517075
-0.000529209
-0.000499216
-0.000527772
-0.00048225
-0.000541125
-0.00048718
-0.000396613
-0.00041511
-0.000428642
-0.000443309
-0.000455434
-0.00046644
-0.000478583
-0.000487735
-0.000497702
-0.000501588
-0.000508996
-0.000502303
-0.000511759
-0.000490634
-0.000512492
-0.00047809
-0.000522913
-0.000482237
-0.000542423
-0.000513911
-0.000392726
-0.000419347
-0.000436652
-0.000450142
-0.000463382
-0.00047569
-0.000484782
-0.000492892
-0.000499371
-0.000504558
-0.000510105
-0.000510381
-0.000517465
-0.000510978
-0.000526131
-0.000507002
-0.000528135
-0.000487251
-0.000541541
-0.000471005
-0.000408343
-0.000463173
-0.000451015
-0.00046833
-0.000471471
-0.000475479
-0.000479988
-0.000481673
-0.00048781
-0.000488465
-0.000494489
-0.000489891
-0.000495919
-0.000483113
-0.000488079
-0.000471975
-0.000506575
-0.000464362
-0.000500581
-0.000468356
-0.000463674
-0.000540591
-0.000471829
-0.000479848
-0.000489841
-0.000492753
-0.000488964
-0.000494524
-0.000493204
-0.000500954
-0.000500481
-0.000508503
-0.000504707
-0.000511386
-0.000527135
-0.000517938
-0.00054947
-0.000488737
-0.000566867
-0.000481278
-0.00060054
-0.000586994
-0.000499927
-0.000519222
-0.000498557
-0.000483247
-0.000481076
-0.000479117
-0.000484078
-0.000481333
-0.000488603
-0.000485526
-0.000494803
-0.000494788
-0.000476941
-0.000457362
-0.0004557
-0.000464141
-0.000465148
-0.000427434
-0.000376612
-0.000502116
-0.00051728
-0.000462303
-0.000485277
-0.00047141
-0.000473533
-0.000485594
-0.000483726
-0.00049825
-0.000497733
-0.000507628
-0.000497845
-0.000533065
-0.000498971
-0.000524459
-0.00060052
-0.000481533
-0.00058618
-0.000400522
-0.000401063
-0.000601747
-0.00050978
-0.000462309
-0.00048408
-0.000459208
-0.000473101
-0.000467172
-0.000483703
-0.000481758
-0.000487744
-0.000490213
-0.000492823
-0.000494713
-0.000491586
-0.000576376
-0.000493895
-0.000382002
-0.000351733
-0.000198077
-0.000357025
-0.000496942
-0.000521341
-0.000503161
-0.000470707
-0.000459702
-0.000462796
-0.000464556
-0.000481102
-0.000477299
-0.000501458
-0.000477978
-0.000541158
-0.000474288
-0.000512149
-0.000568302
-0.000453263
-0.000565282
-0.000438115
5.15185e-05
-0.000519414
-0.000477627
-0.000427299
-0.000492296
-0.000452914
-0.000452073
-0.000456102
-0.000460816
-0.000459969
-0.000464301
-0.000466665
-0.000460569
-0.000454571
-0.00045138
-0.000484925
-0.000495882
-0.000455344
-0.000228515
0.000166072
0.00143881
)
;

boundaryField
{
    movingWall
    {
        type            zeroGradient;
    }
    fixedWalls
    {
        type            zeroGradient;
    }
    frontAndBack
    {
        type            empty;
    }
}


// ************************************************************************* //
