/*--------------------------------*- C++ -*----------------------------------*\
| =========                 |                                                 |
| \\      /  F ield         | OpenFOAM: The Open Source CFD Toolbox           |
|  \\    /   O peration     | Version:  5.x                                   |
|   \\  /    A nd           | Web:      www.OpenFOAM.org                      |
|    \\/     M anipulation  |                                                 |
\*---------------------------------------------------------------------------*/
FoamFile
{
    version     2.0;
    format      ascii;
    class       volScalarField;
    location    "17.7";
    object      p;
}
// * * * * * * * * * * * * * * * * * * * * * * * * * * * * * * * * * * * * * //

dimensions      [0 2 -2 0 0 0 0];

internalField   nonuniform List<scalar> 
400
(
-3.97342e-11
-0.000763146
-0.001344
-0.00172004
-0.00190118
-0.00200615
-0.00204638
-0.00206442
-0.00207307
-0.00207806
-0.00207453
-0.00205171
-0.00201142
-0.00197684
-0.00191969
-0.00181967
-0.00159777
-0.00125298
-0.000931064
0.000496124
-0.000825365
-0.00136467
-0.00172559
-0.00191471
-0.0020091
-0.00205203
-0.00206928
-0.00207395
-0.00207568
-0.00208449
-0.00208936
-0.00207901
-0.00203681
-0.0020039
-0.00198555
-0.00193637
-0.00188926
-0.00171204
-0.00161202
-0.000565439
-0.00138706
-0.00174282
-0.00191026
-0.00200341
-0.00202788
-0.00205032
-0.00205122
-0.00205857
-0.00206442
-0.00207169
-0.00207415
-0.0020606
-0.00203537
-0.00199582
-0.00197937
-0.00190214
-0.00191013
-0.00183984
-0.00170764
-0.0012875
-0.00171665
-0.00195836
-0.00200479
-0.00204765
-0.00204991
-0.00205915
-0.00206299
-0.00206751
-0.00207298
-0.0020786
-0.00208386
-0.00207144
-0.00204762
-0.00201745
-0.00203106
-0.00202488
-0.00202985
-0.00192247
-0.00192114
-0.00173061
-0.00191638
-0.00204437
-0.00205274
-0.00206116
-0.00205499
-0.00205723
-0.00205409
-0.00205738
-0.00206161
-0.00206151
-0.00206207
-0.00205209
-0.00204115
-0.00204596
-0.00207342
-0.00207598
-0.00206727
-0.00201263
-0.00196838
-0.00192468
-0.00199623
-0.00208829
-0.00205732
-0.00206739
-0.00205528
-0.00205567
-0.00205686
-0.00205981
-0.00206456
-0.00206635
-0.00207434
-0.00207524
-0.00206288
-0.00202941
-0.00207845
-0.00205523
-0.00210463
-0.00204798
-0.00206213
-0.00201578
-0.00204233
-0.0021044
-0.00209002
-0.00207621
-0.0020654
-0.00205842
-0.00205927
-0.00205707
-0.00206707
-0.00205969
-0.00206159
-0.00205838
-0.00206599
-0.00205314
-0.00206506
-0.00207298
-0.00211633
-0.0020718
-0.00205639
-0.00206886
-0.00205796
-0.00210441
-0.00205977
-0.00205933
-0.00204859
-0.00204303
-0.00204327
-0.00205201
-0.00204664
-0.00204918
-0.00209194
-0.00207371
-0.00208789
-0.0020913
-0.00209188
-0.00206248
-0.00210891
-0.0020824
-0.00211316
-0.00207524
-0.00205359
-0.00207382
-0.00207284
-0.00205515
-0.00205633
-0.00203984
-0.00205689
-0.00204995
-0.00209282
-0.00209009
-0.00210921
-0.00205066
-0.00216468
-0.00207696
-0.00207943
-0.00207597
-0.00212465
-0.00207738
-0.00206255
-0.00200317
-0.00203356
-0.00205088
-0.00204569
-0.00203246
-0.00202933
-0.00202533
-0.00203026
-0.00203146
-0.00205332
-0.0020836
-0.002069
-0.0020712
-0.00211395
-0.0022046
-0.00210369
-0.00207292
-0.00203095
-0.00203029
-0.00205532
-0.00196576
-0.00200779
-0.0020135
-0.00201551
-0.00201488
-0.00201365
-0.00201181
-0.00203616
-0.002038
-0.00203893
-0.00209315
-0.00214382
-0.00217604
-0.00219287
-0.00225443
-0.00213852
-0.00208902
-0.00211296
-0.00199548
-0.00205547
-0.00200194
-0.00196734
-0.00196738
-0.00196787
-0.00197769
-0.0019988
-0.00200509
-0.00203346
-0.0020692
-0.00204482
-0.00213089
-0.00216677
-0.00221469
-0.00215887
-0.00213082
-0.00210115
-0.00201686
-0.00212457
-0.00200268
-0.00208287
-0.00201488
-0.00193019
-0.0019477
-0.00196206
-0.00196838
-0.00198775
-0.00198137
-0.00202158
-0.00203994
-0.00202185
-0.00209503
-0.00212617
-0.00218743
-0.00212614
-0.00212696
-0.00219001
-0.00202509
-0.0021364
-0.00199552
-0.00208697
-0.00187532
-0.0018882
-0.00189858
-0.00192802
-0.00191338
-0.00195262
-0.00201227
-0.0019252
-0.00197768
-0.00195712
-0.00205567
-0.00217373
-0.00222037
-0.00219938
-0.00210497
-0.00216303
-0.00196185
-0.00201228
-0.00185713
-0.0018932
-0.00178315
-0.00182115
-0.00183657
-0.00189091
-0.0019006
-0.00193553
-0.00192702
-0.00192932
-0.0019885
-0.0019485
-0.00202948
-0.00214888
-0.00220802
-0.00219126
-0.00214099
-0.00216628
-0.00203437
-0.00200225
-0.00179359
-0.00201034
-0.00186162
-0.00174249
-0.00177371
-0.00184256
-0.00182993
-0.00189093
-0.00191494
-0.00188529
-0.0019942
-0.00196794
-0.00201853
-0.00207744
-0.00207277
-0.00206436
-0.00192805
-0.00194453
-0.00188166
-0.00206419
-0.0018553
-0.00188481
-0.00182
-0.00161099
-0.001694
-0.00177666
-0.0018325
-0.00183379
-0.00189034
-0.00185859
-0.00197701
-0.00205198
-0.00208744
-0.00210939
-0.00209981
-0.0020256
-0.00201767
-0.00202217
-0.00208106
-0.00205569
-0.00197754
-0.00201022
-0.00171642
-0.00143506
-0.0016188
-0.00170312
-0.00177168
-0.00180356
-0.00187243
-0.00184692
-0.00199117
-0.00205778
-0.00216404
-0.00212593
-0.00202761
-0.00206758
-0.0020333
-0.00194284
-0.00190994
-0.00191406
-0.00174812
-0.00156415
-0.00143625
-0.00115995
-0.0014061
-0.00158775
-0.0017008
-0.00173402
-0.00173784
-0.00171774
-0.00197685
-0.00221452
-0.00235981
-0.00221129
-0.00206159
-0.00215636
-0.00194843
-0.00189243
-0.0018376
-0.00189296
-0.00203523
-0.00194993
-0.000922234
-0.000856696
-0.00118204
-0.00144753
-0.00164228
-0.00175838
-0.0018401
-0.00188428
-0.00197696
-0.00208414
-0.00215308
-0.00212374
-0.00205359
-0.00193096
-0.00185459
-0.00184292
-0.00173648
-0.00173102
-0.00140532
-0.000795746
0.00119079
)
;

boundaryField
{
    movingWall
    {
        type            zeroGradient;
    }
    fixedWalls
    {
        type            zeroGradient;
    }
    frontAndBack
    {
        type            empty;
    }
}


// ************************************************************************* //
