/*--------------------------------*- C++ -*----------------------------------*\
| =========                 |                                                 |
| \\      /  F ield         | OpenFOAM: The Open Source CFD Toolbox           |
|  \\    /   O peration     | Version:  5.x                                   |
|   \\  /    A nd           | Web:      www.OpenFOAM.org                      |
|    \\/     M anipulation  |                                                 |
\*---------------------------------------------------------------------------*/
FoamFile
{
    version     2.0;
    format      ascii;
    class       volVectorField;
    location    "17.7";
    object      U;
}
// * * * * * * * * * * * * * * * * * * * * * * * * * * * * * * * * * * * * * //

dimensions      [0 1 -1 0 0 0 0];

internalField   nonuniform List<vector> 
400
(
(-0.0170516 0.0104776 0)
(-0.0410692 0.00873342 0)
(-0.0505723 0.00276209 0)
(-0.0570821 0.00223551 0)
(-0.0595056 -0.000354104 0)
(-0.0619343 -1.37639e-06 0)
(-0.0621545 -0.00131955 0)
(-0.0632006 -0.000861663 0)
(-0.0626139 -0.00168823 0)
(-0.0636757 -0.00101169 0)
(-0.0623984 -0.00181246 0)
(-0.0635191 -0.00115234 0)
(-0.0607077 -0.00203385 0)
(-0.0627191 -0.00130752 0)
(-0.059116 -0.0023386 0)
(-0.0608102 -0.00220775 0)
(-0.0551273 -0.00400444 0)
(-0.0525635 -0.00734788 0)
(-0.0480918 -0.0116647 0)
(-0.00401408 -0.0212181 0)
(-0.0122817 0.037291 0)
(-0.0226829 0.025588 0)
(-0.0243134 0.0121222 0)
(-0.0285545 0.0072375 0)
(-0.025518 0.0029228 0)
(-0.0300825 0.0028117 0)
(-0.0252798 0.000968312 0)
(-0.0313696 0.00198169 0)
(-0.0247833 0.000707622 0)
(-0.0335797 0.0017329 0)
(-0.0251947 0.000340834 0)
(-0.0356627 0.000692005 0)
(-0.0230631 -0.000882698 0)
(-0.0340789 -0.000554623 0)
(-0.0232673 -0.000566472 0)
(-0.031799 -0.00129535 0)
(-0.0262529 -0.00174079 0)
(-0.025374 -0.0124605 0)
(-0.0372237 -0.0253675 0)
(-0.000750927 -0.0461828 0)
(-0.00695598 0.0488528 0)
(-0.0104182 0.0291775 0)
(-0.0118626 0.0132699 0)
(-0.0108972 0.00490657 0)
(-0.0096118 0.0016646 0)
(-0.0122061 0.000444555 0)
(-0.00848248 -0.000695393 0)
(-0.0147205 -0.000225014 0)
(-0.00988318 -0.000338446 0)
(-0.0169153 3.17221e-05 0)
(-0.0116481 -0.000153147 0)
(-0.016701 -0.00179495 0)
(-0.0115524 -0.00272565 0)
(-0.0158912 -0.00254999 0)
(-0.0152189 -0.00129423 0)
(-0.0122184 -0.00120207 0)
(-0.0158591 -0.00362938 0)
(0.00150268 -0.000279331 0)
(-0.0134108 -0.015724 0)
(0.000162646 -0.0572279 0)
(-0.00557052 0.0533113 0)
(-0.00497728 0.0339832 0)
(-0.00503915 0.0107078 0)
(-0.00456401 0.00583655 0)
(-0.00227337 0.00225332 0)
(-0.00505032 0.00220763 0)
(-0.00257261 0.0024146 0)
(-0.00703476 0.00308375 0)
(-0.00396808 0.00277133 0)
(-0.0082506 0.00255981 0)
(-0.00446924 0.000607294 0)
(-0.00772477 -0.000572752 0)
(-0.00641988 -0.00099318 0)
(-0.00730047 0.000719652 0)
(-0.0113538 -0.00236773 0)
(-0.0126297 -0.00512403 0)
(-0.015887 -0.0158774 0)
(-0.0090995 -0.0172826 0)
(-0.011713 -0.0269168 0)
(0.00350869 -0.0626883 0)
(-0.00193972 0.0568984 0)
(-0.0016377 0.0315229 0)
(-0.00222172 0.0110974 0)
(-0.000747722 0.00292189 0)
(0.000267364 0.00189223 0)
(-0.00132149 0.0013236 0)
(-0.00094578 0.00168619 0)
(-0.0027472 0.00162172 0)
(-0.0019213 0.00150718 0)
(-0.00346014 0.000708112 0)
(-0.00296912 4.12486e-06 0)
(-0.00363233 0.000278727 0)
(-0.00336323 -0.00191606 0)
(-0.00225699 0.000992894 0)
(-0.00823652 0.00552862 0)
(-0.00144124 0.00223732 0)
(-0.00867597 -0.00203665 0)
(0.000739973 -0.00933969 0)
(-0.00369078 -0.0206203 0)
(0.00110285 -0.0650718 0)
(-0.00326836 0.0574626 0)
(-0.000313644 0.0346348 0)
(-0.00183166 0.00966005 0)
(4.91866e-05 0.00348956 0)
(-0.000708714 0.00266909 0)
(-0.00148962 0.00360608 0)
(-0.000884718 0.00319384 0)
(-0.00204438 0.00355698 0)
(-0.00225966 0.00324355 0)
(-0.00196696 0.00275915 0)
(-0.00229071 0.000865994 0)
(-0.00563949 -0.00039958 0)
(-0.00560986 -0.00298681 0)
(0.00167385 0.00569328 0)
(-0.00495423 -0.00203702 0)
(0.00455231 -0.00504167 0)
(-0.00542206 -0.0182228 0)
(-0.00391774 -0.021368 0)
(-0.00402673 -0.0311926 0)
(0.00291125 -0.0667628 0)
(0.000215093 0.0577695 0)
(0.000103979 0.0306909 0)
(0.0013099 0.00831971 0)
(-0.000206466 0.00164578 0)
(0.000460679 0.00274427 0)
(0.000429448 0.00121123 0)
(-0.000316361 0.00230624 0)
(-0.00053251 0.00318903 0)
(-0.00212716 0.00168439 0)
(-0.00182969 0.000828521 0)
(-0.0021793 0.00425293 0)
(-0.000323414 0.00416756 0)
(-0.000797732 -0.00793179 0)
(0.00468603 -0.0013681 0)
(-0.00733447 0.0033414 0)
(0.00667153 0.00151311 0)
(-0.00436064 0.00810596 0)
(0.00226982 -0.012498 0)
(-0.000736431 -0.0225082 0)
(0.00162435 -0.0667587 0)
(-0.00167146 0.0580116 0)
(0.00170206 0.0335306 0)
(0.000166532 0.0117504 0)
(0.0025665 0.0048876 0)
(0.000423908 0.00276566 0)
(0.00147429 0.00486303 0)
(-0.00100352 0.00485811 0)
(-0.00219863 0.00514339 0)
(-0.00178534 0.00572522 0)
(-0.00203293 0.00257294 0)
(-0.00926065 -0.00111861 0)
(-0.00456853 -0.00260459 0)
(2.85423e-05 -0.00755768 0)
(-0.000145121 0.0117314 0)
(-0.00667426 -0.00407365 0)
(-0.00120362 -0.00781269 0)
(-0.0033704 -0.0129331 0)
(0.00263956 -0.0258025 0)
(-0.00328003 -0.0349097 0)
(0.00213422 -0.0689144 0)
(0.00204035 0.056511 0)
(0.000271431 0.0301408 0)
(0.00232088 0.00498111 0)
(0.000212363 0.00110359 0)
(0.000282566 0.00297412 0)
(0.00142631 0.00199625 0)
(0.00255084 0.00479195 0)
(0.00386225 0.00386501 0)
(0.00536404 0.000280289 0)
(0.00885456 0.00638071 0)
(-0.00196277 0.00822728 0)
(0.00108577 -0.00536536 0)
(-0.00332423 -0.0139787 0)
(0.00178586 0.0066033 0)
(-0.00927609 0.00572858 0)
(0.0111865 -0.00386859 0)
(-0.00300919 0.00394064 0)
(0.0111833 -0.0137663 0)
(-0.00174033 -0.0178198 0)
(0.00254806 -0.0649741 0)
(-0.000898234 0.0557159 0)
(0.00311442 0.0315709 0)
(0.00161485 0.0135965 0)
(0.00313339 0.00724124 0)
(0.00308259 0.00264463 0)
(0.00261347 0.00252621 0)
(0.00294344 0.00439897 0)
(0.00487874 0.00186819 0)
(-0.00288713 0.00323326 0)
(-0.00417767 0.00993789 0)
(-0.00736593 0.00925047 0)
(-0.00238009 -0.00238162 0)
(-0.00827561 -0.00416174 0)
(-0.00587193 0.0138465 0)
(-0.0134938 -0.0129252 0)
(0.00616539 -0.0139848 0)
(-0.00234276 -0.00966365 0)
(0.00864415 -0.0269547 0)
(-0.00250828 -0.0281265 0)
(0.00319808 -0.0678049 0)
(0.00239779 0.0537744 0)
(0.00148595 0.0297834 0)
(0.0029905 0.00396213 0)
(0.00420915 -0.00132139 0)
(0.00535687 0.00332118 0)
(0.0035323 0.00169055 0)
(0.00663004 0.00208144 0)
(0.00524695 0.00866071 0)
(-0.00246643 0.00832644 0)
(-0.00577822 0.011442 0)
(-0.00722448 0.00402779 0)
(-0.00473541 -0.00646382 0)
(-0.00975162 -0.0144819 0)
(-0.000859612 0.0159705 0)
(-0.000300983 -0.0092792 0)
(0.00154815 -0.0162118 0)
(-0.00134515 -0.00111241 0)
(-0.00181706 -0.0134032 0)
(-0.00348792 -0.00971541 0)
(0.00487774 -0.0657968 0)
(-0.000429831 0.0525117 0)
(0.00332357 0.0298239 0)
(0.00120357 0.0121679 0)
(0.00386683 0.00516048 0)
(-0.00225555 0.00387823 0)
(-0.000630287 0.000123496 0)
(-0.000606665 0.00396273 0)
(0.00407402 0.0102295 0)
(0.00323323 0.0130273 0)
(0.00115772 0.0134725 0)
(0.000851678 0.00979061 0)
(-0.000871473 0.00110754 0)
(-0.00531906 -0.00655385 0)
(-0.00783119 0.00778424 0)
(0.00785024 -0.013516 0)
(-0.0082501 -0.0102369 0)
(-0.00388191 -0.00378065 0)
(0.00323927 -0.0288667 0)
(-0.00657952 -0.0343897 0)
(0.00419451 -0.0706631 0)
(0.00174765 0.0496725 0)
(0.00157698 0.0274933 0)
(0.00349981 0.00207467 0)
(-0.00265168 0.00108469 0)
(-0.00262522 0.00795759 0)
(-0.00180072 -0.000113604 0)
(-0.00576815 -0.00309191 0)
(-0.00393967 0.00738054 0)
(0.00153661 0.0104859 0)
(0.00211789 0.016948 0)
(0.00417917 0.00681168 0)
(-0.00189242 0.000646667 0)
(0.00353422 -0.00853002 0)
(-0.0112048 0.000337587 0)
(0.0141245 -0.011725 0)
(-0.00145007 -0.00900344 0)
(0.00297813 -0.0120578 0)
(0.0102272 -0.0122155 0)
(-0.00401589 -0.0117087 0)
(0.00590837 -0.0627343 0)
(0.000272236 0.0495291 0)
(0.00464433 0.029716 0)
(0.00273254 0.0178361 0)
(0.00488389 0.0121298 0)
(-0.000386707 0.00453112 0)
(0.00165035 0.00185955 0)
(-0.000437407 0.0070796 0)
(-3.51576e-05 0.0037848 0)
(7.67386e-05 0.00708399 0)
(0.00354349 0.0104757 0)
(0.00781632 0.0105739 0)
(0.00262046 0.00187458 0)
(0.00659639 0.000554024 0)
(0.000303219 -0.00237732 0)
(0.0114158 -0.0176644 0)
(0.00403652 0.000648769 0)
(0.0112162 -0.0102515 0)
(0.0119102 -0.0214342 0)
(-0.00207125 -0.0229076 0)
(0.00813373 -0.0684118 0)
(0.000775121 0.0447942 0)
(0.00273579 0.0236891 0)
(0.00347861 0.00205381 0)
(0.00202807 0.0016914 0)
(0.0121712 0.0103082 0)
(0.00388589 0.00165598 0)
(0.0152158 -0.00312347 0)
(0.00535451 0.00592424 0)
(0.0131092 0.00491248 0)
(0.0173692 0.00916579 0)
(0.0148518 0.0103239 0)
(0.0226434 0.00197283 0)
(0.0157635 -0.00505854 0)
(0.0232255 -0.00848428 0)
(0.0211642 -0.0155062 0)
(0.0207738 -0.0151411 0)
(0.0126691 -0.018495 0)
(0.00185525 -0.00337724 0)
(-0.0111813 -0.0116546 0)
(0.008522 -0.065388 0)
(0.000386616 0.0452764 0)
(0.00662418 0.025497 0)
(0.00469974 0.0202132 0)
(0.00737137 0.00368003 0)
(-0.00255958 0.00456185 0)
(0.0172558 -0.00190078 0)
(0.00229227 0.00450545 0)
(0.0111182 0.0088134 0)
(0.0164094 -0.00697141 0)
(0.0197434 0.00986834 0)
(0.0262843 0.00618131 0)
(0.0227042 0.00381501 0)
(0.0276855 0.00133715 0)
(0.0196951 -0.0080357 0)
(0.0100027 -0.00601474 0)
(0.0132739 0.00766631 0)
(-0.0196321 0.0132355 0)
(0.0110546 -0.00270171 0)
(-0.00658904 -0.0211382 0)
(0.00981056 -0.06816 0)
(-0.000134747 0.0386016 0)
(0.00586437 0.0199965 0)
(0.00119816 0.0023406 0)
(0.0104612 0.00608669 0)
(0.000682581 0.00141466 0)
(0.0105716 -0.00174858 0)
(0.00379873 7.77444e-05 0)
(0.0174667 -0.00442298 0)
(0.0247351 -0.00814013 0)
(0.0164527 -0.000740664 0)
(0.0320663 0.00696358 0)
(0.0118953 -0.00367758 0)
(0.0306485 0.00171092 0)
(0.0021929 0.00139703 0)
(0.00871848 -0.00955897 0)
(-0.0079942 0.00722597 0)
(0.00710973 -0.0127397 0)
(0.0197298 -0.0207812 0)
(-0.00554358 -0.0155864 0)
(0.0103915 -0.0647244 0)
(0.00237941 0.0379371 0)
(0.0111146 0.0219826 0)
(0.0133187 0.0156998 0)
(0.00850903 0.00667331 0)
(0.0177573 0.00209682 0)
(0.00933892 -0.00363174 0)
(0.0248999 -0.00563241 0)
(0.011042 -0.0116554 0)
(0.0290758 -0.00372036 0)
(0.0012154 0.00352117 0)
(0.0346394 0.0115792 0)
(0.0102577 0.00876897 0)
(0.0318235 0.00758889 0)
(0.0177996 0.0163126 0)
(0.0327463 0.00588663 0)
(0.0127903 0.0143039 0)
(0.0271862 -0.01121 0)
(0.00627921 0.0109838 0)
(-0.00152182 -0.00135495 0)
(0.0150985 -0.0637552 0)
(0.00316113 0.0266645 0)
(0.0146901 0.0147175 0)
(0.0146539 0.00450765 0)
(0.0209222 0.00207121 0)
(0.0144719 -0.000984505 0)
(0.0129764 -0.00373423 0)
(0.00281087 -0.00380113 0)
(-0.00745417 -0.00361666 0)
(-0.0187778 -0.0038839 0)
(-0.0193876 -0.00402905 0)
(-0.0167558 -0.0034126 0)
(-0.0125057 -0.0059224 0)
(-0.0175311 -0.00464507 0)
(-0.0045238 0.0040004 0)
(-0.00677604 -0.00704215 0)
(-0.00108485 0.00717242 0)
(0.00750665 -0.00563153 0)
(-0.0134979 0.00108208 0)
(0.0230905 -0.0338142 0)
(0.014423 -0.058663 0)
(0.0082926 0.019475 0)
(0.0323347 0.0118714 0)
(0.0352195 0.0113217 0)
(0.0473196 0.00761775 0)
(0.0463578 0.00837631 0)
(0.0543804 0.00723359 0)
(0.0523688 0.00977115 0)
(0.0586316 0.00932577 0)
(0.0574864 0.00910446 0)
(0.0629637 0.00666505 0)
(0.0617276 0.00593558 0)
(0.063652 0.00546169 0)
(0.0644873 0.00604205 0)
(0.0631943 0.0018303 0)
(0.0654209 0.00431212 0)
(0.0661661 0.00104031 0)
(0.0649128 0.00270414 0)
(0.0667342 -0.00138538 0)
(0.056056 -0.0075813 0)
(0.0373743 -0.010741 0)
)
;

boundaryField
{
    movingWall
    {
        type            fixedValue;
        value           uniform (1 0 0);
    }
    fixedWalls
    {
        type            noSlip;
    }
    frontAndBack
    {
        type            empty;
    }
}


// ************************************************************************* //
