/*--------------------------------*- C++ -*----------------------------------*\
| =========                 |                                                 |
| \\      /  F ield         | OpenFOAM: The Open Source CFD Toolbox           |
|  \\    /   O peration     | Version:  5.x                                   |
|   \\  /    A nd           | Web:      www.OpenFOAM.org                      |
|    \\/     M anipulation  |                                                 |
\*---------------------------------------------------------------------------*/
FoamFile
{
    version     2.0;
    format      ascii;
    class       surfaceScalarField;
    location    "1.4";
    object      phi;
}
// * * * * * * * * * * * * * * * * * * * * * * * * * * * * * * * * * * * * * //

dimensions      [0 3 -1 0 0 0 0];

internalField   nonuniform List<scalar> 
760
(
-4.97814e-09
4.97814e-09
-9.96282e-09
4.98467e-09
-1.47349e-08
4.77213e-09
-1.91914e-08
4.45642e-09
-2.32346e-08
4.04325e-09
-2.67739e-08
3.5393e-09
-2.97262e-08
2.95229e-09
-3.2017e-08
2.29084e-09
-3.35816e-08
1.56459e-09
-3.43662e-08
7.84517e-10
-3.43295e-08
-3.66867e-11
-3.34397e-08
-8.89767e-10
-3.16907e-08
-1.74897e-09
-2.90948e-08
-2.59594e-09
-2.5689e-08
-3.40581e-09
-2.15389e-08
-4.15013e-09
-1.67409e-08
-4.79798e-09
-1.14227e-08
-5.31814e-09
-5.74176e-09
-5.68098e-09
-5.74176e-09
-5.19848e-09
1.01766e-08
-1.04027e-08
1.01889e-08
-1.53851e-08
9.75456e-09
-2.00384e-08
9.10967e-09
-2.42613e-08
8.26617e-09
-2.79599e-08
7.23793e-09
-3.10484e-08
6.04081e-09
-3.34499e-08
4.69233e-09
-3.50972e-08
3.21181e-09
-3.59339e-08
1.62127e-09
-3.59194e-08
-5.12509e-11
-3.5012e-08
-1.79713e-09
-3.32067e-08
-3.55429e-09
-3.05128e-08
-5.28978e-09
-2.69652e-08
-6.95345e-09
-2.26288e-08
-8.48653e-09
-1.76021e-08
-9.82464e-09
-1.20184e-08
-1.09019e-08
-6.04429e-09
-1.1655e-08
-1.1786e-08
-5.41522e-09
1.55918e-08
-1.08375e-08
1.56111e-08
-1.60299e-08
1.49471e-08
-2.08821e-08
1.39618e-08
-2.52902e-08
1.26743e-08
-2.91582e-08
1.11059e-08
-3.23985e-08
9.28105e-09
-3.49321e-08
7.22601e-09
-3.66897e-08
4.96938e-09
-3.76116e-08
2.54315e-09
-3.76534e-08
-9.39831e-12
-3.67656e-08
-2.68493e-09
-3.49367e-08
-5.38321e-09
-3.21684e-08
-8.05808e-09
-2.84881e-08
-1.06338e-08
-2.39556e-08
-1.3019e-08
-1.86685e-08
-1.51118e-08
-1.27654e-08
-1.6805e-08
-6.42628e-09
-1.79941e-08
-1.82123e-08
-5.74462e-09
2.13365e-08
-1.14979e-08
2.13644e-08
-1.7009e-08
2.04582e-08
-2.21627e-08
1.91155e-08
-2.68513e-08
1.73628e-08
-3.09758e-08
1.52305e-08
-3.44465e-08
1.27517e-08
-3.71821e-08
9.96164e-09
-3.911e-08
6.89727e-09
-4.01659e-08
3.59904e-09
-4.03007e-08
1.25353e-10
-3.94518e-08
-3.53377e-09
-3.75973e-08
-7.23774e-09
-3.47262e-08
-1.09292e-08
-3.08527e-08
-1.45073e-08
-2.60263e-08
-1.78454e-08
-2.03408e-08
-2.07972e-08
-1.39418e-08
-2.32041e-08
-7.02974e-09
-2.49062e-08
-2.52421e-08
-6.19397e-09
2.75304e-08
-1.23983e-08
2.75687e-08
-1.83427e-08
2.64026e-08
-2.39052e-08
2.4678e-08
-2.89732e-08
2.24309e-08
-3.34447e-08
1.9702e-08
-3.72275e-08
1.65345e-08
-4.02382e-08
1.29724e-08
-4.24015e-08
9.06047e-09
-4.36482e-08
4.84576e-09
-4.39171e-08
3.94229e-10
-4.31391e-08
-4.31168e-09
-4.127e-08
-9.10693e-09
-3.82795e-08
-1.39196e-08
-3.4161e-08
-1.86258e-08
-2.89451e-08
-2.30614e-08
-2.27154e-08
-2.70268e-08
-1.5623e-08
-3.02965e-08
-7.8963e-09
-3.26329e-08
-3.31384e-08
-6.77198e-09
3.43024e-08
-1.35556e-08
3.43523e-08
-2.00544e-08
3.29015e-08
-2.61381e-08
3.07616e-08
-3.16883e-08
2.7981e-08
-3.65996e-08
2.46133e-08
-4.07785e-08
2.07134e-08
-4.41409e-08
1.63349e-08
-4.66095e-08
1.1529e-08
-4.81104e-08
6.3467e-09
-4.85725e-08
8.56292e-10
-4.79126e-08
-4.97156e-09
-4.60594e-08
-1.09601e-08
-4.29538e-08
-1.70253e-08
-3.85558e-08
-2.30238e-08
-3.2863e-08
-2.87542e-08
-2.5936e-08
-3.39538e-08
-1.79247e-08
-3.83078e-08
-9.0919e-09
-4.14657e-08
-4.22303e-08
-7.49072e-09
4.17931e-08
-1.49927e-08
4.18543e-08
-2.2176e-08
4.00848e-08
-2.88994e-08
3.74849e-08
-3.50378e-08
3.41195e-08
-4.04838e-08
3.00593e-08
-4.51444e-08
2.5374e-08
-4.89375e-08
2.0128e-08
-5.17867e-08
1.43781e-08
-5.36157e-08
8.17579e-09
-5.43439e-08
1.58448e-09
-5.38733e-08
-5.4422e-09
-5.20969e-08
-1.27365e-08
-4.89134e-08
-2.02087e-08
-4.42321e-08
-2.77051e-08
-3.79952e-08
-3.4991e-08
-3.02161e-08
-4.17329e-08
-2.10252e-08
-4.74987e-08
-1.07221e-08
-5.17688e-08
-5.29523e-08
-8.36679e-09
5.01599e-08
-1.6741e-08
5.02286e-08
-2.47499e-08
4.80937e-08
-3.22383e-08
4.49733e-08
-3.90743e-08
4.09555e-08
-4.51499e-08
3.61348e-08
-5.03766e-08
3.06007e-08
-5.46792e-08
2.44306e-08
-5.79875e-08
1.76864e-08
-6.02278e-08
1.04161e-08
-6.1314e-08
2.67066e-09
-6.11334e-08
-5.62275e-09
-5.95363e-08
-1.43336e-08
-5.63642e-08
-2.33809e-08
-5.14487e-08
-3.26206e-08
-4.46428e-08
-4.1797e-08
-3.58693e-08
-5.05064e-08
-2.5199e-08
-5.8169e-08
-1.29601e-08
-6.40077e-08
-6.59124e-08
-9.42312e-09
5.9583e-08
-1.8843e-08
5.96485e-08
-2.78329e-08
5.70836e-08
-3.62196e-08
5.336e-08
-4.38641e-08
4.86e-08
-5.0661e-08
4.29317e-08
-5.65324e-08
3.64721e-08
-6.14179e-08
2.93161e-08
-6.52625e-08
2.15311e-08
-6.80039e-08
1.31574e-08
-6.95579e-08
4.22466e-09
-6.98045e-08
-5.3761e-09
-6.85457e-08
-1.55924e-08
-6.55511e-08
-2.63756e-08
-6.05404e-08
-3.76312e-08
-5.32225e-08
-4.9115e-08
-4.33595e-08
-6.03693e-08
-3.08768e-08
-7.06517e-08
-1.61021e-08
-7.87825e-08
-8.20145e-08
-1.06919e-08
7.02749e-08
-2.13566e-08
7.03132e-08
-3.15018e-08
6.72288e-08
-4.0929e-08
6.27873e-08
-4.94922e-08
5.71632e-08
-5.70934e-08
5.05329e-08
-6.36745e-08
4.30532e-08
-6.92021e-08
3.48438e-08
-7.36504e-08
2.59793e-08
-7.6982e-08
1.6489e-08
-7.91285e-08
6.3712e-09
-7.99789e-08
-4.52572e-09
-7.92882e-08
-1.62831e-08
-7.67458e-08
-2.8918e-08
-7.19235e-08
-4.24534e-08
-6.43055e-08
-5.6733e-08
-5.3376e-08
-7.12988e-08
-3.87481e-08
-8.52797e-08
-2.06781e-08
-9.68524e-08
-1.02693e-07
-1.22159e-08
8.24908e-08
-2.43603e-08
8.24576e-08
-3.58621e-08
7.87306e-08
-4.64827e-08
7.34079e-08
-5.607e-08
6.67505e-08
-6.45411e-08
5.90039e-08
-7.18716e-08
5.03838e-08
-7.8073e-08
4.10451e-08
-8.31675e-08
3.10739e-08
-8.71644e-08
2.04859e-08
-9.00332e-08
9.24005e-09
-9.17004e-08
-2.85857e-09
-9.18882e-08
-1.60954e-08
-9.0216e-08
-3.05901e-08
-8.60823e-08
-4.65872e-08
-7.86561e-08
-6.41592e-08
-6.69472e-08
-8.30077e-08
-4.99402e-08
-1.02287e-07
-2.76811e-08
-1.19112e-07
-1.30374e-07
-1.407e-08
9.65608e-08
-2.79676e-08
9.63551e-08
-4.10645e-08
9.18275e-08
-5.30428e-08
8.53862e-08
-6.37489e-08
7.74565e-08
-7.31255e-08
6.83805e-08
-8.12025e-08
5.84608e-08
-8.80601e-08
4.79027e-08
-9.37977e-08
3.68115e-08
-9.84994e-08
2.51876e-08
-1.02203e-07
1.29436e-08
-1.04917e-07
-1.44546e-10
-1.06373e-07
-1.4639e-08
-1.06162e-07
-3.08012e-08
-1.0352e-07
-4.92294e-08
-9.72352e-08
-7.04439e-08
-8.55975e-08
-9.46455e-08
-6.63254e-08
-1.21559e-07
-3.90535e-08
-1.46383e-07
-1.69427e-07
-1.62038e-08
1.12765e-07
-3.22852e-08
1.12437e-07
-4.73101e-08
1.06852e-07
-6.08383e-08
9.89144e-08
-7.27414e-08
8.93597e-08
-8.30101e-08
7.86492e-08
-9.17601e-08
6.72108e-08
-9.91782e-08
5.53208e-08
-1.05478e-07
4.31116e-08
-1.10856e-07
3.0565e-08
-1.15461e-07
1.75485e-08
-1.19412e-07
3.8063e-09
-1.22587e-07
-1.14641e-08
-1.24601e-07
-2.87866e-08
-1.24637e-07
-4.91937e-08
-1.21132e-07
-7.39491e-08
-1.1147e-07
-1.04307e-07
-9.09736e-08
-1.42056e-07
-5.87602e-08
-1.78597e-07
-2.28187e-07
-1.93921e-08
1.32157e-07
-3.77544e-08
1.30799e-07
-5.50113e-08
1.24109e-07
-7.02247e-08
1.14128e-07
-8.33544e-08
1.02489e-07
-9.44165e-08
8.97113e-08
-1.03662e-07
7.64561e-08
-1.1143e-07
6.30892e-08
-1.18095e-07
4.97763e-08
-1.24013e-07
3.64828e-08
-1.29496e-07
2.30321e-08
-1.34753e-07
9.06319e-09
-1.40027e-07
-6.19044e-09
-1.45148e-07
-2.36649e-08
-1.49437e-07
-4.49051e-08
-1.51239e-07
-7.21473e-08
-1.47351e-07
-1.08194e-07
-1.28304e-07
-1.61102e-07
-9.5234e-08
-2.11667e-07
-3.23421e-07
-1.91075e-08
1.51264e-07
-4.35989e-08
1.5529e-07
-6.42373e-08
1.44748e-07
-8.16782e-08
1.31569e-07
-9.60417e-08
1.16853e-07
-1.07663e-07
1.01333e-07
-1.17067e-07
8.58603e-08
-1.24811e-07
7.08329e-08
-1.31466e-07
5.64315e-08
-1.37566e-07
4.25828e-08
-1.43525e-07
2.89905e-08
-1.4985e-07
1.53883e-08
-1.57864e-07
1.82344e-09
-1.66714e-07
-1.48145e-08
-1.7706e-07
-3.45586e-08
-1.87548e-07
-6.166e-08
-1.97223e-07
-9.85187e-08
-1.86046e-07
-1.7228e-07
-1.64393e-07
-2.33321e-07
-4.87814e-07
-3.55827e-08
1.86847e-07
-5.45373e-08
1.74245e-07
-7.71703e-08
1.67381e-07
-9.57353e-08
1.50134e-07
-1.11138e-07
1.32255e-07
-1.23024e-07
1.1322e-07
-1.32127e-07
9.49626e-08
-1.39304e-07
7.80103e-08
-1.45448e-07
6.25759e-08
-1.51437e-07
4.85714e-08
-1.58288e-07
3.58417e-08
-1.66705e-07
2.38048e-08
-1.768e-07
1.19186e-08
-1.89742e-07
-1.87262e-09
-2.08015e-07
-1.62852e-08
-2.30376e-07
-3.9299e-08
-2.58464e-07
-7.04309e-08
-2.69003e-07
-1.6174e-07
-2.7183e-07
-2.30494e-07
-7.59644e-07
-1.16493e-08
1.98496e-07
-6.58651e-08
2.28461e-07
-9.43221e-08
1.95838e-07
-1.17141e-07
1.72953e-07
-1.32321e-07
1.47435e-07
-1.42614e-07
1.23512e-07
-1.49704e-07
1.02053e-07
-1.55006e-07
8.33122e-08
-1.59472e-07
6.70418e-08
-1.6367e-07
5.27696e-08
-1.68319e-07
4.04904e-08
-1.73837e-07
2.93227e-08
-1.82769e-07
2.08507e-08
-1.97081e-07
1.244e-08
-2.22709e-07
9.34202e-09
-2.5992e-07
-2.08761e-09
-3.34436e-07
4.08544e-09
-3.66814e-07
-1.29363e-07
-3.67222e-07
-2.30085e-07
-1.12687e-06
-4.105e-09
2.02601e-07
-4.04926e-08
2.64848e-07
-7.48964e-08
2.30241e-07
-1.1476e-07
2.12816e-07
-1.3785e-07
1.70526e-07
-1.53408e-07
1.3907e-07
-1.62939e-07
1.11584e-07
-1.68873e-07
8.9247e-08
-1.7316e-07
7.13281e-08
-1.77124e-07
5.67336e-08
-1.83223e-07
4.65896e-08
-1.91461e-07
3.7561e-08
-2.07318e-07
3.67074e-08
-2.28622e-07
3.37441e-08
-2.69444e-07
5.01639e-08
-3.14542e-07
4.30102e-08
-3.71491e-07
6.10351e-08
-3.78167e-07
-1.22687e-07
-2.08613e-07
-3.9964e-07
-1.33548e-06
-3.83534e-07
5.86135e-07
-3.90938e-07
2.72252e-07
-3.95755e-07
2.35059e-07
-3.57845e-07
1.74906e-07
-3.25676e-07
1.38357e-07
-2.93118e-07
1.06511e-07
-2.64591e-07
8.3057e-08
-2.40872e-07
6.55278e-08
-2.22259e-07
5.27153e-08
-2.06385e-07
4.08597e-08
-1.95279e-07
3.54833e-08
-1.8185e-07
2.41325e-08
-1.73408e-07
2.82653e-08
-1.57121e-07
1.74566e-08
-1.30262e-07
2.33053e-08
-1.10956e-07
2.37041e-08
-1.03022e-08
-3.96186e-08
4.53282e-09
-1.37522e-07
1.63219e-07
-5.58326e-07
-1.17226e-06
5.86135e-07
8.58387e-07
1.09345e-06
1.26835e-06
1.40671e-06
1.51322e-06
1.59628e-06
1.6618e-06
1.71452e-06
1.75538e-06
1.79086e-06
1.815e-06
1.84326e-06
1.86072e-06
1.88402e-06
1.90773e-06
1.86811e-06
1.73059e-06
1.17226e-06
)
;

boundaryField
{
    movingWall
    {
        type            calculated;
        value           uniform 0;
    }
    fixedWalls
    {
        type            calculated;
        value           uniform 0;
    }
    frontAndBack
    {
        type            empty;
        value           nonuniform 0();
    }
}


// ************************************************************************* //
