/*--------------------------------*- C++ -*----------------------------------*\
| =========                 |                                                 |
| \\      /  F ield         | OpenFOAM: The Open Source CFD Toolbox           |
|  \\    /   O peration     | Version:  5.x                                   |
|   \\  /    A nd           | Web:      www.OpenFOAM.org                      |
|    \\/     M anipulation  |                                                 |
\*---------------------------------------------------------------------------*/
FoamFile
{
    version     2.0;
    format      ascii;
    class       volVectorField;
    location    "1.4";
    object      U;
}
// * * * * * * * * * * * * * * * * * * * * * * * * * * * * * * * * * * * * * //

dimensions      [0 1 -1 0 0 0 0];

internalField   nonuniform List<vector> 
400
(
(-4.98195e-05 4.94659e-05 0)
(-0.000149723 4.95319e-05 0)
(-0.000247638 4.74229e-05 0)
(-0.000340146 4.42891e-05 0)
(-0.000425354 4.01862e-05 0)
(-0.000501362 3.51798e-05 0)
(-0.000566433 2.93458e-05 0)
(-0.000618991 2.27698e-05 0)
(-0.000657644 1.55478e-05 0)
(-0.000681208 7.7889e-06 0)
(-0.000688731 -3.80125e-07 0)
(-0.000679477 -8.8469e-06 0)
(-0.000653063 -1.73893e-05 0)
(-0.000609545 -2.58026e-05 0)
(-0.00054941 -3.38412e-05 0)
(-0.000473679 -4.12229e-05 0)
(-0.000383966 -4.76427e-05 0)
(-0.000282535 -5.2793e-05 0)
(-0.000172067 -5.63834e-05 0)
(-5.74589e-05 -5.69814e-05 0)
(-5.20264e-05 0.000151014 0)
(-0.000156346 0.000151201 0)
(-0.000258581 0.000144761 0)
(-0.000355173 0.000135195 0)
(-0.000444156 0.000122676 0)
(-0.000523561 0.000107408 0)
(-0.000591594 8.96238e-05 0)
(-0.000646625 6.95829e-05 0)
(-0.000687216 4.7574e-05 0)
(-0.000712131 2.39217e-05 0)
(-0.000720405 -9.98943e-07 0)
(-0.000711202 -2.67928e-05 0)
(-0.000684051 -5.28708e-05 0)
(-0.000638995 -7.85987e-05 0)
(-0.000576464 -0.000103223 0)
(-0.000497449 -0.000125876 0)
(-0.000403576 -0.000145615 0)
(-0.000297184 -0.000161479 0)
(-0.00018109 -0.000172556 0)
(-6.04903e-05 -0.000174452 0)
(-5.41972e-05 0.000257104 0)
(-0.00016288 0.000257417 0)
(-0.000269413 0.000246469 0)
(-0.000370102 0.000230216 0)
(-0.000462931 0.00020896 0)
(-0.000545884 0.000183052 0)
(-0.000617127 0.00015289 0)
(-0.000674998 0.000118909 0)
(-0.000718016 8.15871e-05 0)
(-0.00074489 4.1453e-05 0)
(-0.00075459 -8.82861e-07 0)
(-0.00074616 -4.4737e-05 0)
(-0.000718984 -8.91989e-05 0)
(-0.000672965 -0.000133199 0)
(-0.000608378 -0.000175458 0)
(-0.000526084 -0.000214484 0)
(-0.000427642 -0.000248625 0)
(-0.000315436 -0.000276171 0)
(-0.000192445 -0.000295468 0)
(-6.43197e-05 -0.000298924 0)
(-5.74968e-05 0.000368426 0)
(-0.000172807 0.000368896 0)
(-0.000285865 0.00035325 0)
(-0.000392766 0.000330045 0)
(-0.000491421 0.000299727 0)
(-0.000579746 0.000262807 0)
(-0.000655858 0.000219854 0)
(-0.000718052 0.00017148 0)
(-0.000764794 0.000118337 0)
(-0.000794717 6.11344e-05 0)
(-0.000806702 6.76182e-07 0)
(-0.000799614 -6.20824e-05 0)
(-0.000772595 -0.000125964 0)
(-0.000725323 -0.000189481 0)
(-0.000657805 -0.000250819 0)
(-0.000570659 -0.000307812 0)
(-0.000465295 -0.000357992 0)
(-0.000344125 -0.000398736 0)
(-0.000210356 -0.000427439 0)
(-7.03726e-05 -0.000432912 0)
(-6.19994e-05 0.000487532 0)
(-0.00018635 0.000488196 0)
(-0.00030829 0.000467555 0)
(-0.000423627 0.000436988 0)
(-0.000530171 0.000397109 0)
(-0.000625759 0.000348615 0)
(-0.000708456 0.000292262 0)
(-0.000776518 0.000228836 0)
(-0.000828363 0.00015915 0)
(-0.000862553 8.40572e-05 0)
(-0.000877807 4.50554e-06 0)
(-0.000872803 -7.83552e-05 0)
(-0.000846385 -0.000163143 0)
(-0.000797822 -0.000248002 0)
(-0.000726712 -0.000330584 0)
(-0.000633261 -0.000407988 0)
(-0.000518572 -0.000476777 0)
(-0.000385 -0.000533153 0)
(-0.00023602 -0.00057321 0)
(-7.90728e-05 -0.000581502 0)
(-6.77942e-05 0.000616878 0)
(-0.00020377 0.000617772 0)
(-0.000337102 0.000591721 0)
(-0.000463214 0.000553226 0)
(-0.000579796 0.000503111 0)
(-0.000684596 0.000442301 0)
(-0.00077564 0.000371764 0)
(-0.000851167 0.00029247 0)
(-0.000909576 0.00020537 0)
(-0.000949363 0.000111417 0)
(-0.000969114 1.16323e-05 0)
(-0.000967266 -9.27836e-05 0)
(-0.000942245 -0.000200328 0)
(-0.000892767 -0.000308882 0)
(-0.000817795 -0.000415611 0)
(-0.000716857 -0.000516829 0)
(-0.000590469 -0.000607939 0)
(-0.000440722 -0.000683593 0)
(-0.000271307 -0.000738021 0)
(-9.10967e-05 -0.000750494 0)
(-7.50056e-05 0.000759145 0)
(-0.00022543 0.000760286 0)
(-0.000372867 0.000728256 0)
(-0.000512239 0.00068107 0)
(-0.0006411 0.00061983 0)
(-0.000757111 0.000545753 0)
(-0.000858292 0.000460069 0)
(-0.000942916 0.000363948 0)
(-0.00100942 0.000258458 0)
(-0.00105629 0.00014459 0)
(-0.00108201 2.33254e-05 0)
(-0.00108477 -0.000104217 0)
(-0.00106249 -0.000236629 0)
(-0.00101311 -0.000371716 0)
(-0.000934665 -0.000506296 0)
(-0.000825597 -0.000635896 0)
(-0.00068535 -0.000754562 0)
(-0.000515309 -0.000854889 0)
(-0.000319151 -0.00092835 0)
(-0.000107541 -0.000947388 0)
(-8.38072e-05 0.000917291 0)
(-0.00025183 0.000918656 0)
(-0.000416348 0.000879867 0)
(-0.000571643 0.000822964 0)
(-0.000715118 0.000749432 0)
(-0.000844363 0.000660885 0)
(-0.000957452 0.000558894 0)
(-0.00105279 0.000444863 0)
(-0.00112894 0.000319967 0)
(-0.0011845 0.000185154 0)
(-0.00121792 4.12296e-05 0)
(-0.00122723 -0.000110983 0)
(-0.00120975 -0.000270461 0)
(-0.00116244 -0.000435268 0)
(-0.00108198 -0.000602195 0)
(-0.000965135 -0.000766139 0)
(-0.000809483 -0.000919632 0)
(-0.000614823 -0.00105261 0)
(-0.000384243 -0.00115237 0)
(-0.000130249 -0.00118235 0)
(-9.44431e-05 0.00109466 0)
(-0.000283661 0.00109614 0)
(-0.00046858 0.00104952 0)
(-0.000642679 0.000981507 0)
(-0.000803187 0.00089414 0)
(-0.000947658 0.00078959 0)
(-0.00107432 0.000669893 0)
(-0.00118185 0.000536762 0)
(-0.00126914 0.000391474 0)
(-0.00133504 0.000234853 0)
(-0.00137815 6.73499e-05 0)
(-0.00139647 -0.000110765 0)
(-0.00138679 -0.000299292 0)
(-0.00134486 -0.000497066 0)
(-0.00126555 -0.000701459 0)
(-0.00114305 -0.000907261 0)
(-0.000971853 -0.00110556 0)
(-0.000748485 -0.00128306 0)
(-0.000474319 -0.00142059 0)
(-0.000162498 -0.00146996 0)
(-0.000107268 0.0012951 0)
(-0.00032189 0.00129642 0)
(-0.00053098 0.0012405 0)
(-0.000727028 0.00115947 0)
(-0.000907048 0.0010562 0)
(-0.00106863 0.00093365 0)
(-0.0012103 0.000794538 0)
(-0.00133122 0.000641004 0)
(-0.00143087 0.000474453 0)
(-0.00150864 0.000295506 0)
(-0.00156355 0.000104066 0)
(-0.00159389 -0.000100495 0)
(-0.00159607 -0.000319352 0)
(-0.00156463 -0.000552866 0)
(-0.0014922 -0.000800007 0)
(-0.00136927 -0.00105661 0)
(-0.00118533 -0.00131314 0)
(-0.000930469 -0.00155291 0)
(-0.000602663 -0.0017464 0)
(-0.000210528 -0.00183255 0)
(-0.000122782 0.00152343 0)
(-0.000367856 0.00152388 0)
(-0.000605496 0.0014566 0)
(-0.000826994 0.00135986 0)
(-0.00102903 0.00123781 0)
(-0.00120934 0.0010946 0)
(-0.001367 0.000933913 0)
(-0.00150197 0.000758517 0)
(-0.00161467 0.000570029 0)
(-0.00170545 0.000368794 0)
(-0.00177417 0.000153956 0)
(-0.00181991 -7.6375e-05 0)
(-0.00183919 -0.000325382 0)
(-0.00182555 -0.000596007 0)
(-0.00176933 -0.000890369 0)
(-0.00165622 -0.00120742 0)
(-0.00146819 -0.00153932 0)
(-0.00118269 -0.0018679 0)
(-0.000793066 -0.00214622 0)
(-0.000286999 -0.00230632 0)
(-0.000141954 0.0017834 0)
(-0.000423721 0.00178324 0)
(-0.00069491 0.0017021 0)
(-0.000945834 0.00158589 0)
(-0.00117233 0.00144107 0)
(-0.00137256 0.0012735 0)
(-0.00154642 0.00108838 0)
(-0.00169514 0.000889438 0)
(-0.00182063 0.000678607 0)
(-0.00192475 0.000455907 0)
(-0.00200876 0.000219532 0)
(-0.00207326 -3.40794e-05 0)
(-0.00211575 -0.00031047 0)
(-0.00212967 -0.000616745 0)
(-0.00210367 -0.000960178 0)
(-0.00201828 -0.00134621 0)
(-0.00184578 -0.00177333 0)
(-0.00153903 -0.00222924 0)
(-0.00108974 -0.00263741 0)
(-0.000419049 -0.00295362 0)
(-0.000164315 0.00209297 0)
(-0.000490308 0.00208292 0)
(-0.000802649 0.0019835 0)
(-0.00108807 0.00184123 0)
(-0.00134147 0.00166774 0)
(-0.00156208 0.00147054 0)
(-0.0017511 0.00125718 0)
(-0.00191178 0.00103264 0)
(-0.00204825 0.000799324 0)
(-0.00216458 0.000556942 0)
(-0.00226421 0.000302522 0)
(-0.00234997 3.04689e-05 0)
(-0.00242192 -0.000266806 0)
(-0.00247535 -0.000602062 0)
(-0.00249889 -0.000990538 0)
(-0.0024695 -0.00144866 0)
(-0.00235089 -0.00198926 0)
(-0.0020503 -0.00262519 0)
(-0.00157703 -0.00322708 0)
(-0.000668013 -0.00388811 0)
(-0.0002019 0.00238476 0)
(-0.000582545 0.00242595 0)
(-0.000936151 0.00230362 0)
(-0.00126169 0.00213041 0)
(-0.00154306 0.00191936 0)
(-0.00178318 0.00168495 0)
(-0.00198437 0.00143803 0)
(-0.00215306 0.00118517 0)
(-0.00229639 0.000929392 0)
(-0.00242162 0.000670184 0)
(-0.00253531 0.000403805 0)
(-0.00264268 0.000124056 0)
(-0.0027484 -0.000179111 0)
(-0.00285359 -0.000530299 0)
(-0.00295049 -0.000949152 0)
(-0.0030174 -0.00147008 0)
(-0.00302075 -0.00213294 0)
(-0.00278637 -0.0030276 0)
(-0.0024146 -0.00388378 0)
(-0.00118197 -0.00532459 0)
(-0.000177107 0.00299027 0)
(-0.000625713 0.0028127 0)
(-0.00109802 0.00268756 0)
(-0.00147254 0.00244667 0)
(-0.001787 0.00219146 0)
(-0.0020435 0.00191152 0)
(-0.00225096 0.00162532 0)
(-0.00242051 0.00134109 0)
(-0.0025633 0.001063 0)
(-0.00269021 0.000790161 0)
(-0.00281036 0.000516754 0)
(-0.00293282 0.000229992 0)
(-0.0030761 -8.74926e-05 0)
(-0.0032451 -0.00045124 0)
(-0.00343815 -0.000890948 0)
(-0.0036532 -0.0014664 0)
(-0.00390135 -0.00223958 0)
(-0.00382723 -0.00341535 0)
(-0.00386294 -0.00452472 0)
(-0.00227544 -0.00763021 0)
(-0.000441945 0.00290609 0)
(-0.000955935 0.00356601 0)
(-0.0012925 0.00312415 0)
(-0.00175818 0.00289805 0)
(-0.00207789 0.00253206 0)
(-0.00234965 0.00217138 0)
(-0.00255503 0.00182256 0)
(-0.00271556 0.00149704 0)
(-0.00284747 0.00119564 0)
(-0.00296806 0.000916089 0)
(-0.00309583 0.00065575 0)
(-0.00324757 0.000409195 0)
(-0.00343088 0.000171808 0)
(-0.00365971 -7.42433e-05 0)
(-0.0039707 -0.000372872 0)
(-0.00437665 -0.000816522 0)
(-0.00495928 -0.00142212 0)
(-0.00513516 -0.00318521 0)
(-0.00612317 -0.00434727 0)
(-0.00395852 -0.0116406 0)
(3.24438e-05 0.00476121 0)
(-0.000595198 0.00302854 0)
(-0.00184299 0.00346315 0)
(-0.00208629 0.00288139 0)
(-0.00252175 0.0026077 0)
(-0.00275502 0.0022498 0)
(-0.00292576 0.00190873 0)
(-0.00304745 0.00158104 0)
(-0.0031441 0.00127704 0)
(-0.00322976 0.000997727 0)
(-0.00331659 0.000742023 0)
(-0.00341566 0.000496655 0)
(-0.00355697 0.000257141 0)
(-0.00378353 -3.54311e-05 0)
(-0.0041643 -0.000389998 0)
(-0.00467189 -0.000964486 0)
(-0.00614338 -0.00172265 0)
(-0.00653021 -0.00365941 0)
(-0.0092967 -0.00540268 0)
(-0.00394095 -0.0185594 0)
(0.00104193 0.0028426 0)
(-0.00115994 0.00677327 0)
(-0.000615953 0.00469675 0)
(-0.00222023 0.00448161 0)
(-0.00250147 0.00360592 0)
(-0.00294784 0.00294019 0)
(-0.00317189 0.00235087 0)
(-0.00332235 0.00187447 0)
(-0.00342014 0.0014909 0)
(-0.00349998 0.00117757 0)
(-0.00359709 0.000937299 0)
(-0.0037348 0.0007369 0)
(-0.00396736 0.000646674 0)
(-0.00431785 0.000605811 0)
(-0.00492959 0.000843806 0)
(-0.00570959 0.000947723 0)
(-0.00736712 0.00196466 0)
(-0.00660327 -0.00105428 0)
(-0.0100158 -0.00318226 0)
(0.00301278 -0.026265 0)
(-0.0113057 0.00601914 0)
(-0.00513241 0.00292027 0)
(-0.0095483 0.00396897 0)
(-0.00693665 0.00336963 0)
(-0.00698442 0.0027477 0)
(-0.00611073 0.002239 0)
(-0.0055472 0.0018249 0)
(-0.00502772 0.00148271 0)
(-0.00461372 0.00120337 0)
(-0.00426135 0.000966534 0)
(-0.00402321 0.000820242 0)
(-0.00371907 0.000662108 0)
(-0.00362702 0.000708503 0)
(-0.00316143 0.000600818 0)
(-0.00330755 0.000946902 0)
(-0.00154769 0.000518268 0)
(-0.00349595 -4.14684e-05 0)
(0.0033389 -0.00458993 0)
(-0.00341626 -0.014942 0)
(0.0114175 -0.0312146 0)
(0.0102281 0.0159032 0)
(0.0143264 0.00878414 0)
(0.0191874 0.00596387 0)
(0.0240016 0.00414476 0)
(0.0270386 0.00312465 0)
(0.0293245 0.00228869 0)
(0.0311753 0.00168562 0)
(0.0326821 0.00126498 0)
(0.0337759 0.000986639 0)
(0.0348607 0.000730251 0)
(0.035229 0.000643616 0)
(0.0366237 0.000365209 0)
(0.0355888 0.000481704 0)
(0.0387191 0.000179969 0)
(0.0348637 8.88218e-05 0)
(0.0411313 0.000567333 0)
(0.0335048 -0.00113613 0)
(0.0404774 -0.000104667 0)
(0.026609 -0.00421724 0)
(0.0247192 -0.0101969 0)
)
;

boundaryField
{
    movingWall
    {
        type            fixedValue;
        value           uniform (1 0 0);
    }
    fixedWalls
    {
        type            noSlip;
    }
    frontAndBack
    {
        type            empty;
    }
}


// ************************************************************************* //
