/*--------------------------------*- C++ -*----------------------------------*\
| =========                 |                                                 |
| \\      /  F ield         | OpenFOAM: The Open Source CFD Toolbox           |
|  \\    /   O peration     | Version:  5.x                                   |
|   \\  /    A nd           | Web:      www.OpenFOAM.org                      |
|    \\/     M anipulation  |                                                 |
\*---------------------------------------------------------------------------*/
FoamFile
{
    version     2.0;
    format      ascii;
    class       surfaceScalarField;
    location    "1.7";
    object      phi;
}
// * * * * * * * * * * * * * * * * * * * * * * * * * * * * * * * * * * * * * //

dimensions      [0 3 -1 0 0 0 0];

internalField   nonuniform List<scalar> 
760
(
-5.59732e-09
5.59731e-09
-1.12479e-08
5.65053e-09
-1.66858e-08
5.43794e-09
-2.18046e-08
5.11882e-09
-2.65006e-08
4.69597e-09
-3.0673e-08
4.17241e-09
-3.42248e-08
3.55184e-09
-3.70637e-08
2.83884e-09
-3.91029e-08
2.03918e-09
-4.02634e-08
1.1605e-09
-4.04777e-08
2.14321e-10
-3.96812e-08
-7.96506e-10
-3.78429e-08
-1.83823e-09
-3.49527e-08
-2.89027e-09
-3.1033e-08
-3.91972e-09
-2.61461e-08
-4.88685e-09
-2.04005e-08
-5.74561e-09
-1.39536e-08
-6.44689e-09
-7.01182e-09
-6.94179e-09
-7.01182e-09
-5.8657e-09
1.1463e-08
-1.17857e-08
1.15706e-08
-1.74839e-08
1.11361e-08
-2.28493e-08
1.04842e-08
-2.77741e-08
9.62074e-09
-3.21538e-08
8.55213e-09
-3.5888e-08
7.28601e-09
-3.88807e-08
5.83159e-09
-4.10418e-08
4.20029e-09
-4.22887e-08
2.40734e-09
-4.25514e-08
4.77006e-10
-4.17564e-08
-1.59151e-09
-3.9865e-08
-3.72955e-09
-3.68646e-08
-5.89074e-09
-3.27722e-08
-8.01208e-09
-2.76466e-08
-1.00125e-08
-2.15967e-08
-1.17955e-08
-1.47865e-08
-1.32571e-08
-7.43624e-09
-1.42921e-08
-1.44481e-08
-6.08184e-09
1.75448e-08
-1.22233e-08
1.7712e-08
-1.81393e-08
1.70521e-08
-2.37174e-08
1.60623e-08
-2.88485e-08
1.47518e-08
-3.34266e-08
1.31303e-08
-3.73497e-08
1.12091e-08
-4.05195e-08
9.00143e-09
-4.28426e-08
6.52336e-09
-4.42311e-08
3.79585e-09
-4.46063e-08
8.52224e-10
-4.38868e-08
-2.3111e-09
-4.20192e-08
-5.59714e-09
-3.89752e-08
-8.93473e-09
-3.47572e-08
-1.223e-08
-2.94112e-08
-1.53584e-08
-2.30397e-08
-1.8167e-08
-1.58108e-08
-2.04859e-08
-7.96391e-09
-2.2139e-08
-2.2412e-08
-6.40645e-09
2.39513e-08
-1.28804e-08
2.4186e-08
-1.91237e-08
2.32954e-08
-2.50218e-08
2.19605e-08
-3.04637e-08
2.01937e-08
-3.53417e-08
1.80082e-08
-3.95515e-08
1.54189e-08
-4.29922e-08
1.24421e-08
-4.55656e-08
9.09679e-09
-4.71769e-08
5.40712e-09
-4.77365e-08
1.41178e-09
-4.71487e-08
-2.89884e-09
-4.53358e-08
-7.41003e-09
-4.22451e-08
-1.20255e-08
-3.78535e-08
-1.66216e-08
-3.21835e-08
-2.10284e-08
-2.53225e-08
-2.5028e-08
-1.74415e-08
-2.8367e-08
-8.80809e-09
-3.07724e-08
-3.12201e-08
-6.84406e-09
3.07954e-08
-1.37663e-08
3.11083e-08
-2.04505e-08
2.99796e-08
-2.67796e-08
2.82896e-08
-3.26401e-08
2.60542e-08
-3.79226e-08
2.32907e-08
-4.25208e-08
2.00172e-08
-4.63312e-08
1.62525e-08
-4.92508e-08
1.20164e-08
-5.11768e-08
7.3331e-09
-5.2006e-08
2.241e-09
-5.16254e-08
-3.27939e-09
-4.9922e-08
-9.11346e-09
-4.68065e-08
-1.5141e-08
-4.22147e-08
-2.12133e-08
-3.61287e-08
-2.71145e-08
-2.8605e-08
-3.25518e-08
-1.98086e-08
-3.71634e-08
-1.00434e-08
-4.05376e-08
-4.12635e-08
-7.3978e-09
3.81932e-08
-1.48874e-08
3.85978e-08
-2.21291e-08
3.72213e-08
-2.90025e-08
3.5163e-08
-3.53916e-08
3.24434e-08
-4.11855e-08
2.90845e-08
-4.62769e-08
2.51086e-08
-5.05609e-08
2.05364e-08
-5.39311e-08
1.53867e-08
-5.62773e-08
9.67924e-09
-5.74819e-08
3.44566e-09
-5.7413e-08
-3.34829e-09
-5.59104e-08
-1.06161e-08
-5.28335e-08
-1.82179e-08
-4.80543e-08
-2.59925e-08
-4.14876e-08
-3.36812e-08
-3.31298e-08
-4.09095e-08
-2.31176e-08
-4.71755e-08
-1.17929e-08
-5.18623e-08
-5.30564e-08
-8.07165e-09
4.62648e-08
-1.62517e-08
4.67779e-08
-2.4171e-08
4.51406e-08
-3.1705e-08
4.26969e-08
-3.87347e-08
3.94731e-08
-4.51484e-08
3.54982e-08
-5.08399e-08
3.08002e-08
-5.57055e-08
2.5402e-08
-5.96391e-08
1.93202e-08
-6.25258e-08
1.25659e-08
-6.42356e-08
5.15548e-09
-6.46209e-08
-2.96302e-09
-6.34614e-08
-1.17755e-08
-6.055e-08
-2.11293e-08
-5.56635e-08
-3.0879e-08
-4.86055e-08
-4.07392e-08
-3.92629e-08
-5.02521e-08
-2.76932e-08
-5.87452e-08
-1.42638e-08
-6.52917e-08
-6.73202e-08
-8.87048e-09
5.51353e-08
-1.78696e-08
5.5777e-08
-2.65913e-08
5.38623e-08
-3.49053e-08
5.10109e-08
-4.2689e-08
4.72568e-08
-4.98309e-08
4.26401e-08
-5.62287e-08
3.7198e-08
-6.1785e-08
3.09584e-08
-6.63999e-08
2.39351e-08
-6.99609e-08
1.61269e-08
-7.23313e-08
7.52589e-09
-7.33595e-08
-1.93482e-09
-7.27528e-08
-1.23822e-08
-7.02257e-08
-2.36564e-08
-6.54223e-08
-3.56825e-08
-5.79675e-08
-4.8194e-08
-4.75523e-08
-6.06673e-08
-3.40521e-08
-7.22454e-08
-1.78162e-08
-8.15275e-08
-8.51365e-08
-9.7996e-09
6.49349e-08
-1.97534e-08
6.57308e-08
-2.9409e-08
6.35179e-08
-3.86266e-08
6.02285e-08
-4.72786e-08
5.59087e-08
-5.52542e-08
5.06158e-08
-6.24594e-08
4.44032e-08
-6.88104e-08
3.73094e-08
-7.42236e-08
2.93483e-08
-7.86007e-08
2.0504e-08
-8.18076e-08
1.07328e-08
-8.37195e-08
-2.29135e-11
-8.39566e-08
-1.21451e-08
-8.21609e-08
-2.5452e-08
-7.7803e-08
-4.00403e-08
-7.02412e-08
-5.57558e-08
-5.88185e-08
-7.209e-08
-4.30306e-08
-8.80333e-08
-2.31021e-08
-1.01456e-07
-1.08239e-07
-1.08638e-08
7.57986e-08
-2.19175e-08
7.67845e-08
-3.26488e-08
7.42493e-08
-4.29007e-08
7.04804e-08
-5.25355e-08
6.55436e-08
-6.1444e-08
5.95242e-08
-6.95453e-08
5.25045e-08
-7.678e-08
4.4544e-08
-8.30958e-08
3.56641e-08
-8.84299e-08
2.58381e-08
-9.26835e-08
1.49864e-08
-9.57076e-08
3.00121e-09
-9.71963e-08
-1.06564e-08
-9.6649e-08
-2.59993e-08
-9.33534e-08
-4.3336e-08
-8.63103e-08
-6.27989e-08
-7.42883e-08
-8.4112e-08
-5.60099e-08
-1.06312e-07
-3.13547e-08
-1.26111e-07
-1.39593e-07
-1.20553e-08
8.78539e-08
-2.43748e-08
8.9104e-08
-3.63436e-08
8.62181e-08
-4.7773e-08
8.19098e-08
-5.85069e-08
7.62775e-08
-6.84357e-08
6.9453e-08
-7.74996e-08
6.15684e-08
-8.56765e-08
5.27209e-08
-9.29655e-08
4.29531e-08
-9.93649e-08
3.22375e-08
-1.04843e-07
2.0464e-08
-1.0928e-07
7.43901e-09
-1.12498e-07
-7.43908e-09
-1.13903e-07
-2.45935e-08
-1.12633e-07
-4.46061e-08
-1.07274e-07
-6.81585e-08
-9.57567e-08
-9.56291e-08
-7.53078e-08
-1.26761e-07
-4.50104e-08
-1.56409e-07
-1.84604e-07
-1.33828e-08
1.01237e-07
-2.71541e-08
1.02875e-07
-4.05462e-08
9.96102e-08
-5.33151e-08
9.46787e-08
-6.52672e-08
8.82296e-08
-7.62864e-08
8.04722e-08
-8.63435e-08
7.16254e-08
-9.54709e-08
6.18484e-08
-1.03743e-07
5.12254e-08
-1.11252e-07
3.97465e-08
-1.18078e-07
2.729e-08
-1.2423e-07
1.35903e-08
-1.29646e-07
-2.02218e-09
-1.339e-07
-2.03403e-08
-1.36051e-07
-4.2455e-08
-1.34347e-07
-6.98621e-08
-1.25696e-07
-1.04281e-07
-1.04771e-07
-1.47685e-07
-6.90909e-08
-1.92089e-07
-2.53695e-07
-1.44832e-08
1.1572e-07
-3.02121e-08
1.18604e-07
-4.52858e-08
1.14684e-07
-5.96405e-08
1.09033e-07
-7.29423e-08
1.01531e-07
-8.50958e-08
9.26257e-08
-9.61211e-08
8.26507e-08
-1.0613e-07
7.18572e-08
-1.15298e-07
6.03933e-08
-1.23838e-07
4.82864e-08
-1.31977e-07
3.54295e-08
-1.39881e-07
2.14938e-08
-1.48142e-07
6.2393e-09
-1.56214e-07
-1.22683e-08
-1.63594e-07
-3.50752e-08
-1.68562e-07
-6.48938e-08
-1.67222e-07
-1.05621e-07
-1.49946e-07
-1.64962e-07
-1.14285e-07
-2.2775e-07
-3.67979e-07
-1.68811e-08
1.32601e-07
-3.40611e-08
1.35784e-07
-5.08225e-08
1.31445e-07
-6.69324e-08
1.25143e-07
-8.17159e-08
1.16315e-07
-9.50144e-08
1.05924e-07
-1.06917e-07
9.45534e-08
-1.17643e-07
8.25835e-08
-1.27505e-07
7.02552e-08
-1.36907e-07
5.76886e-08
-1.46435e-07
4.49568e-08
-1.56683e-07
3.17425e-08
-1.67582e-07
1.71383e-08
-1.79329e-07
-5.21742e-10
-1.93593e-07
-2.08115e-08
-2.08946e-07
-4.95399e-08
-2.22885e-07
-9.16825e-08
-2.20291e-07
-1.67555e-07
-2.01116e-07
-2.46925e-07
-5.69095e-07
-1.14854e-08
1.44086e-07
-3.72619e-08
1.61561e-07
-5.64946e-08
1.50678e-07
-7.5898e-08
1.44547e-07
-9.21667e-08
1.32584e-07
-1.06447e-07
1.20205e-07
-1.1895e-07
1.07056e-07
-1.30044e-07
9.36779e-08
-1.40133e-07
8.03441e-08
-1.49623e-07
6.71785e-08
-1.58976e-07
5.43097e-08
-1.69033e-07
4.17997e-08
-1.81622e-07
2.97276e-08
-1.99325e-07
1.71807e-08
-2.23716e-07
3.57926e-09
-2.55188e-07
-1.80675e-08
-2.98448e-07
-4.84222e-08
-3.21121e-07
-1.44882e-07
-3.43038e-07
-2.25008e-07
-9.12133e-07
-3.20097e-08
1.76096e-07
-4.22185e-08
1.71769e-07
-6.46858e-08
1.73145e-07
-8.35718e-08
1.63433e-07
-1.02192e-07
1.51204e-07
-1.18192e-07
1.36205e-07
-1.31815e-07
1.20678e-07
-1.4334e-07
1.05203e-07
-1.5356e-07
9.05648e-08
-1.63406e-07
7.70246e-08
-1.74313e-07
6.52162e-08
-1.87213e-07
5.46994e-08
-2.04053e-07
4.65681e-08
-2.26757e-07
3.98849e-08
-2.57824e-07
3.46459e-08
-3.01307e-07
2.54158e-08
-3.65146e-07
1.54165e-08
-4.15335e-07
-9.4693e-08
-4.33014e-07
-2.07329e-07
-1.34515e-06
7.86364e-09
1.68233e-07
-5.32209e-08
2.32854e-07
-8.33425e-08
2.03267e-07
-1.0883e-07
1.8892e-07
-1.26284e-07
1.68658e-07
-1.40215e-07
1.50136e-07
-1.50817e-07
1.3128e-07
-1.59483e-07
1.13869e-07
-1.67156e-07
9.82377e-08
-1.7362e-07
8.34884e-08
-1.80229e-07
7.18249e-08
-1.86382e-07
6.0852e-08
-1.95576e-07
5.57627e-08
-2.11743e-07
5.60517e-08
-2.42253e-07
6.5156e-08
-2.99499e-07
8.26613e-08
-4.08492e-07
1.2441e-07
-4.74852e-07
-2.83335e-08
-3.47587e-07
-3.34594e-07
-1.69273e-06
6.00352e-08
1.08197e-07
2.96685e-08
2.63221e-07
-2.24593e-09
2.35181e-07
-6.03401e-08
2.47014e-07
-9.62876e-08
2.04605e-07
-1.26631e-07
1.8048e-07
-1.48372e-07
1.53021e-07
-1.64144e-07
1.29642e-07
-1.76672e-07
1.10766e-07
-1.85361e-07
9.21771e-08
-1.96013e-07
8.24769e-08
-2.04763e-07
6.96022e-08
-2.21367e-07
7.23661e-08
-2.43115e-07
7.77997e-08
-2.84703e-07
1.06745e-07
-3.35553e-07
1.33511e-07
-3.87394e-07
1.76251e-07
-3.78652e-07
-3.70752e-08
-5.21362e-08
-6.61109e-07
-1.74487e-06
-4.3023e-07
5.38428e-07
-4.63269e-07
2.96259e-07
-4.87025e-07
2.58938e-07
-4.46589e-07
2.06578e-07
-4.17193e-07
1.75209e-07
-3.81061e-07
1.44348e-07
-3.48572e-07
1.20532e-07
-3.17113e-07
9.81829e-08
-2.92686e-07
8.63381e-08
-2.65929e-07
6.54205e-08
-2.47673e-07
6.42212e-08
-2.23665e-07
4.55936e-08
-1.96644e-07
4.53451e-08
-1.73705e-07
5.48613e-08
-9.56918e-08
2.87313e-08
-4.40645e-08
8.18835e-08
1.412e-07
-9.01361e-09
2.52284e-07
-1.48159e-07
3.25176e-07
-7.34001e-07
-1.4197e-06
5.38428e-07
8.34687e-07
1.09362e-06
1.3002e-06
1.47541e-06
1.61976e-06
1.74029e-06
1.83847e-06
1.92481e-06
1.99023e-06
2.05445e-06
2.10005e-06
2.14539e-06
2.20025e-06
2.22899e-06
2.31087e-06
2.30186e-06
2.1537e-06
1.4197e-06
)
;

boundaryField
{
    movingWall
    {
        type            calculated;
        value           uniform 0;
    }
    fixedWalls
    {
        type            calculated;
        value           uniform 0;
    }
    frontAndBack
    {
        type            empty;
        value           nonuniform 0();
    }
}


// ************************************************************************* //
