/*--------------------------------*- C++ -*----------------------------------*\
| =========                 |                                                 |
| \\      /  F ield         | OpenFOAM: The Open Source CFD Toolbox           |
|  \\    /   O peration     | Version:  5.x                                   |
|   \\  /    A nd           | Web:      www.OpenFOAM.org                      |
|    \\/     M anipulation  |                                                 |
\*---------------------------------------------------------------------------*/
FoamFile
{
    version     2.0;
    format      ascii;
    class       volVectorField;
    location    "1.7";
    object      U;
}
// * * * * * * * * * * * * * * * * * * * * * * * * * * * * * * * * * * * * * //

dimensions      [0 1 -1 0 0 0 0];

internalField   nonuniform List<vector> 
400
(
(-5.59846e-05 5.5523e-05 0)
(-0.000168793 5.60531e-05 0)
(-0.000280126 5.39473e-05 0)
(-0.000385961 5.07852e-05 0)
(-0.000484372 4.65933e-05 0)
(-0.00057329 4.14006e-05 0)
(-0.00065074 3.52431e-05 0)
(-0.000714826 2.81658e-05 0)
(-0.000763757 2.02263e-05 0)
(-0.000795874 1.15008e-05 0)
(-0.00080972 2.09213e-06 0)
(-0.000803951 -7.89552e-06 0)
(-0.000777601 -1.8246e-05 0)
(-0.000730262 -2.86797e-05 0)
(-0.000662036 -3.88772e-05 0)
(-0.000573761 -4.84469e-05 0)
(-0.000467132 -5.69347e-05 0)
(-0.000344844 -6.38583e-05 0)
(-0.00021025 -6.87401e-05 0)
(-7.0155e-05 -6.94223e-05 0)
(-5.86707e-05 0.000169912 0)
(-0.00017688 0.000171512 0)
(-0.000293539 0.000165072 0)
(-0.000404458 0.000155405 0)
(-0.000507637 0.000142594 0)
(-0.000600928 0.000126731 0)
(-0.000682283 0.000107927 0)
(-0.000749739 8.63191e-05 0)
(-0.000801435 6.20762e-05 0)
(-0.00083564 3.54202e-05 0)
(-0.000850847 6.64979e-06 0)
(-0.00084559 -2.38442e-05 0)
(-0.000818729 -5.5481e-05 0)
(-0.000769766 -8.74672e-05 0)
(-0.000698719 -0.000118812 0)
(-0.00060633 -0.000148299 0)
(-0.000494258 -0.00017452 0)
(-0.00036527 -0.000195964 0)
(-0.000222892 -0.000211117 0)
(-7.4406e-05 -0.000213336 0)
(-6.08321e-05 0.000289427 0)
(-0.000183431 0.000292161 0)
(-0.000304502 0.00028125 0)
(-0.000419733 0.000264875 0)
(-0.000527108 0.000243183 0)
(-0.000624448 0.00021633 0)
(-0.000709677 0.000184503 0)
(-0.000780795 0.000147924 0)
(-0.000835887 0.000106861 0)
(-0.000873138 6.16626e-05 0)
(-0.000890903 1.27962e-05 0)
(-0.000887549 -3.90768e-05 0)
(-0.00086171 -9.30709e-05 0)
(-0.000812583 -0.000147905 0)
(-0.000739876 -0.000201897 0)
(-0.000644051 -0.000252954 0)
(-0.000526562 -0.000298604 0)
(-0.000390151 -0.000336141 0)
(-0.000238525 -0.000362801 0)
(-7.96949e-05 -0.000367021 0)
(-6.40788e-05 0.000413994 0)
(-0.00019327 0.000417996 0)
(-0.000320969 0.000402542 0)
(-0.000442684 0.000379359 0)
(-0.000556372 0.000348659 0)
(-0.000659819 0.000310661 0)
(-0.000750915 0.000265623 0)
(-0.000827611 0.000213835 0)
(-0.00088792 0.000155641 0)
(-0.000929915 9.14722e-05 0)
(-0.000951776 2.19107e-05 0)
(-0.000951625 -5.22309e-05 0)
(-0.000927699 -0.000129816 0)
(-0.000878708 -0.000209109 0)
(-0.000803856 -0.000287765 0)
(-0.000703103 -0.000362762 0)
(-0.000577496 -0.000430418 0)
(-0.000429647 -0.000486555 0)
(-0.000263477 -0.000526762 0)
(-8.81643e-05 -0.000533832 0)
(-6.84566e-05 0.000546196 0)
(-0.000206538 0.000551655 0)
(-0.000343175 0.000531536 0)
(-0.000473621 0.000501379 0)
(-0.000595811 0.000461458 0)
(-0.000707489 0.000412066 0)
(-0.000806509 0.000353524 0)
(-0.000890783 0.000286174 0)
(-0.000958254 0.000210396 0)
(-0.00100687 0.000126644 0)
(-0.00103461 3.55253e-05 0)
(-0.00103928 -6.20925e-05 0)
(-0.00101859 -0.000164973 0)
(-0.000970537 -0.000271054 0)
(-0.000893536 -0.000377396 0)
(-0.000786712 -0.000479998 0)
(-0.000650368 -0.000573753 0)
(-0.000486729 -0.000652585 0)
(-0.000299856 -0.000709777 0)
(-0.000100579 -0.000721251 0)
(-7.39982e-05 0.000688285 0)
(-0.000223337 0.000695447 0)
(-0.000371285 0.000670501 0)
(-0.000512765 0.000633147 0)
(-0.000645689 0.000583735 0)
(-0.000767759 0.00052264 0)
(-0.000876813 0.00045025 0)
(-0.000970744 0.000366949 0)
(-0.00104745 0.000273111 0)
(-0.00110479 0.000169137 0)
(-0.00114051 5.55393e-05 0)
(-0.00115213 -6.69117e-05 0)
(-0.00113667 -0.000197121 0)
(-0.00109114 -0.000332905 0)
(-0.00101281 -0.000470916 0)
(-0.000899473 -0.000606204 0)
(-0.000750104 -0.000732004 0)
(-0.000566005 -0.000839762 0)
(-0.000351068 -0.0009194 0)
(-0.000118218 -0.000938081 0)
(-8.07457e-05 0.000842615 0)
(-0.000243798 0.000851789 0)
(-0.000405514 0.000821803 0)
(-0.000560392 0.000776966 0)
(-0.000706326 0.000717718 0)
(-0.000840982 0.000644547 0)
(-0.000962209 0.000557932 0)
(-0.00106793 0.000458295 0)
(-0.00115607 0.000345968 0)
(-0.00122445 0.000221214 0)
(-0.00127066 8.43063e-05 0)
(-0.00129195 -6.42983e-05 0)
(-0.0012846 -0.000223997 0)
(-0.00124434 -0.000392828 0)
(-0.00116685 -0.000567427 0)
(-0.00104782 -0.000742145 0)
(-0.000883961 -0.000908404 0)
(-0.000674597 -0.00105447 0)
(-0.000422691 -0.00116522 0)
(-0.000143286 -0.00119636 0)
(-8.87526e-05 0.00101162 0)
(-0.000268088 0.00102319 0)
(-0.000446139 0.000987888 0)
(-0.000616857 0.000935196 0)
(-0.000778118 0.000865673 0)
(-0.000927558 0.000779974 0)
(-0.00106308 0.000678721 0)
(-0.00118272 0.000562402 0)
(-0.00128455 0.000431293 0)
(-0.00136646 0.000285432 0)
(-0.00142603 0.000124683 0)
(-0.00146045 -5.10546e-05 0)
(-0.00146521 -0.000242193 0)
(-0.00143459 -0.000447497 0)
(-0.00136215 -0.000664326 0)
(-0.00124048 -0.000886997 0)
(-0.00106248 -0.00110536 0)
(-0.00082349 -0.00130381 0)
(-0.000524077 -0.0014595 0)
(-0.000179782 -0.00151346 0)
(-9.80804e-05 0.00119783 0)
(-0.000296414 0.00121227 0)
(-0.000493517 0.00117132 0)
(-0.000682619 0.00111028 0)
(-0.000861564 0.00102989 0)
(-0.00102795 0.000931083 0)
(-0.0011798 0.000814716 0)
(-0.00131538 0.000681429 0)
(-0.00143307 0.000531463 0)
(-0.00153108 0.00036457 0)
(-0.00160716 0.000179997 0)
(-0.00165884 -2.33882e-05 0)
(-0.00168107 -0.000246851 0)
(-0.00166651 -0.000491469 0)
(-0.00160638 -0.000756334 0)
(-0.0014889 -0.00103707 0)
(-0.00130085 -0.00132311 0)
(-0.00102971 -0.00159507 0)
(-0.000671489 -0.00181788 0)
(-0.000235418 -0.00191618 0)
(-0.000108794 0.00140377 0)
(-0.000329019 0.00142181 0)
(-0.000548107 0.00137482 0)
(-0.000758299 0.00130478 0)
(-0.000957339 0.0012127 0)
(-0.00114277 0.00109996 0)
(-0.00131277 0.000967856 0)
(-0.00146601 0.000817346 0)
(-0.00160144 0.000648738 0)
(-0.00171796 0.000461503 0)
(-0.00181402 0.000254145 0)
(-0.00188732 2.41482e-05 0)
(-0.00193334 -0.000231142 0)
(-0.00194412 -0.000516406 0)
(-0.0019078 -0.000834136 0)
(-0.00180732 -0.00118372 0)
(-0.00162057 -0.00155709 0)
(-0.00131975 -0.00193388 0)
(-0.000894353 -0.00225936 0)
(-0.000326012 -0.00244844 0)
(-0.000120825 0.00163262 0)
(-0.000366016 0.00165501 0)
(-0.000610472 0.00160148 0)
(-0.000844764 0.00152145 0)
(-0.00106642 0.00141644 0)
(-0.00127284 0.00128851 0)
(-0.00146246 0.00113974 0)
(-0.00163455 0.000971674 0)
(-0.00178896 0.000784917 0)
(-0.00192573 0.000578787 0)
(-0.00204457 0.000351061 0)
(-0.00214418 9.7748e-05 0)
(-0.00222169 -0.000186727 0)
(-0.00226959 -0.000510546 0)
(-0.00227379 -0.00088267 0)
(-0.00221195 -0.00131018 0)
(-0.00205103 -0.00179326 0)
(-0.00173456 -0.00231914 0)
(-0.00124789 -0.00280356 0)
(-0.000485784 -0.0031867 0)
(-0.000134429 0.00188223 0)
(-0.000407937 0.00191498 0)
(-0.000681493 0.00185448 0)
(-0.000943377 0.00176349 0)
(-0.00119033 0.00164358 0)
(-0.00141953 0.00149839 0)
(-0.00162967 0.00133137 0)
(-0.0018209 0.00114511 0)
(-0.00199441 0.00094086 0)
(-0.0021519 0.000718067 0)
(-0.00229514 0.000474065 0)
(-0.0024252 0.000203685 0)
(-0.00254176 -0.000101172 0)
(-0.00264022 -0.000456342 0)
(-0.00270761 -0.000878036 0)
(-0.00271809 -0.00138653 0)
(-0.0026292 -0.00200034 0)
(-0.00233535 -0.00273263 0)
(-0.00183808 -0.00345746 0)
(-0.000792999 -0.00427126 0)
(-0.000143941 0.00218106 0)
(-0.000449252 0.00220762 0)
(-0.000761651 0.00213955 0)
(-0.00105572 0.00203377 0)
(-0.00133159 0.00189617 0)
(-0.00158513 0.00173052 0)
(-0.00181582 0.00154275 0)
(-0.00202515 0.00133705 0)
(-0.00221611 0.00111576 0)
(-0.00239262 0.000878908 0)
(-0.00255904 0.000623369 0)
(-0.00271948 0.00034102 0)
(-0.0028818 1.82081e-05 0)
(-0.00304661 -0.000358484 0)
(-0.00320421 -0.000809332 0)
(-0.00333465 -0.00138002 0)
(-0.00339555 -0.00212307 0)
(-0.00320524 -0.00312115 0)
(-0.00286387 -0.00417293 0)
(-0.00143984 -0.0059666 0)
(-0.00017587 0.00239269 0)
(-0.000516509 0.00256058 0)
(-0.000854534 0.00245624 0)
(-0.00118693 0.00234788 0)
(-0.00149363 0.0021812 0)
(-0.00177305 0.00198774 0)
(-0.00202325 0.00177367 0)
(-0.00224801 0.00154552 0)
(-0.00245268 0.00130691 0)
(-0.00264446 0.00105927 0)
(-0.00283331 0.000802187 0)
(-0.00303082 0.000533337 0)
(-0.00324195 0.000244094 0)
(-0.00346882 -8.75832e-05 0)
(-0.00373067 -0.000514769 0)
(-0.00403415 -0.00110785 0)
(-0.00436574 -0.00196257 0)
(-0.00442384 -0.0033476 0)
(-0.0046502 -0.00471614 0)
(-0.00285411 -0.00873323 0)
(-4.70967e-05 0.00298924 0)
(-0.000454852 0.00276383 0)
(-0.00097613 0.00280166 0)
(-0.00133055 0.0026083 0)
(-0.00169199 0.00245181 0)
(-0.00199275 0.00224247 0)
(-0.00225815 0.00201059 0)
(-0.00249202 0.00176166 0)
(-0.00270244 0.00150542 0)
(-0.0028973 0.00124603 0)
(-0.00308459 0.000982675 0)
(-0.00327676 0.000706763 0)
(-0.00350121 0.000406192 0)
(-0.00380262 4.94268e-05 0)
(-0.00421966 -0.000409383 0)
(-0.00477719 -0.00102192 0)
(-0.00560942 -0.00189403 0)
(-0.0060161 -0.0034413 0)
(-0.00748413 -0.00490553 0)
(-0.00517822 -0.0135617 0)
(-0.000447962 0.0026431 0)
(-0.000784265 0.00396329 0)
(-0.000984141 0.00333569 0)
(-0.00153598 0.00338528 0)
(-0.0018575 0.00299662 0)
(-0.00221503 0.00267627 0)
(-0.00250464 0.00234066 0)
(-0.00275373 0.00202473 0)
(-0.00296883 0.00173137 0)
(-0.00316805 0.0014616 0)
(-0.00337422 0.0012217 0)
(-0.00361016 0.00100984 0)
(-0.00390389 0.000838064 0)
(-0.00429298 0.00070187 0)
(-0.00481891 0.000582557 0)
(-0.00554688 0.000425219 0)
(-0.00675212 0.000214487 0)
(-0.00728203 -0.00195768 0)
(-0.0105724 -0.00356528 0)
(-0.00511579 -0.0223476 0)
(0.00039125 0.00457708 0)
(-0.000150916 0.00252126 0)
(-0.00178799 0.00335621 0)
(-0.00174857 0.00277108 0)
(-0.00244335 0.00277365 0)
(-0.00266146 0.00253813 0)
(-0.00291495 0.00231437 0)
(-0.00310294 0.00206061 0)
(-0.00326568 0.00180289 0)
(-0.00340604 0.0015457 0)
(-0.00353441 0.0013133 0)
(-0.00365769 0.00109482 0)
(-0.00380382 0.00092839 0)
(-0.00404532 0.000774896 0)
(-0.00446231 0.000662546 0)
(-0.00503947 0.000444019 0)
(-0.00754957 0.000264517 0)
(-0.00764875 -0.00228953 0)
(-0.0133941 -0.00563359 0)
(0.00153384 -0.0323743 0)
(0.0022583 0.00177347 0)
(0.000116668 0.00736368 0)
(0.00103409 0.00515358 0)
(-0.00108729 0.00536568 0)
(-0.00145629 0.00439887 0)
(-0.00231439 0.00385201 0)
(-0.00276623 0.00323954 0)
(-0.00314017 0.00272891 0)
(-0.00341185 0.00230888 0)
(-0.00362199 0.00193498 0)
(-0.00380523 0.00168344 0)
(-0.00399339 0.00145304 0)
(-0.0042271 0.0014095 0)
(-0.00458373 0.00161873 0)
(-0.00519972 0.00211497 0)
(-0.00583656 0.00313464 0)
(-0.00844574 0.00516937 0)
(-0.00570878 0.00149345 0)
(-0.011455 -0.00707573 0)
(0.0102263 -0.0365216 0)
(-0.0130066 0.00320129 0)
(-0.00535002 0.00241973 0)
(-0.0121705 0.00365979 0)
(-0.00807779 0.00370273 0)
(-0.00921354 0.00321422 0)
(-0.00778877 0.0028298 0)
(-0.00730417 0.0024489 0)
(-0.00660988 0.00210608 0)
(-0.00610575 0.00184172 0)
(-0.00550869 0.0015205 0)
(-0.00521744 0.0014185 0)
(-0.00457669 0.00114266 0)
(-0.00431013 0.00132814 0)
(-0.0036522 0.0012472 0)
(-0.00303971 0.00189954 0)
(-0.000509069 0.00176894 0)
(-0.00163524 0.000952062 0)
(0.00766886 -0.00358936 0)
(0.00111935 -0.0220342 0)
(0.0141193 -0.0384463 0)
(0.00847065 0.0167108 0)
(0.0141845 0.010186 0)
(0.0185541 0.00735988 0)
(0.0242608 0.00522961 0)
(0.0280595 0.00423987 0)
(0.0311646 0.00335027 0)
(0.0335897 0.00268722 0)
(0.0361035 0.00206895 0)
(0.0372817 0.00179473 0)
(0.0400327 0.00125218 0)
(0.0391664 0.00127028 0)
(0.0436061 0.000812121 0)
(0.0398058 0.000574922 0)
(0.0467172 0.00112761 0)
(0.0406536 -0.000642369 0)
(0.0485214 0.00179588 0)
(0.0422535 -0.00106766 0)
(0.0470233 -0.00109044 0)
(0.0364792 -0.0033115 0)
(0.0263723 -0.01106 0)
)
;

boundaryField
{
    movingWall
    {
        type            fixedValue;
        value           uniform (1 0 0);
    }
    fixedWalls
    {
        type            noSlip;
    }
    frontAndBack
    {
        type            empty;
    }
}


// ************************************************************************* //
