/*--------------------------------*- C++ -*----------------------------------*\
| =========                 |                                                 |
| \\      /  F ield         | OpenFOAM: The Open Source CFD Toolbox           |
|  \\    /   O peration     | Version:  5.x                                   |
|   \\  /    A nd           | Web:      www.OpenFOAM.org                      |
|    \\/     M anipulation  |                                                 |
\*---------------------------------------------------------------------------*/
FoamFile
{
    version     2.0;
    format      ascii;
    class       surfaceScalarField;
    location    "17.6";
    object      phi;
}
// * * * * * * * * * * * * * * * * * * * * * * * * * * * * * * * * * * * * * //

dimensions      [0 3 -1 0 0 0 0];

internalField   nonuniform List<scalar> 
760
(
-1.31869e-06
1.31869e-06
-2.26766e-06
9.48969e-07
-2.68836e-06
4.20693e-07
-2.95225e-06
2.6389e-07
-3.03512e-06
8.2869e-08
-3.1219e-06
8.6783e-08
-3.12635e-06
4.44677e-09
-3.16814e-06
4.17981e-08
-3.15142e-06
-1.67254e-08
-3.17847e-06
2.70513e-08
-3.15169e-06
-2.67764e-08
-3.1477e-06
-3.98813e-09
-3.08297e-06
-6.47328e-08
-3.03597e-06
-4.69984e-08
-2.96324e-06
-7.27342e-08
-2.87386e-06
-8.93788e-08
-2.75349e-06
-1.20368e-07
-2.31866e-06
-4.34834e-07
-1.52503e-06
-7.9363e-07
-1.52503e-06
-7.99469e-07
2.11816e-06
-1.18811e-06
1.33761e-06
-1.36419e-06
5.96773e-07
-1.38202e-06
2.8172e-07
-1.40169e-06
1.02537e-07
-1.39425e-06
7.93424e-08
-1.40127e-06
1.14651e-08
-1.40328e-06
4.38087e-08
-1.43121e-06
1.12082e-08
-1.44829e-06
4.41223e-08
-1.49056e-06
1.54977e-08
-1.48412e-06
-1.04276e-08
-1.45952e-06
-8.93288e-08
-1.40957e-06
-9.6952e-08
-1.40145e-06
-8.08561e-08
-1.38203e-06
-1.08799e-07
-1.33266e-06
-1.69739e-07
-1.39673e-06
-3.70757e-07
-1.10622e-06
-1.08414e-06
-2.63125e-06
-3.83985e-07
2.50215e-06
-5.87678e-07
1.54131e-06
-5.65988e-07
5.75083e-07
-5.32112e-07
2.47844e-07
-5.28142e-07
9.85679e-08
-5.20739e-07
7.19394e-08
-5.60513e-07
5.12391e-08
-5.97447e-07
8.07427e-08
-6.56193e-07
6.99537e-08
-6.91379e-07
7.93087e-08
-7.08004e-07
3.21229e-08
-6.82121e-07
-3.63106e-08
-6.84126e-07
-8.73246e-08
-7.23639e-07
-5.74389e-08
-7.01649e-07
-1.02846e-07
-6.60955e-07
-1.49492e-07
-3.67887e-07
-4.62807e-07
-2.59651e-07
-4.78993e-07
-3.82553e-07
-9.6124e-07
-3.0138e-06
-2.25159e-07
2.72731e-06
-2.73417e-07
1.58956e-06
-2.25356e-07
5.27022e-07
-1.78498e-07
2.00986e-07
-1.74204e-07
9.42733e-08
-1.87484e-07
8.52194e-08
-2.33321e-07
9.70761e-08
-2.66463e-07
1.13885e-07
-3.01347e-07
1.04838e-07
-3.06658e-07
8.46199e-08
-2.96304e-07
2.17685e-08
-3.30882e-07
-1.73224e-09
-3.33354e-07
-8.48525e-08
-4.22384e-07
3.1591e-08
-5.91532e-07
6.63017e-08
-6.6937e-07
-7.16541e-08
-6.65466e-07
-4.66712e-07
-4.9328e-07
-6.51179e-07
-2.43791e-07
-1.21073e-06
-3.25759e-06
-7.05816e-08
2.79789e-06
-9.9016e-08
1.618e-06
-6.05909e-08
4.88597e-07
-6.48461e-09
1.46879e-07
-2.00049e-08
1.07794e-07
-5.61942e-08
1.21409e-07
-8.71162e-08
1.27998e-07
-1.12212e-07
1.3898e-07
-1.34374e-07
1.27001e-07
-1.49966e-07
1.00212e-07
-1.62548e-07
3.43501e-08
-1.70167e-07
5.88763e-09
-1.39596e-07
-1.15424e-07
-2.52564e-07
1.44559e-07
-2.59071e-07
7.28093e-08
-2.53858e-07
-7.68677e-08
-2.17575e-07
-5.02995e-07
-9.47012e-08
-7.74052e-07
-7.40031e-08
-1.23143e-06
-3.3316e-06
-6.75954e-08
2.86548e-06
-5.00422e-08
1.60045e-06
-2.4879e-08
4.63433e-07
-1.35081e-08
1.35508e-07
-4.86781e-08
1.42964e-07
-5.77336e-08
1.30464e-07
-7.48499e-08
1.45114e-07
-1.06459e-07
1.70589e-07
-1.13416e-07
1.33958e-07
-1.03256e-07
9.0052e-08
-1.85118e-07
1.16212e-07
-2.72016e-07
9.27855e-08
-1.07246e-07
-2.80194e-07
-7.46751e-08
1.11988e-07
-2.91195e-08
2.72537e-08
-3.11801e-08
-7.48071e-08
-2.61659e-07
-2.72516e-07
-1.9996e-07
-8.35751e-07
-4.852e-08
-1.38287e-06
-3.38012e-06
3.03086e-08
2.83518e-06
4.69607e-08
1.58379e-06
4.40469e-08
4.66347e-07
2.10267e-08
1.58529e-07
3.06824e-08
1.33308e-07
7.34058e-09
1.53806e-07
-2.46417e-08
1.77097e-07
-6.3625e-08
2.09572e-07
-1.02989e-07
1.73322e-07
-9.88359e-08
8.58994e-08
-6.54537e-08
8.28296e-08
-3.19566e-08
5.92884e-08
9.22886e-08
-4.04439e-07
-6.64801e-08
2.70756e-07
-3.29832e-08
-6.24312e-09
4.63276e-08
-1.54118e-07
-8.01585e-08
-1.4603e-07
1.63666e-08
-9.32276e-07
3.24982e-08
-1.399e-06
-3.34762e-06
2.1975e-08
2.8132e-06
5.27092e-08
1.55306e-06
9.04235e-08
4.28633e-07
7.94376e-08
1.69515e-07
5.04855e-08
1.6226e-07
1.55726e-08
1.88719e-07
-6.98545e-08
2.62524e-07
-9.42452e-08
2.33963e-07
-8.29417e-08
1.62018e-07
-2.56183e-07
2.59141e-07
-3.83604e-07
2.1025e-07
-1.24785e-07
-1.99531e-07
-1.09999e-09
-5.28124e-07
-1.55551e-07
4.25208e-07
-2.26102e-07
6.43078e-08
-1.28737e-07
-2.51484e-07
-7.5634e-08
-1.99133e-07
-5.17055e-08
-9.56204e-07
-2.79059e-08
-1.4228e-06
-3.37553e-06
7.0892e-08
2.74231e-06
8.29336e-08
1.54102e-06
6.74649e-08
4.44102e-07
2.49877e-08
2.11992e-07
4.34123e-08
1.43835e-07
1.12555e-07
1.19577e-07
1.54344e-07
2.20734e-07
2.48849e-07
1.39458e-07
3.17568e-07
9.32996e-08
1.61783e-07
4.14926e-07
-5.72725e-08
4.29305e-07
-4.44038e-08
-2.12399e-07
-2.01546e-08
-5.52373e-07
-1.46574e-07
5.51627e-07
2.85896e-08
-1.10856e-07
1.90138e-07
-4.13032e-07
1.58974e-07
-1.67968e-07
2.21947e-07
-1.01918e-06
1.26993e-08
-1.21355e-06
-3.36283e-06
6.79139e-08
2.6744e-06
1.24999e-07
1.48393e-06
1.28329e-07
4.40772e-07
1.72263e-07
1.68057e-07
1.42434e-07
1.73665e-07
1.47908e-07
1.14102e-07
1.85942e-07
1.827e-07
3.027e-08
2.9513e-07
-2.1015e-07
3.33719e-07
-3.40207e-07
5.44983e-07
-2.74729e-07
3.63827e-07
-2.68598e-07
-2.18531e-07
-3.22387e-07
-4.98583e-07
-4.99623e-07
7.28864e-07
-1.44921e-07
-4.65558e-07
1.26942e-07
-6.84895e-07
2.26925e-07
-2.67952e-07
2.42078e-07
-1.03433e-06
1.01358e-08
-9.81608e-07
-3.35269e-06
9.6713e-08
2.57768e-06
1.15216e-07
1.46543e-06
1.77748e-07
3.7824e-07
2.39724e-07
1.06081e-07
2.01627e-07
2.11762e-07
2.54204e-07
6.15246e-08
2.72767e-07
1.64138e-07
5.81178e-08
5.09779e-07
-1.92398e-07
5.84235e-07
-3.27546e-07
6.80131e-07
-3.17957e-07
3.54238e-07
-3.91145e-07
-1.45342e-07
-2.76198e-07
-6.13531e-07
-5.48401e-08
5.07506e-07
7.90871e-08
-5.99485e-07
1.07736e-07
-7.13544e-07
-7.02932e-09
-1.53186e-07
-4.38311e-08
-9.97529e-07
4.52316e-08
-1.07067e-06
-3.30746e-06
6.50406e-08
2.51264e-06
1.09927e-07
1.42054e-06
1.06797e-07
3.8137e-07
1.0565e-08
2.02313e-07
-1.09813e-07
3.3214e-07
-6.04072e-08
1.21184e-08
4.74968e-08
5.62338e-08
1.35576e-07
4.217e-07
1.10161e-07
6.0965e-07
3.70721e-08
7.5322e-07
5.7393e-09
3.85571e-07
-1.70833e-07
3.12304e-08
-3.39733e-07
-4.44632e-07
-1.53216e-08
1.83095e-07
-1.75645e-08
-5.97242e-07
-2.65591e-07
-4.65518e-07
-9.06738e-08
-3.28104e-07
-1.02519e-07
-9.85683e-07
-7.44316e-08
-1.09876e-06
-3.38189e-06
9.1719e-08
2.42092e-06
1.31094e-07
1.38117e-06
1.49896e-08
4.97474e-07
-1.25235e-07
3.42538e-07
-1.26666e-07
3.33571e-07
-1.92921e-07
7.83735e-08
-2.64625e-07
1.27937e-07
-1.17365e-07
2.7444e-07
5.88039e-08
4.33481e-07
1.2057e-07
6.91454e-07
5.94144e-08
4.46726e-07
4.14562e-08
4.91885e-08
-1.76886e-07
-2.2629e-07
1.00786e-07
-9.45765e-08
2.51483e-07
-7.47939e-07
-7.65111e-09
-2.06384e-07
2.32387e-07
-5.68142e-07
1.41343e-07
-8.94639e-07
1.72736e-08
-9.74689e-07
-3.36462e-06
1.03338e-07
2.31758e-06
1.92008e-07
1.2925e-06
1.69293e-07
5.20189e-07
1.21793e-07
3.90038e-07
5.14379e-08
4.03926e-07
4.61285e-08
8.36829e-08
1.84142e-08
1.55651e-07
3.6093e-09
2.89245e-07
9.73991e-08
3.39691e-07
2.76398e-07
5.12454e-07
2.47696e-07
4.75429e-07
2.44734e-07
5.21507e-08
1.6255e-07
-1.44106e-07
3.35616e-07
-2.67642e-07
3.59516e-07
-7.71839e-07
4.52576e-07
-2.99444e-07
5.6862e-07
-6.84186e-07
3.49584e-07
-6.75602e-07
1.47745e-07
-7.7285e-07
-3.21687e-06
7.64144e-08
2.24117e-06
1.51727e-07
1.21719e-06
1.18837e-07
5.53079e-07
3.74114e-07
1.34761e-07
3.88086e-07
3.89954e-07
4.68532e-07
3.23683e-09
5.43632e-07
8.05517e-08
4.70419e-07
3.62458e-07
8.41157e-07
-3.10466e-08
8.3755e-07
5.16062e-07
9.82689e-07
3.30289e-07
9.43027e-07
9.18133e-08
9.58996e-07
-1.60075e-07
1.18761e-06
-4.96252e-07
9.81349e-07
-5.65583e-07
9.12314e-07
-2.30409e-07
3.57488e-07
-1.29361e-07
-1.65542e-07
-1.52572e-07
-8.3236e-08
-8.55156e-07
-3.30011e-06
1.64304e-07
2.07687e-06
2.78293e-07
1.1032e-06
2.54293e-07
5.77079e-07
1.06216e-07
2.82838e-07
3.47423e-07
1.48747e-07
4.27224e-07
-7.65646e-08
3.59011e-07
1.48765e-07
6.81962e-07
3.95066e-08
9.94294e-07
-3.43379e-07
1.20209e-06
3.08264e-07
1.23686e-06
2.95515e-07
1.33622e-06
-7.54689e-09
1.10479e-06
7.13614e-08
7.79576e-07
-1.7104e-07
5.16731e-07
-3.02738e-07
-1.54328e-07
4.4065e-07
-2.91344e-07
7.6556e-09
7.22635e-08
-5.1618e-07
4.28729e-08
-8.25765e-07
-3.25724e-06
1.4388e-07
1.93299e-06
1.59955e-07
1.08712e-06
2.76361e-07
4.60672e-07
2.49382e-07
3.09818e-07
3.01361e-07
9.67678e-08
3.27288e-07
-1.02491e-07
6.03881e-07
-1.27828e-07
1.04508e-06
-4.01697e-07
1.01505e-06
-3.13346e-07
1.23234e-06
9.09796e-08
1.11564e-06
4.12216e-07
1.01754e-06
9.05456e-08
7.88033e-07
3.00873e-07
1.77611e-07
4.39382e-07
-7.98102e-09
-1.17146e-07
-3.42093e-08
4.66879e-07
6.32688e-07
-6.59242e-07
4.05391e-07
-2.88883e-07
9.52654e-08
-5.1564e-07
-3.16197e-06
3.75217e-07
1.55777e-06
5.77727e-07
8.84614e-07
5.26617e-07
5.11783e-07
6.26946e-07
2.09488e-07
7.1204e-07
1.16739e-08
8.08936e-07
-1.99387e-07
9.56266e-07
-2.75158e-07
9.46507e-07
-3.91938e-07
7.76209e-07
-1.43049e-07
8.74008e-07
-6.81917e-09
1.07532e-06
2.10903e-07
1.10119e-06
6.46818e-08
1.29012e-06
1.11938e-07
1.23352e-06
4.95983e-07
1.11746e-06
-1.09014e-09
1.05028e-06
5.34059e-07
7.82395e-07
-3.91354e-07
9.04175e-08
4.03095e-07
3.16236e-07
-7.41458e-07
-2.84573e-06
4.79434e-07
1.07833e-06
7.38018e-07
6.26031e-07
8.79427e-07
3.70373e-07
8.58307e-07
2.30608e-07
6.69718e-07
2.00263e-07
3.56557e-07
1.13774e-07
-9.81491e-08
1.79549e-07
-6.3446e-07
1.44373e-07
-8.86742e-07
1.09233e-07
-9.48272e-07
5.47111e-08
-7.84944e-07
4.75745e-08
-6.99699e-07
-2.05632e-08
-6.09093e-07
2.13312e-08
-2.44279e-07
1.3117e-07
-1.91407e-07
-5.39624e-08
1.6597e-07
1.76682e-07
-1.47971e-07
-7.74128e-08
2.87852e-07
-3.2728e-08
7.97416e-07
-1.25102e-06
-2.04832e-06
1.07833e-06
1.70436e-06
2.07474e-06
2.30535e-06
2.50561e-06
2.61938e-06
2.79893e-06
2.9433e-06
3.05254e-06
3.10725e-06
3.15482e-06
3.13426e-06
3.15559e-06
3.28676e-06
3.2328e-06
3.40948e-06
3.33207e-06
3.29934e-06
2.04832e-06
)
;

boundaryField
{
    movingWall
    {
        type            calculated;
        value           uniform 0;
    }
    fixedWalls
    {
        type            calculated;
        value           uniform 0;
    }
    frontAndBack
    {
        type            empty;
        value           nonuniform 0();
    }
}


// ************************************************************************* //
