/*--------------------------------*- C++ -*----------------------------------*\
| =========                 |                                                 |
| \\      /  F ield         | OpenFOAM: The Open Source CFD Toolbox           |
|  \\    /   O peration     | Version:  5.x                                   |
|   \\  /    A nd           | Web:      www.OpenFOAM.org                      |
|    \\/     M anipulation  |                                                 |
\*---------------------------------------------------------------------------*/
FoamFile
{
    version     2.0;
    format      ascii;
    class       volVectorField;
    location    "17.6";
    object      U;
}
// * * * * * * * * * * * * * * * * * * * * * * * * * * * * * * * * * * * * * //

dimensions      [0 1 -1 0 0 0 0];

internalField   nonuniform List<vector> 
400
(
(-0.0172179 0.00981131 0)
(-0.0405193 0.00902991 0)
(-0.0502521 0.00277251 0)
(-0.0563782 0.00230888 0)
(-0.059059 -9.28915e-05 0)
(-0.0613749 0.00017515 0)
(-0.0620858 -0.00103759 0)
(-0.0631509 -0.000654177 0)
(-0.0627727 -0.00160381 0)
(-0.0639271 -0.000955958 0)
(-0.0626364 -0.00184171 0)
(-0.064199 -0.00124575 0)
(-0.0612668 -0.00221409 0)
(-0.0632441 -0.001413 0)
(-0.0595496 -0.0024462 0)
(-0.0606339 -0.00242603 0)
(-0.055091 -0.0040853 0)
(-0.0520792 -0.00767655 0)
(-0.0479741 -0.0114131 0)
(-0.00422834 -0.0213626 0)
(-0.0125114 0.0375857 0)
(-0.0228104 0.0250498 0)
(-0.0245124 0.0118657 0)
(-0.0285281 0.00701921 0)
(-0.0255441 0.00284602 0)
(-0.0299966 0.00288676 0)
(-0.0251015 0.00113072 0)
(-0.0312597 0.00213162 0)
(-0.0242856 0.000849126 0)
(-0.0333695 0.00190206 0)
(-0.0245694 0.000615418 0)
(-0.035787 0.00101354 0)
(-0.0235162 -0.000649227 0)
(-0.0339569 -0.000702565 0)
(-0.023793 -0.000910594 0)
(-0.03077 -0.00183354 0)
(-0.0267678 -0.00190323 0)
(-0.0238037 -0.0122816 0)
(-0.0375527 -0.0247922 0)
(-4.39375e-05 -0.0461751 0)
(-0.00722572 0.0487433 0)
(-0.0102091 0.0290869 0)
(-0.0120186 0.0131122 0)
(-0.0109541 0.00472569 0)
(-0.00942774 0.00166379 0)
(-0.0121918 0.000585617 0)
(-0.00815594 -0.000539055 0)
(-0.0144828 -0.000151827 0)
(-0.00953717 -0.000301419 0)
(-0.0165564 7.27186e-05 0)
(-0.0114993 0.000143073 0)
(-0.0165155 -0.00131736 0)
(-0.0113293 -0.00264289 0)
(-0.0152053 -0.00283062 0)
(-0.0149061 -0.00187266 0)
(-0.0116507 -0.00170398 0)
(-0.0163149 -0.0037418 0)
(0.0022271 -0.00110595 0)
(-0.0137695 -0.0146488 0)
(0.000802596 -0.0567012 0)
(-0.00529801 0.0533095 0)
(-0.00511813 0.0338313 0)
(-0.00478511 0.0104957 0)
(-0.0045906 0.00553076 0)
(-0.00214548 0.00209358 0)
(-0.00501711 0.00213192 0)
(-0.00244658 0.00236371 0)
(-0.00688725 0.00310723 0)
(-0.00385424 0.00284732 0)
(-0.00814091 0.00280752 0)
(-0.00440177 0.000936862 0)
(-0.0073766 -0.000345706 0)
(-0.00604394 -0.00108991 0)
(-0.00670676 0.00038321 0)
(-0.0108839 -0.00257006 0)
(-0.0120983 -0.00508674 0)
(-0.0159807 -0.0160635 0)
(-0.00891 -0.0175043 0)
(-0.0125619 -0.026177 0)
(0.00417662 -0.0627019 0)
(-0.00196225 0.0569172 0)
(-0.00145824 0.0312518 0)
(-0.00200123 0.0109952 0)
(-0.000571085 0.00272614 0)
(0.000365795 0.00184322 0)
(-0.00124734 0.00138542 0)
(-0.000884944 0.00176348 0)
(-0.00269698 0.00171829 0)
(-0.00190512 0.00162746 0)
(-0.00334026 0.000878558 0)
(-0.00286126 0.000114327 0)
(-0.00341805 0.000322833 0)
(-0.00333504 -0.00200674 0)
(-0.00209981 0.000713601 0)
(-0.00845842 0.00502479 0)
(-0.0015671 0.00227363 0)
(-0.00908974 -0.00189641 0)
(0.000927284 -0.00932106 0)
(-0.00478155 -0.0199773 0)
(0.00195058 -0.0648418 0)
(-0.00286996 0.0571865 0)
(-0.000360099 0.0344056 0)
(-0.0012549 0.0093396 0)
(0.000107759 0.00337451 0)
(-0.000566432 0.00258593 0)
(-0.00146054 0.00359815 0)
(-0.000901688 0.00316651 0)
(-0.00204038 0.00361021 0)
(-0.00234089 0.00322306 0)
(-0.00203983 0.00284457 0)
(-0.00225617 0.001043 0)
(-0.00531954 -0.000197466 0)
(-0.0055342 -0.00295548 0)
(0.00168868 0.00555147 0)
(-0.0051308 -0.00195736 0)
(0.00423603 -0.00497184 0)
(-0.00578817 -0.018317 0)
(-0.00384924 -0.0212161 0)
(-0.00472266 -0.0311886 0)
(0.00303858 -0.0671024 0)
(0.000628917 0.0574789 0)
(0.000311167 0.029976 0)
(0.00178423 0.0082894 0)
(0.000122436 0.00175339 0)
(0.000669429 0.00283639 0)
(0.000573008 0.00137754 0)
(-0.000312751 0.00250411 0)
(-0.000602935 0.00335276 0)
(-0.00212259 0.0019951 0)
(-0.00177177 0.000941335 0)
(-0.00230907 0.00402668 0)
(-0.000317475 0.00429911 0)
(-0.00100065 -0.00775038 0)
(0.00478952 -0.00136751 0)
(-0.00748952 0.00321766 0)
(0.00628816 0.00170839 0)
(-0.00470003 0.00769693 0)
(0.00180354 -0.0116765 0)
(-0.00103471 -0.0220672 0)
(0.00211459 -0.0664317 0)
(-0.00111263 0.0571592 0)
(0.00176708 0.0334862 0)
(0.000672659 0.0113843 0)
(0.00270115 0.004969 0)
(0.000531187 0.00286456 0)
(0.00155238 0.0050928 0)
(-0.000939114 0.00496488 0)
(-0.00202537 0.00521297 0)
(-0.00153338 0.00548038 0)
(-0.00158972 0.00275747 0)
(-0.0093305 -0.00103213 0)
(-0.00526308 -0.00224655 0)
(2.82709e-05 -0.00783729 0)
(-6.15816e-05 0.0122441 0)
(-0.00648045 -0.00355128 0)
(-0.0019393 -0.00751944 0)
(-0.00371076 -0.0130932 0)
(0.000910364 -0.0255359 0)
(-0.00295328 -0.0357723 0)
(0.00189064 -0.0694742 0)
(0.00219115 0.0552792 0)
(0.000522904 0.0293115 0)
(0.00258668 0.00488988 0)
(0.000370969 0.00145325 0)
(0.000484845 0.00318613 0)
(0.00145949 0.00213189 0)
(0.00270138 0.00494351 0)
(0.00391684 0.00376234 0)
(0.00536763 0.000302703 0)
(0.00802906 0.00699346 0)
(-0.00215109 0.00909296 0)
(0.000425009 -0.00512579 0)
(-0.00278729 -0.0147583 0)
(0.00230185 0.00572496 0)
(-0.008673 0.0062017 0)
(0.0100368 -0.00304131 0)
(-0.00328414 0.00420932 0)
(0.0103068 -0.0136542 0)
(-0.00186142 -0.0198661 0)
(0.00250493 -0.0651338 0)
(-0.000873099 0.0545715 0)
(0.00337574 0.031363 0)
(0.0018066 0.0135355 0)
(0.00345268 0.0073537 0)
(0.00325326 0.00293757 0)
(0.00262192 0.00285718 0)
(0.00308111 0.00446835 0)
(0.00469197 0.00222655 0)
(-0.00356283 0.00389692 0)
(-0.00533012 0.0101173 0)
(-0.00778411 0.00924358 0)
(-0.00255811 -0.0028994 0)
(-0.00876753 -0.00563301 0)
(-0.00523787 0.0148548 0)
(-0.0131968 -0.0105039 0)
(0.00699268 -0.0127447 0)
(-0.0018629 -0.00987498 0)
(0.0108576 -0.0269635 0)
(-0.0020138 -0.0295978 0)
(0.00262975 -0.0676934 0)
(0.00257554 0.0523986 0)
(0.00142663 0.0289666 0)
(0.00299206 0.00366822 0)
(0.00430313 -0.000904731 0)
(0.00510142 0.00383449 0)
(0.00332185 0.00179946 0)
(0.00632372 0.00240409 0)
(0.00492148 0.00918211 0)
(-0.00233585 0.00911468 0)
(-0.00584785 0.0117857 0)
(-0.00757108 0.00421464 0)
(-0.00499922 -0.00673223 0)
(-0.0108752 -0.0159049 0)
(-0.000720933 0.0148202 0)
(-0.00102535 -0.00882568 0)
(0.00396251 -0.0160241 0)
(-0.000339736 -0.00193757 0)
(0.000232298 -0.0126667 0)
(-0.00250013 -0.00860257 0)
(0.00475705 -0.0649286 0)
(-0.000768876 0.0511438 0)
(0.00337664 0.0291559 0)
(0.00110517 0.0120549 0)
(0.00332723 0.00545746 0)
(-0.00296699 0.0044869 0)
(-0.001089 0.000461275 0)
(-0.00149728 0.00421868 0)
(0.00318172 0.0103024 0)
(0.00290381 0.0135221 0)
(0.000901894 0.0142112 0)
(0.00081342 0.0101098 0)
(-0.000713574 0.0010621 0)
(-0.00539337 -0.00731167 0)
(-0.00801384 0.00693466 0)
(0.00723841 -0.0137638 0)
(-0.00764796 -0.0108742 0)
(-0.00443032 -0.00363525 0)
(0.00167433 -0.0287194 0)
(-0.00654295 -0.0335396 0)
(0.00401525 -0.0712572 0)
(0.00194226 0.0487114 0)
(0.00164406 0.027068 0)
(0.00341488 0.00252874 0)
(-0.00272768 0.00209175 0)
(-0.00265337 0.00850795 0)
(-0.00195046 0.000167653 0)
(-0.00627017 -0.0022318 0)
(-0.00465365 0.00724266 0)
(0.000532942 0.0108406 0)
(0.00144275 0.0170949 0)
(0.00380097 0.00642353 0)
(-0.00186669 0.000476671 0)
(0.00394079 -0.0095601 0)
(-0.0111847 -0.000249459 0)
(0.0144417 -0.0117886 0)
(-0.00272672 -0.00890613 0)
(0.00207781 -0.0107479 0)
(0.00881046 -0.0124141 0)
(-0.00434739 -0.0127809 0)
(0.00543598 -0.0627202 0)
(-0.000270229 0.0481137 0)
(0.00461381 0.0288915 0)
(0.00253579 0.0178502 0)
(0.00484615 0.012384 0)
(-0.000390439 0.00505518 0)
(0.00208216 0.00244184 0)
(0.000287477 0.00802465 0)
(0.000124248 0.00423381 0)
(0.000161007 0.00748105 0)
(0.00318284 0.0101452 0)
(0.00727369 0.0101915 0)
(0.00273361 0.00117176 0)
(0.00742324 -0.000437014 0)
(-0.000146511 -0.00320796 0)
(0.0120251 -0.016555 0)
(0.00423248 0.00149704 0)
(0.0117617 -0.010069 0)
(0.0132163 -0.0213993 0)
(-0.000879382 -0.0231219 0)
(0.00775217 -0.0678364 0)
(0.000743592 0.0441362 0)
(0.00253496 0.0227622 0)
(0.00301316 0.00249466 0)
(0.00217709 0.00235887 0)
(0.0119539 0.010915 0)
(0.00436421 0.00147907 0)
(0.0148477 -0.00243999 0)
(0.00556789 0.00702641 0)
(0.0148157 0.00545832 0)
(0.0172138 0.0103125 0)
(0.0158092 0.00933242 0)
(0.0228385 0.000652955 0)
(0.0160552 -0.00561552 0)
(0.0236545 -0.0087362 0)
(0.0213964 -0.0164245 0)
(0.0202735 -0.0148712 0)
(0.0136703 -0.018305 0)
(0.00280169 -0.00441215 0)
(-0.0109907 -0.0103244 0)
(0.00853843 -0.0651905 0)
(-8.03762e-05 0.0443214 0)
(0.00650046 0.0251541 0)
(0.00391198 0.0201088 0)
(0.00709377 0.00361337 0)
(-0.00332441 0.00458339 0)
(0.0175365 -0.00143589 0)
(0.000688154 0.00592399 0)
(0.0123253 0.00713732 0)
(0.01689 -0.00650017 0)
(0.0209152 0.0110839 0)
(0.0276422 0.00479089 0)
(0.0232934 0.00374621 0)
(0.0282434 2.94073e-05 0)
(0.0185136 -0.00872181 0)
(0.0106387 -0.003729 0)
(0.0118559 0.00726864 0)
(-0.0194192 0.0126671 0)
(0.00966527 -0.0022551 0)
(-0.00743297 -0.0213637 0)
(0.00950774 -0.0678788 0)
(4.56643e-05 0.0382697 0)
(0.00521446 0.0195972 0)
(0.000894609 0.00241301 0)
(0.0100445 0.00680097 0)
(0.000627019 0.00172717 0)
(0.0106007 -0.00139925 0)
(0.0036285 2.44322e-07 0)
(0.0190947 -0.00541731 0)
(0.0226258 -0.00837487 0)
(0.0177071 0.000711364 0)
(0.0317068 0.0063226 0)
(0.011996 -0.00424893 0)
(0.0305862 0.00301116 0)
(-0.000408384 0.000660014 0)
(0.0079413 -0.0100937 0)
(-0.00842337 0.00778169 0)
(0.0071217 -0.0124835 0)
(0.0196975 -0.0204241 0)
(-0.00538665 -0.0152881 0)
(0.0102877 -0.0649601 0)
(0.00240622 0.0375928 0)
(0.0111655 0.0221598 0)
(0.0128413 0.015974 0)
(0.00852879 0.00621903 0)
(0.0171392 0.00175421 0)
(0.0100679 -0.00322578 0)
(0.0243439 -0.00566739 0)
(0.011674 -0.0113794 0)
(0.0277041 -0.00295519 0)
(0.00177971 0.00340081 0)
(0.0344916 0.0110815 0)
(0.00991831 0.00840665 0)
(0.0322789 0.0082908 0)
(0.0185275 0.0169234 0)
(0.032779 0.00614543 0)
(0.012041 0.0131227 0)
(0.0275112 -0.0120557 0)
(0.00553975 0.0111095 0)
(-0.00158648 -0.00153519 0)
(0.0149488 -0.0635622 0)
(0.0031756 0.0263033 0)
(0.0143365 0.0147656 0)
(0.0144982 0.00446442 0)
(0.0211978 0.00243422 0)
(0.0139839 -0.00110542 0)
(0.0129626 -0.00355933 0)
(0.00276059 -0.00384362 0)
(-0.00747226 -0.00369078 0)
(-0.0181089 -0.00383478 0)
(-0.0190836 -0.00393739 0)
(-0.0167683 -0.00374049 0)
(-0.0126605 -0.00623796 0)
(-0.01812 -0.0047349 0)
(-0.00378427 0.00408194 0)
(-0.00681732 -0.0062065 0)
(-0.000329054 0.00691632 0)
(0.0067571 -0.00500133 0)
(-0.0136929 0.00156981 0)
(0.0232224 -0.0340563 0)
(0.0142834 -0.0590863 0)
(0.0083402 0.0194424 0)
(0.0320064 0.0119627 0)
(0.0352709 0.0114775 0)
(0.0471613 0.00724499 0)
(0.0463748 0.00839097 0)
(0.0542155 0.00722763 0)
(0.0524594 0.00973713 0)
(0.0585852 0.00939454 0)
(0.0573454 0.00911907 0)
(0.0631472 0.00691958 0)
(0.0612925 0.00616037 0)
(0.0643106 0.0055918 0)
(0.0638776 0.00608557 0)
(0.0637595 0.00164152 0)
(0.0647639 0.0041883 0)
(0.0666878 0.000788623 0)
(0.0647599 0.00259175 0)
(0.0671087 -0.0018611 0)
(0.0563242 -0.00778389 0)
(0.0374258 -0.010493 0)
)
;

boundaryField
{
    movingWall
    {
        type            fixedValue;
        value           uniform (1 0 0);
    }
    fixedWalls
    {
        type            noSlip;
    }
    frontAndBack
    {
        type            empty;
    }
}


// ************************************************************************* //
