/*--------------------------------*- C++ -*----------------------------------*\
| =========                 |                                                 |
| \\      /  F ield         | OpenFOAM: The Open Source CFD Toolbox           |
|  \\    /   O peration     | Version:  5.x                                   |
|   \\  /    A nd           | Web:      www.OpenFOAM.org                      |
|    \\/     M anipulation  |                                                 |
\*---------------------------------------------------------------------------*/
FoamFile
{
    version     2.0;
    format      ascii;
    class       volScalarField;
    location    "14.9";
    object      p;
}
// * * * * * * * * * * * * * * * * * * * * * * * * * * * * * * * * * * * * * //

dimensions      [0 2 -2 0 0 0 0];

internalField   nonuniform List<scalar> 
400
(
-3.11855e-11
-0.000486639
-0.000826178
-0.00104107
-0.00114335
-0.00119052
-0.00121554
-0.00122266
-0.00122992
-0.0012282
-0.00123461
-0.00123541
-0.00123829
-0.00124299
-0.00122608
-0.00118553
-0.0010361
-0.000749183
-0.000533817
0.000721666
-0.000531777
-0.000853464
-0.00105227
-0.00115963
-0.00119574
-0.00120723
-0.00121899
-0.00122403
-0.00122485
-0.00124029
-0.00123105
-0.00125592
-0.00125252
-0.00125155
-0.00125705
-0.00122438
-0.00128355
-0.00113022
-0.00115168
-0.000244799
-0.000842524
-0.0010723
-0.00114928
-0.00119855
-0.00121347
-0.00122056
-0.00122912
-0.00123352
-0.00123964
-0.00123988
-0.0012435
-0.00125035
-0.00126358
-0.0012551
-0.00127042
-0.00123127
-0.00127611
-0.00119477
-0.00117628
-0.000805828
-0.00102233
-0.00116242
-0.00117303
-0.00120177
-0.00121555
-0.00122197
-0.00123202
-0.00123922
-0.00124495
-0.00124967
-0.00125251
-0.00125703
-0.00127214
-0.00125675
-0.00128086
-0.00123884
-0.00129164
-0.00121394
-0.00134303
-0.00111429
-0.00113097
-0.00119705
-0.00121119
-0.00121937
-0.00122624
-0.0012339
-0.00124104
-0.00124763
-0.00125528
-0.00125619
-0.00126777
-0.00126519
-0.00127875
-0.00126778
-0.0012827
-0.00124589
-0.00128915
-0.00124039
-0.00126467
-0.00117873
-0.00119417
-0.00124466
-0.00123558
-0.00123633
-0.00123838
-0.00124445
-0.0012518
-0.00125872
-0.00126736
-0.00126709
-0.00127857
-0.00126726
-0.00128574
-0.00126875
-0.00128879
-0.00125043
-0.00129046
-0.00123822
-0.00128829
-0.00121665
-0.00123724
-0.00126524
-0.0012492
-0.00124557
-0.00124389
-0.00125177
-0.00126028
-0.00126857
-0.00128255
-0.00128043
-0.00132772
-0.00128907
-0.0012979
-0.00128589
-0.00129567
-0.00127901
-0.00128272
-0.00124525
-0.00126809
-0.00122697
-0.0012611
-0.00126328
-0.00126682
-0.00125268
-0.00125897
-0.00126681
-0.00127949
-0.00129109
-0.00130158
-0.00130951
-0.00133532
-0.00131441
-0.00130339
-0.00128757
-0.00128489
-0.00127775
-0.00130078
-0.00126521
-0.00126607
-0.00128987
-0.0012515
-0.0012869
-0.00126083
-0.00126715
-0.00126501
-0.00128081
-0.0012949
-0.00130872
-0.00132813
-0.00137388
-0.00142086
-0.00135577
-0.00132848
-0.00132741
-0.00133705
-0.00133133
-0.00134364
-0.0013229
-0.00132167
-0.00135451
-0.00125251
-0.00124323
-0.00125464
-0.00126389
-0.00128258
-0.00130249
-0.00133383
-0.00136169
-0.00137737
-0.00141288
-0.00141724
-0.00139045
-0.00133695
-0.00129627
-0.00131561
-0.00130739
-0.00133851
-0.00134036
-0.00137198
-0.00135637
-0.00124528
-0.00126059
-0.00126374
-0.00129216
-0.00131067
-0.00132919
-0.00140351
-0.00146623
-0.00151586
-0.00147949
-0.00142417
-0.00136788
-0.00135095
-0.00132217
-0.00137382
-0.00136191
-0.00135677
-0.0013513
-0.00132721
-0.00129421
-0.00124971
-0.00127818
-0.00127459
-0.00128957
-0.00131565
-0.00135807
-0.00149217
-0.00161137
-0.00170676
-0.00162009
-0.00148863
-0.00130823
-0.00127774
-0.0012734
-0.0012898
-0.00129055
-0.00128964
-0.00126682
-0.00124026
-0.00125952
-0.00126296
-0.0012748
-0.00128124
-0.00130032
-0.00134404
-0.0013958
-0.00160695
-0.00178415
-0.00192064
-0.00176272
-0.00158554
-0.00141351
-0.00141209
-0.00135007
-0.00136418
-0.00132555
-0.00126963
-0.00127421
-0.00128911
-0.0012723
-0.00122644
-0.0012466
-0.00125214
-0.00125395
-0.0013031
-0.00138469
-0.0016127
-0.00178775
-0.00190061
-0.00179689
-0.00161852
-0.0014415
-0.00119767
-0.00130606
-0.00126726
-0.00134624
-0.00133963
-0.00123899
-0.00131396
-0.00126681
-0.00117951
-0.00121022
-0.00121941
-0.00122952
-0.00125665
-0.00133079
-0.00152396
-0.00168603
-0.00183683
-0.00177264
-0.00160282
-0.00143838
-0.00118904
-0.00129508
-0.0013239
-0.00134425
-0.00152382
-0.00139038
-0.00145188
-0.00123755
-0.0011141
-0.00115097
-0.00116786
-0.00116621
-0.0011941
-0.00123748
-0.0013685
-0.00151639
-0.00162007
-0.00163146
-0.00158597
-0.00144197
-0.0013957
-0.00146364
-0.00127399
-0.00119341
-0.00118554
-0.00112421
-0.00111565
-0.00107763
-0.00096379
-0.00105723
-0.0010789
-0.00110223
-0.0011383
-0.00115748
-0.00121699
-0.00135181
-0.00144588
-0.0015041
-0.00147404
-0.00120209
-0.00151675
-0.00153835
-0.00125081
-0.00130896
-0.00140151
-0.00128829
-0.00140389
-0.000945806
-0.000818531
-0.000932473
-0.00103375
-0.00104719
-0.00108777
-0.00112341
-0.00113786
-0.00124014
-0.00138872
-0.00166112
-0.00175005
-0.00162017
-0.00146594
-0.00126232
-0.00126386
-0.0013548
-0.00120927
-0.000949464
-0.00100615
-0.000604408
-0.000560014
-0.000800535
-0.000932618
-0.000995904
-0.00104267
-0.00105305
-0.00111676
-0.00107796
-0.00137039
-0.0018741
-0.00212969
-0.00163066
-0.00133675
-0.0011554
-0.00124807
-0.00133834
-0.00121231
-0.00146617
-0.00110451
-0.000523783
-0.000289374
-0.000575781
-0.00082716
-0.000947013
-0.00104499
-0.00115647
-0.0012701
-0.00138432
-0.00141318
-0.00141612
-0.00137354
-0.00129483
-0.00114388
-0.00119178
-0.00135129
-0.00144898
-0.00139136
-0.000908398
5.39401e-05
0.00196389
)
;

boundaryField
{
    movingWall
    {
        type            zeroGradient;
    }
    fixedWalls
    {
        type            zeroGradient;
    }
    frontAndBack
    {
        type            empty;
    }
}


// ************************************************************************* //
