/*--------------------------------*- C++ -*----------------------------------*\
| =========                 |                                                 |
| \\      /  F ield         | OpenFOAM: The Open Source CFD Toolbox           |
|  \\    /   O peration     | Version:  5.x                                   |
|   \\  /    A nd           | Web:      www.OpenFOAM.org                      |
|    \\/     M anipulation  |                                                 |
\*---------------------------------------------------------------------------*/
FoamFile
{
    version     2.0;
    format      ascii;
    class       volScalarField;
    location    "0.7";
    object      p;
}
// * * * * * * * * * * * * * * * * * * * * * * * * * * * * * * * * * * * * * //

dimensions      [0 2 -2 0 0 0 0];

internalField   nonuniform List<scalar> 
400
(
9.6481e-12
3.76517e-07
1.13155e-06
2.24749e-06
3.69979e-06
5.45633e-06
7.47801e-06
9.71946e-06
1.21298e-05
1.46535e-05
1.72312e-05
1.98007e-05
2.22985e-05
2.46607e-05
2.6825e-05
2.87324e-05
3.03288e-05
3.15679e-05
3.24126e-05
3.2836e-05
-3.80019e-07
4.72789e-09
7.76327e-07
1.91675e-06
3.40097e-06
5.19622e-06
7.26269e-06
9.55421e-06
1.2019e-05
1.46006e-05
1.72387e-05
1.98697e-05
2.24289e-05
2.48509e-05
2.70716e-05
2.90301e-05
3.06706e-05
3.19447e-05
3.28137e-05
3.32494e-05
-1.16023e-06
-7.58535e-07
4.71093e-08
1.23784e-06
2.78757e-06
4.66223e-06
6.82049e-06
9.21455e-06
1.17909e-05
1.44911e-05
1.72527e-05
2.00099e-05
2.26951e-05
2.52399e-05
2.75768e-05
2.9641e-05
3.13725e-05
3.27192e-05
3.36386e-05
3.40999e-05
-2.35705e-06
-1.92937e-06
-1.07155e-06
1.96239e-07
1.84623e-06
3.84228e-06
6.1408e-06
8.69147e-06
1.14381e-05
1.43195e-05
1.72701e-05
2.02205e-05
2.30993e-05
2.58332e-05
2.83496e-05
3.05776e-05
3.24509e-05
3.39109e-05
3.49095e-05
3.5411e-05
-3.9982e-06
-3.53491e-06
-2.60558e-06
-1.23235e-06
5.54653e-07
2.71641e-06
5.20612e-06
7.97014e-06
1.09488e-05
1.40771e-05
1.72855e-05
2.05004e-05
2.36448e-05
2.66396e-05
2.94047e-05
3.18609e-05
3.3933e-05
3.55527e-05
3.66634e-05
3.7222e-05
-6.12162e-06
-5.61222e-06
-4.59039e-06
-3.08098e-06
-1.11739e-06
1.2575e-06
3.99273e-06
7.03035e-06
1.03063e-05
1.37513e-05
1.7291e-05
2.08468e-05
2.43352e-05
2.76696e-05
3.07608e-05
3.35188e-05
3.58557e-05
3.76899e-05
3.89521e-05
3.95884e-05
-8.77667e-06
-8.20944e-06
-7.07177e-06
-5.39226e-06
-3.20872e-06
-5.69116e-07
2.47024e-06
5.8461e-06
9.4893e-06
1.33255e-05
1.72753e-05
2.12545e-05
2.51728e-05
2.89348e-05
3.24404e-05
3.55857e-05
3.82663e-05
4.03821e-05
4.18452e-05
4.25852e-05
-1.20256e-05
-1.13871e-05
-1.0107e-05
-8.21918e-06
-5.76729e-06
-2.80609e-06
6.01353e-07
4.38532e-06
8.47075e-06
1.27779e-05
1.72223e-05
2.17147e-05
2.61573e-05
3.04458e-05
3.44676e-05
3.8102e-05
4.1223e-05
4.37051e-05
4.54331e-05
4.63117e-05
-1.59456e-05
-1.522e-05
-1.37665e-05
-1.16262e-05
-8.85095e-06
-5.50439e-06
-1.65832e-06
2.60971e-06
7.21798e-06
1.20812e-05
1.71104e-05
2.22122e-05
2.7283e-05
3.22095e-05
3.68659e-05
4.1112e-05
4.47946e-05
4.77531e-05
4.98327e-05
5.0899e-05
-2.0632e-05
-1.97997e-05
-1.81356e-05
-1.56907e-05
-1.25281e-05
-8.72351e-06
-4.36008e-06
4.74987e-07
5.69251e-06
1.1202e-05
1.69109e-05
2.27244e-05
2.85354e-05
3.42246e-05
3.96533e-05
4.46604e-05
4.90589e-05
5.26415e-05
5.51937e-05
5.65214e-05
-2.62028e-05
-2.52382e-05
-2.33178e-05
-2.05046e-05
-1.68784e-05
-1.25313e-05
-7.56138e-06
-2.06813e-06
3.85089e-06
1.01006e-05
1.65871e-05
2.32176e-05
2.98868e-05
3.64748e-05
4.28349e-05
4.87846e-05
5.40987e-05
5.85077e-05
6.17077e-05
6.34157e-05
-3.28058e-05
-3.16732e-05
-2.94386e-05
-2.61771e-05
-2.19936e-05
-1.7003e-05
-1.13238e-05
-5.07139e-06
1.6468e-06
8.73235e-06
1.60934e-05
2.36451e-05
3.12913e-05
3.89209e-05
4.63899e-05
5.35022e-05
5.99907e-05
6.551e-05
6.96174e-05
7.19127e-05
-4.06269e-05
-3.92742e-05
-3.66522e-05
-3.28377e-05
-2.7978e-05
-2.2219e-05
-1.57085e-05
-8.58386e-06
-9.64226e-07
7.05068e-06
1.53766e-05
2.39446e-05
3.26783e-05
4.14901e-05
5.02561e-05
5.87865e-05
6.67843e-05
7.38184e-05
7.92232e-05
8.24926e-05
-4.99455e-05
-4.82613e-05
-4.51542e-05
-4.06415e-05
-3.49479e-05
-2.82597e-05
-2.07707e-05
-1.26465e-05
-4.01912e-06
5.01293e-06
1.43789e-05
2.40382e-05
3.39462e-05
4.40612e-05
5.43068e-05
6.45331e-05
7.44534e-05
8.35863e-05
9.08746e-05
9.58809e-05
-6.08788e-05
-5.8867e-05
-5.51866e-05
-4.97752e-05
-4.30289e-05
-3.5201e-05
-2.65516e-05
-1.72818e-05
-7.53726e-06
2.59017e-06
1.30575e-05
2.38352e-05
3.49583e-05
4.64497e-05
5.83176e-05
7.05083e-05
8.28183e-05
9.48866e-05
0.00010493
0.0001132
-7.52553e-05
-7.16483e-05
-6.71848e-05
-6.04774e-05
-5.23574e-05
-4.31003e-05
-3.30587e-05
-2.24744e-05
-1.15042e-05
-2.28023e-07
1.13384e-05
2.32337e-05
3.55453e-05
4.84005e-05
6.19378e-05
7.62743e-05
9.13985e-05
0.000107502
0.000121363
0.000136333
-8.74012e-05
-8.60148e-05
-8.12772e-05
-7.30056e-05
-6.30696e-05
-5.19828e-05
-4.02488e-05
-2.81518e-05
-1.58516e-05
-3.40037e-06
9.23196e-06
2.21472e-05
3.55097e-05
4.95542e-05
6.457e-05
8.09113e-05
9.87967e-05
0.000120237
0.000137389
0.000166799
-0.000119413
-0.000104516
-0.000100056
-8.7808e-05
-7.51967e-05
-6.16791e-05
-4.78828e-05
-3.40795e-05
-2.03848e-05
-6.78607e-06
6.83234e-06
2.0687e-05
3.48607e-05
4.99453e-05
6.65816e-05
8.59285e-05
0.000108305
0.000139476
0.000165186
0.000214305
-0.000132359
-0.000138219
-0.000122894
-0.000108496
-9.10351e-05
-7.3415e-05
-5.65888e-05
-4.05938e-05
-2.53101e-05
-1.05709e-05
3.81224e-06
1.80209e-05
3.24274e-05
4.71877e-05
6.23698e-05
7.94419e-05
9.39685e-05
0.000132467
0.000134428
0.000239368
-0.000231392
-0.00014467
-0.000137339
-0.00011874
-9.7933e-05
-7.89093e-05
-6.10327e-05
-4.4074e-05
-2.80259e-05
-1.27201e-05
2.07289e-06
1.66433e-05
3.12195e-05
4.67217e-05
6.3043e-05
8.60827e-05
0.000110139
0.000171308
0.000238051
0.000441113
)
;

boundaryField
{
    movingWall
    {
        type            zeroGradient;
    }
    fixedWalls
    {
        type            zeroGradient;
    }
    frontAndBack
    {
        type            empty;
    }
}


// ************************************************************************* //
