/*--------------------------------*- C++ -*----------------------------------*\
| =========                 |                                                 |
| \\      /  F ield         | OpenFOAM: The Open Source CFD Toolbox           |
|  \\    /   O peration     | Version:  5.x                                   |
|   \\  /    A nd           | Web:      www.OpenFOAM.org                      |
|    \\/     M anipulation  |                                                 |
\*---------------------------------------------------------------------------*/
FoamFile
{
    version     2.0;
    format      ascii;
    class       volVectorField;
    location    "0.7";
    object      U;
}
// * * * * * * * * * * * * * * * * * * * * * * * * * * * * * * * * * * * * * //

dimensions      [0 1 -1 0 0 0 0];

internalField   nonuniform List<vector> 
400
(
(-2.80219e-05 2.79096e-05 0)
(-8.37202e-05 2.75173e-05 0)
(-0.00013766 2.61419e-05 0)
(-0.000188161 2.41289e-05 0)
(-0.000234032 2.15394e-05 0)
(-0.000274187 1.84453e-05 0)
(-0.000307694 1.49259e-05 0)
(-0.000333785 1.1064e-05 0)
(-0.000351862 6.94369e-06 0)
(-0.000361493 2.64991e-06 0)
(-0.000362416 -1.7314e-06 0)
(-0.000354546 -6.11086e-06 0)
(-0.000337978 -1.03956e-05 0)
(-0.000312998 -1.44871e-05 0)
(-0.000280094 -1.8281e-05 0)
(-0.000239968 -2.16695e-05 0)
(-0.00019354 -2.45447e-05 0)
(-0.000141942 -2.68051e-05 0)
(-8.64697e-05 -2.83622e-05 0)
(-2.8967e-05 -2.8843e-05 0)
(-2.90227e-05 8.47932e-05 0)
(-8.67036e-05 8.35945e-05 0)
(-0.000142547 7.94059e-05 0)
(-0.000194808 7.32794e-05 0)
(-0.000242255 6.54038e-05 0)
(-0.000283771 5.60007e-05 0)
(-0.000318404 4.53124e-05 0)
(-0.000345373 3.3591e-05 0)
(-0.000364069 2.10907e-05 0)
(-0.000374058 8.06679e-06 0)
(-0.00037507 -5.22274e-06 0)
(-0.000367011 -1.85111e-05 0)
(-0.000349971 -3.15193e-05 0)
(-0.000324227 -4.39503e-05 0)
(-0.000290264 -5.54886e-05 0)
(-0.000248788 -6.58049e-05 0)
(-0.000200735 -7.45682e-05 0)
(-0.00014727 -8.14648e-05 0)
(-8.97391e-05 -8.62195e-05 0)
(-3.00665e-05 -8.76947e-05 0)
(-3.0446e-05 0.000144121 0)
(-9.09443e-05 0.000142063 0)
(-0.000149481 0.000134911 0)
(-0.000204217 0.000124463 0)
(-0.000253862 0.00011105 0)
(-0.000297262 9.506e-05 0)
(-0.000333446 7.69095e-05 0)
(-0.000361626 5.70274e-05 0)
(-0.000381194 3.58417e-05 0)
(-0.000391711 1.37773e-05 0)
(-0.0003929 -8.73946e-06 0)
(-0.000384656 -3.12689e-05 0)
(-0.000367045 -5.33484e-05 0)
(-0.000340321 -7.44819e-05 0)
(-0.000304945 -9.41361e-05 0)
(-0.000261611 -0.000111747 0)
(-0.000211265 -0.000126741 0)
(-0.000155111 -0.000138566 0)
(-9.4568e-05 -0.000146733 0)
(-3.1693e-05 -0.000149288 0)
(-3.2641e-05 0.000207013 0)
(-9.74802e-05 0.000204013 0)
(-0.000160157 0.000193665 0)
(-0.000218678 0.000178576 0)
(-0.000271669 0.000159249 0)
(-0.000317925 0.000136261 0)
(-0.00035645 0.000110226 0)
(-0.000386455 8.17593e-05 0)
(-0.000407334 5.14662e-05 0)
(-0.000418654 1.99365e-05 0)
(-0.000420129 -1.22447e-05 0)
(-0.000411633 -4.44758e-05 0)
(-0.000393195 -7.61196e-05 0)
(-0.000365025 -0.000106484 0)
(-0.000327538 -0.00013481 0)
(-0.0002814 -0.00016028 0)
(-0.000227559 -0.000182044 0)
(-0.000167274 -0.000199267 0)
(-0.000102072 -0.000211196 0)
(-3.4223e-05 -0.000214974 0)
(-3.56857e-05 0.000275119 0)
(-0.000106537 0.000271041 0)
(-0.000174924 0.000257136 0)
(-0.000238633 0.000236919 0)
(-0.000296176 0.000211109 0)
(-0.000346285 0.000180518 0)
(-0.000387948 0.000145983 0)
(-0.000420386 0.000108327 0)
(-0.000443017 6.83336e-05 0)
(-0.000455422 2.67478e-05 0)
(-0.000457313 -1.57035e-05 0)
(-0.000448531 -5.82787e-05 0)
(-0.000429053 -0.000100183 0)
(-0.000399011 -0.000140536 0)
(-0.000358742 -0.000178349 0)
(-0.000308845 -0.000212522 0)
(-0.000250251 -0.000241876 0)
(-0.000184275 -0.000265223 0)
(-0.000112591 -0.000281465 0)
(-3.77748e-05 -0.0002867 0)
(-3.96944e-05 0.000350233 0)
(-0.000118445 0.000344874 0)
(-0.000194287 0.000326888 0)
(-0.000264705 0.000300845 0)
(-0.00032807 0.000267757 0)
(-0.000383051 0.000228731 0)
(-0.000428641 0.000184879 0)
(-0.000464105 0.000137248 0)
(-0.000488914 8.68028e-05 0)
(-0.000502691 3.44265e-05 0)
(-0.000505156 -1.9044e-05 0)
(-0.000496112 -7.2765e-05 0)
(-0.000475453 -0.000125816 0)
(-0.000443191 -0.000177151 0)
(-0.000399524 -0.000225547 0)
(-0.000344927 -0.000269589 0)
(-0.000280261 -0.0003077 0)
(-0.000206879 -0.000338232 0)
(-0.000126635 -0.000359606 0)
(-4.25276e-05 -0.000366659 0)
(-4.4834e-05 0.000434425 0)
(-0.00013368 0.000427474 0)
(-0.000218962 0.000404654 0)
(-0.000297763 0.000371808 0)
(-0.000368289 0.000330356 0)
(-0.000429163 0.000281798 0)
(-0.000479432 0.00022758 0)
(-0.000518462 0.000169008 0)
(-0.000545839 0.000107219 0)
(-0.000561269 4.32034e-05 0)
(-0.000564505 -2.21434e-05 0)
(-0.000555303 -8.79393e-05 0)
(-0.00053344 -0.000153195 0)
(-0.000498743 -0.00021674 0)
(-0.00045118 -0.000277132 0)
(-0.000390999 -0.000332607 0)
(-0.000318895 -0.000381095 0)
(-0.000236201 -0.000420328 0)
(-0.000144963 -0.000448042 0)
(-4.87518e-05 -0.000457482 0)
(-5.13488e-05 0.00053016 0)
(-0.000152928 0.000521133 0)
(-0.000249961 0.000492396 0)
(-0.000339002 0.000451381 0)
(-0.000418081 0.000400094 0)
(-0.000485828 0.000340572 0)
(-0.000541432 0.000274683 0)
(-0.000584466 0.000204023 0)
(-0.000614719 0.000129888 0)
(-0.000632054 5.3319e-05 0)
(-0.000636299 -2.4809e-05 0)
(-0.000627164 -0.000103677 0)
(-0.000604254 -0.000182325 0)
(-0.000567129 -0.000259539 0)
(-0.000515391 -0.000333695 0)
(-0.00044889 -0.000402656 0)
(-0.000367983 -0.000463747 0)
(-0.000273854 -0.000513857 0)
(-0.000168707 -0.00054971 0)
(-5.68585e-05 -0.000562444 0)
(-5.96043e-05 0.000640478 0)
(-0.000177196 0.000628603 0)
(-0.000288724 0.000592363 0)
(-0.000390065 0.000541247 0)
(-0.000479099 0.000478131 0)
(-0.000554575 0.000405789 0)
(-0.000615981 0.00032663 0)
(-0.000663258 0.000242569 0)
(-0.000696544 0.000155027 0)
(-0.000715967 6.50072e-05 0)
(-0.000721501 -2.67587e-05 0)
(-0.00071282 -0.000119665 0)
(-0.000689302 -0.000212945 0)
(-0.000650112 -0.000305478 0)
(-0.000594298 -0.000395551 0)
(-0.000521052 -0.000480666 0)
(-0.000430098 -0.000557417 0)
(-0.0003222 -0.00062155 0)
(-0.000199594 -0.000668264 0)
(-6.74944e-05 -0.000685814 0)
(-7.01684e-05 0.000769287 0)
(-0.000207995 0.000753272 0)
(-0.000337327 0.000707162 0)
(-0.000453235 0.000643181 0)
(-0.00055354 0.00056551 0)
(-0.00063733 0.000477948 0)
(-0.000704654 0.000383582 0)
(-0.000756071 0.00028467 0)
(-0.000792282 0.000182687 0)
(-0.00081384 7.8462e-05 0)
(-0.000820972 -2.76024e-05 0)
(-0.000813352 -0.000135324 0)
(-0.000790068 -0.000244378 0)
(-0.000749736 -0.000353981 0)
(-0.000690581 -0.000462518 0)
(-0.000610757 -0.000567207 0)
(-0.000508869 -0.000663818 0)
(-0.000384748 -0.000746575 0)
(-0.000240338 -0.000808365 0)
(-8.17261e-05 -0.000833413 0)
(-8.39684e-05 0.000921839 0)
(-0.000247675 0.000899408 0)
(-0.000398823 0.000839826 0)
(-0.000531718 0.000758959 0)
(-0.000644333 0.000662984 0)
(-0.000736505 0.000557093 0)
(-0.000809262 0.000445205 0)
(-0.000864155 0.000329917 0)
(-0.000902754 0.000212631 0)
(-0.000926258 9.37798e-05 0)
(-0.000935288 -2.68338e-05 0)
(-0.000929597 -0.000149734 0)
(-0.000907961 -0.000275371 0)
(-0.000868254 -0.00040368 0)
(-0.000807525 -0.000533536 0)
(-0.000722354 -0.000662111 0)
(-0.000609469 -0.000784338 0)
(-0.00046681 -0.000892538 0)
(-0.000295379 -0.00097604 0)
(-0.000101425 -0.00101362 0)
(-0.000102614 0.00110551 0)
(-0.000300024 0.00107247 0)
(-0.000477779 0.000993854 0)
(-0.000630077 0.000890169 0)
(-0.000755408 0.000770704 0)
(-0.000855113 0.000642457 0)
(-0.000931833 0.000510361 0)
(-0.000988648 0.000377255 0)
(-0.00102842 0.000244188 0)
(-0.00105331 0.00011088 0)
(-0.00106449 -2.38301e-05 0)
(-0.00106189 -0.000161541 0)
(-0.00104402 -0.000303908 0)
(-0.0010079 -0.000452105 0)
(-0.000949013 -0.000606123 0)
(-0.000861562 -0.000763779 0)
(-0.0007393 -0.000919445 0)
(-0.00057654 -0.00106328 0)
(-0.000372299 -0.00117907 0)
(-0.000130104 -0.00123924 0)
(-0.000129029 0.00133187 0)
(-0.000371346 0.00127955 0)
(-0.00058111 0.00117318 0)
(-0.000754871 0.00103781 0)
(-0.000892049 0.000887644 0)
(-0.000996854 0.000731983 0)
(-0.00107447 0.000576805 0)
(-0.00113033 0.00042476 0)
(-0.00116913 0.000276094 0)
(-0.00119428 0.000129392 0)
(-0.00120771 -1.78761e-05 0)
(-0.00120968 -0.000168855 0)
(-0.00119853 -0.000326938 0)
(-0.00117047 -0.00049523 0)
(-0.0011192 -0.000675733 0)
(-0.00103568 -0.000868084 0)
(-0.000908972 -0.00106744 0)
(-0.000726573 -0.00126221 0)
(-0.00048461 -0.00142716 0)
(-0.000174792 -0.00153097 0)
(-0.00016941 0.00161405 0)
(-0.00047321 0.00152878 0)
(-0.000719475 0.00138169 0)
(-0.000915629 0.00120137 0)
(-0.00106124 0.00101076 0)
(-0.00116596 0.000821744 0)
(-0.00123906 0.000640664 0)
(-0.00128936 0.000469226 0)
(-0.00132379 0.00030621 0)
(-0.00134728 0.000148503 0)
(-0.00136274 -8.24414e-06 0)
(-0.00137096 -0.000169216 0)
(-0.0013704 -0.000340122 0)
(-0.0013567 -0.000526852 0)
(-0.00132187 -0.000734704 0)
(-0.00125327 -0.000966944 0)
(-0.00113341 -0.00122203 0)
(-0.000936511 -0.0014905 0)
(-0.000657352 -0.00173129 0)
(-0.000250338 -0.00192422 0)
(-0.000231588 0.00201025 0)
(-0.000621343 0.00183483 0)
(-0.000908379 0.00162388 0)
(-0.00112584 0.00137744 0)
(-0.00127169 0.00113391 0)
(-0.00136697 0.000904834 0)
(-0.001427 0.000695618 0)
(-0.00146479 0.000505653 0)
(-0.00148986 0.000331187 0)
(-0.00150874 0.000166709 0)
(-0.00152544 5.54666e-06 0)
(-0.00154156 -0.000159715 0)
(-0.00155617 -0.000337775 0)
(-0.00156506 -0.000538133 0)
(-0.0015593 -0.000770952 0)
(-0.00152301 -0.00104591 0)
(-0.00143243 -0.00136865 0)
(-0.0012364 -0.00174144 0)
(-0.000938181 -0.00209683 0)
(-0.0003892 -0.00248685 0)
(-0.000367068 0.00236546 0)
(-0.000882454 0.00217979 0)
(-0.0011762 0.00189167 0)
(-0.00140573 0.00155621 0)
(-0.00153387 0.00124538 0)
(-0.00160428 0.000969968 0)
(-0.00163826 0.000732235 0)
(-0.00165381 0.000526953 0)
(-0.00166275 0.000346426 0)
(-0.00167293 0.00018183 0)
(-0.00168917 2.39741e-05 0)
(-0.00171429 -0.000137263 0)
(-0.00174883 -0.000313032 0)
(-0.0017899 -0.000517049 0)
(-0.00182967 -0.000765834 0)
(-0.00185102 -0.00107872 0)
(-0.00182859 -0.0014748 0)
(-0.00166654 -0.0019932 0)
(-0.00142425 -0.00249062 0)
(-0.00067169 -0.00330639 0)
(-0.000443795 0.00361479 0)
(-0.00112828 0.00265482 0)
(-0.00153214 0.00223149 0)
(-0.00177309 0.00172425 0)
(-0.00185804 0.00132361 0)
(-0.00188016 0.000997403 0)
(-0.00187002 0.000735449 0)
(-0.00185061 0.000522803 0)
(-0.00183499 0.000345247 0)
(-0.00183119 0.000189877 0)
(-0.00184453 4.47989e-05 0)
(-0.00187857 -0.000101235 0)
(-0.00193595 -0.000261206 0)
(-0.00201785 -0.000454243 0)
(-0.00212088 -0.000706537 0)
(-0.00223174 -0.00105962 0)
(-0.00234437 -0.00155846 0)
(-0.0022559 -0.00233353 0)
(-0.00225064 -0.00310274 0)
(-0.00123844 -0.00484442 0)
(-0.00107211 0.00333905 0)
(-0.00224242 0.00323007 0)
(-0.00206339 0.00247625 0)
(-0.00230453 0.00186611 0)
(-0.0022573 0.00136429 0)
(-0.00219166 0.000984404 0)
(-0.0021128 0.000704287 0)
(-0.00204412 0.000493597 0)
(-0.00199572 0.000329214 0)
(-0.00197327 0.000193897 0)
(-0.00197995 7.39943e-05 0)
(-0.00201968 -4.2357e-05 0)
(-0.00210084 -0.000166985 0)
(-0.0022337 -0.000314745 0)
(-0.00243279 -0.000503738 0)
(-0.00269976 -0.00077745 0)
(-0.00309061 -0.00113871 0)
(-0.0031929 -0.00201697 0)
(-0.00375183 -0.00252314 0)
(-0.00198296 -0.00642311 0)
(-0.00432239 0.00825688 0)
(-0.00363423 0.0028942 0)
(-0.00375005 0.00254999 0)
(-0.00338666 0.00165376 0)
(-0.00300146 0.0011023 0)
(-0.00267505 0.000765949 0)
(-0.00241541 0.00053616 0)
(-0.00222527 0.000372088 0)
(-0.00209426 0.000250824 0)
(-0.00201447 0.000156161 0)
(-0.0019813 7.65237e-05 0)
(-0.00199292 1.43763e-06 0)
(-0.00205055 -7.98765e-05 0)
(-0.0021514 -0.000186425 0)
(-0.00230793 -0.000343765 0)
(-0.00243488 -0.000677432 0)
(-0.00288214 -0.00120984 0)
(-0.00218396 -0.00275655 0)
(-0.00379593 -0.00478353 0)
(0.00014818 -0.0127245 0)
(0.0102962 0.0091184 0)
(0.00960987 0.00336349 0)
(0.0142174 0.00201735 0)
(0.0157318 0.00121626 0)
(0.0167445 0.000711302 0)
(0.0175012 0.000441341 0)
(0.0180089 0.000289624 0)
(0.0183537 0.000195576 0)
(0.0185912 0.000133516 0)
(0.0187495 9.01027e-05 0)
(0.0188448 5.74929e-05 0)
(0.0188863 3.08323e-05 0)
(0.0188665 6.54275e-06 0)
(0.0188103 -2.83059e-05 0)
(0.018544 -6.52418e-05 0)
(0.018509 -0.000233233 0)
(0.0169389 -0.000366398 0)
(0.0179597 -0.00127426 0)
(0.0105434 -0.00192823 0)
(0.0135238 -0.0075028 0)
)
;

boundaryField
{
    movingWall
    {
        type            fixedValue;
        value           uniform (1 0 0);
    }
    fixedWalls
    {
        type            noSlip;
    }
    frontAndBack
    {
        type            empty;
    }
}


// ************************************************************************* //
