/*--------------------------------*- C++ -*----------------------------------*\
| =========                 |                                                 |
| \\      /  F ield         | OpenFOAM: The Open Source CFD Toolbox           |
|  \\    /   O peration     | Version:  5.x                                   |
|   \\  /    A nd           | Web:      www.OpenFOAM.org                      |
|    \\/     M anipulation  |                                                 |
\*---------------------------------------------------------------------------*/
FoamFile
{
    version     2.0;
    format      ascii;
    class       surfaceScalarField;
    location    "19.8";
    object      phi;
}
// * * * * * * * * * * * * * * * * * * * * * * * * * * * * * * * * * * * * * //

dimensions      [0 3 -1 0 0 0 0];

internalField   nonuniform List<scalar> 
760
(
-1.35166e-06
1.35166e-06
-2.29288e-06
9.41226e-07
-2.7146e-06
4.21717e-07
-2.96625e-06
2.51645e-07
-3.06086e-06
9.46124e-08
-3.13648e-06
7.56184e-08
-3.1467e-06
1.02222e-08
-3.1746e-06
2.78974e-08
-3.15149e-06
-2.31065e-08
-3.15677e-06
5.28204e-09
-3.12761e-06
-2.91642e-08
-3.12303e-06
-4.5724e-09
-3.08543e-06
-3.76056e-08
-3.05636e-06
-2.90682e-08
-2.998e-06
-5.83651e-08
-2.89679e-06
-1.01202e-07
-2.7618e-06
-1.34992e-07
-2.33271e-06
-4.2909e-07
-1.63657e-06
-6.96138e-07
-1.63657e-06
-7.79257e-07
2.13091e-06
-1.18778e-06
1.34975e-06
-1.38106e-06
6.14998e-07
-1.457e-06
3.27582e-07
-1.51556e-06
1.53176e-07
-1.52033e-06
8.03861e-08
-1.53816e-06
2.80543e-08
-1.51651e-06
6.24849e-09
-1.5223e-06
-1.73197e-08
-1.53213e-06
1.51125e-08
-1.54122e-06
-2.00755e-08
-1.54124e-06
-4.55474e-09
-1.52127e-06
-5.75677e-08
-1.49904e-06
-5.13031e-08
-1.50855e-06
-4.88504e-08
-1.44754e-06
-1.62212e-07
-1.38258e-06
-1.99953e-07
-1.33039e-06
-4.81288e-07
-1.00106e-06
-1.02546e-06
-2.63763e-06
-3.90332e-07
2.52125e-06
-5.86221e-07
1.54564e-06
-6.33753e-07
6.6253e-07
-7.01258e-07
3.95088e-07
-7.30278e-07
1.82196e-07
-7.74555e-07
1.24663e-07
-7.96384e-07
4.98832e-08
-8.02531e-07
1.23953e-08
-8.3128e-07
1.14298e-08
-8.46283e-07
3.01156e-08
-9.0803e-07
4.16714e-08
-9.09267e-07
-3.3175e-09
-9.17435e-07
-4.94004e-08
-8.08864e-07
-1.59874e-07
-7.15264e-07
-1.4245e-07
-6.21157e-07
-2.56319e-07
-2.50675e-07
-5.70435e-07
-1.47883e-07
-5.8408e-07
-3.91508e-07
-7.81839e-07
-3.02914e-06
-1.88414e-07
2.70966e-06
-2.85937e-07
1.64316e-06
-2.6592e-07
6.42513e-07
-2.85592e-07
4.14759e-07
-3.07725e-07
2.04329e-07
-3.35078e-07
1.52016e-07
-3.81686e-07
9.64918e-08
-4.10446e-07
4.11547e-08
-4.19396e-07
2.03802e-08
-4.32782e-07
4.35014e-08
-4.79094e-07
8.7984e-08
-5.00033e-07
1.76212e-08
-4.84156e-07
-6.52777e-08
-5.13872e-07
-1.30158e-07
-5.11159e-07
-1.45163e-07
-5.93782e-07
-1.73697e-07
-5.51181e-07
-6.13035e-07
-2.9136e-07
-8.43901e-07
-1.87615e-07
-8.85585e-07
-3.21676e-06
-9.48704e-08
2.80453e-06
-9.87493e-08
1.64704e-06
-1.00679e-07
6.44443e-07
-6.83167e-08
3.82397e-07
-4.89201e-08
1.84933e-07
-6.5964e-08
1.6906e-07
-1.06076e-07
1.36603e-07
-1.57354e-07
9.24328e-08
-2.41455e-07
1.04482e-07
-2.4364e-07
4.56865e-08
-1.83433e-07
2.77764e-08
-1.20841e-07
-4.49704e-08
-2.99314e-08
-1.56188e-07
-6.65515e-08
-9.35376e-08
9.88994e-08
-3.10614e-07
4.46805e-08
-1.19478e-07
-1.19524e-07
-4.48831e-07
-4.38387e-08
-9.19587e-07
-5.87717e-08
-8.70652e-07
-3.27553e-06
-3.61656e-08
2.8407e-06
-6.97793e-08
1.68065e-06
4.31484e-09
5.70349e-07
7.42388e-08
3.12473e-07
2.09803e-08
2.38191e-07
5.38068e-09
1.84659e-07
-3.19168e-08
1.73901e-07
-8.89425e-08
1.49459e-07
-1.06771e-07
1.2231e-07
-1.90124e-07
1.29039e-07
-3.16291e-07
1.53944e-07
-3.00449e-07
-6.08128e-08
-1.5983e-07
-2.96807e-07
-2.37892e-07
-1.54751e-08
2.74392e-08
-5.75945e-07
1.33308e-07
-2.25347e-07
-2.24059e-07
-9.1464e-08
-1.43625e-07
-1.00002e-06
-1.61425e-08
-9.98135e-07
-3.29167e-06
-2.24164e-08
2.86311e-06
8.54963e-09
1.64969e-06
1.89895e-08
5.59909e-07
3.20353e-08
2.99427e-07
3.82465e-08
2.3198e-07
6.65857e-08
1.5632e-07
1.06724e-07
1.33763e-07
1.00627e-07
1.55555e-07
8.87592e-08
1.34178e-07
4.21971e-08
1.75601e-07
-2.45027e-08
2.20644e-07
-1.03052e-07
1.77365e-08
-2.16101e-07
-1.83758e-07
-2.13679e-07
-1.78966e-08
-1.04899e-07
-6.84725e-07
-1.74066e-07
-1.5618e-07
-2.96663e-07
3.11328e-08
-1.47708e-07
-1.14898e-06
-4.62847e-08
-1.09956e-06
-3.33795e-06
-1.26293e-08
2.87574e-06
-2.86834e-08
1.66574e-06
-3.77435e-09
5.35e-07
5.26307e-08
2.43022e-07
3.87035e-08
2.45907e-07
2.93744e-09
1.92086e-07
-6.64003e-08
2.031e-07
-1.69333e-07
2.58488e-07
-2.83419e-07
2.48265e-07
-2.91548e-07
1.8373e-07
-1.39692e-07
6.87875e-08
-8.93015e-08
-3.26539e-08
-2.35219e-07
-3.78406e-08
-2.86141e-07
3.30254e-08
-1.657e-07
-8.05166e-07
-1.09546e-07
-2.12333e-07
-3.11134e-08
-4.73001e-08
-1.63949e-08
-1.16369e-06
-8.05631e-08
-1.03539e-06
-3.41852e-06
6.07367e-09
2.86967e-06
3.93501e-08
1.63247e-06
3.12517e-08
5.43099e-07
-6.16966e-09
2.80443e-07
2.55195e-09
2.37186e-07
6.26557e-08
1.31982e-07
4.48822e-08
2.20874e-07
6.37867e-09
2.96991e-07
1.68584e-07
8.60594e-08
3.03892e-07
4.84226e-08
2.88967e-07
8.37116e-08
1.24079e-07
1.32234e-07
1.76162e-08
6.86223e-08
-1.10197e-07
1.60839e-07
-2.731e-07
-6.42264e-07
-1.66503e-07
-3.18929e-07
5.86244e-08
-2.72428e-07
7.96608e-08
-1.18473e-06
2.61393e-08
-9.81868e-07
-3.39238e-06
-3.04782e-08
2.90015e-06
-8.77152e-08
1.6897e-06
-8.15922e-08
5.36976e-07
-6.52743e-08
2.64125e-07
-1.79349e-08
1.89846e-07
5.01522e-08
6.3895e-08
1.13911e-07
1.57115e-07
1.50382e-07
2.6052e-07
2.68058e-07
-3.16162e-08
2.58147e-07
5.83337e-08
6.70224e-08
2.74836e-07
-1.06799e-07
3.06055e-07
-1.47485e-07
1.09309e-07
-2.28077e-07
2.4143e-07
-6.32384e-07
-2.37956e-07
-4.13342e-07
-5.37972e-07
-6.23699e-08
-6.234e-07
-1.83314e-07
-1.06379e-06
-1.02729e-08
-1.15491e-06
-3.40265e-06
-6.86187e-09
2.90701e-06
3.07542e-08
1.65209e-06
-2.90443e-08
5.96774e-07
-3.36659e-08
2.68747e-07
6.03911e-09
1.50141e-07
4.59033e-08
2.40308e-08
2.29123e-07
-2.61046e-08
3.23714e-07
1.65929e-07
2.37887e-07
5.42111e-08
9.74944e-08
1.98726e-07
2.41981e-09
3.6991e-07
1.71366e-07
1.37109e-07
3.21268e-07
-4.05926e-08
5.35526e-08
5.09146e-07
-4.67848e-08
-1.37619e-07
-6.63306e-08
-5.18426e-07
-2.48478e-07
-4.41252e-07
-3.24187e-07
-9.88078e-07
-5.37387e-08
-1.42536e-06
-3.45639e-06
-8.0384e-09
2.91505e-06
-8.19902e-08
1.72604e-06
7.89057e-08
4.35878e-07
1.46088e-07
2.01564e-07
2.61e-08
2.7013e-07
-3.11666e-08
8.12974e-08
1.03359e-07
-1.6063e-07
2.67249e-07
2.03959e-09
1.91403e-07
1.30057e-07
1.19192e-07
2.70937e-07
1.29534e-07
3.59568e-07
1.56627e-07
1.10016e-07
2.08019e-07
-9.19847e-08
1.64101e-07
5.53063e-07
-1.14047e-08
3.78871e-08
-4.23227e-08
-4.87508e-07
2.36313e-07
-7.19888e-07
1.17741e-07
-8.69505e-07
-6.56859e-08
-1.24193e-06
-3.52208e-06
-4.04576e-08
2.9555e-06
-2.29735e-08
1.70855e-06
-9.56042e-08
5.08509e-07
-2.00135e-07
3.06095e-07
-1.48707e-07
2.18702e-07
-2.42789e-07
1.75379e-07
-2.36488e-07
-1.66931e-07
1.22381e-07
-3.5683e-07
3.12151e-07
-5.9713e-08
3.18456e-07
2.64632e-07
2.98893e-07
3.79131e-07
1.93815e-07
2.15094e-07
1.05449e-07
-3.61863e-09
8.30158e-08
5.75497e-07
9.84713e-08
2.24316e-08
-1.19915e-09
-3.87838e-07
1.81669e-07
-9.02757e-07
2.05582e-07
-8.93417e-07
5.06232e-08
-1.08697e-06
-3.47145e-06
3.28862e-08
2.92262e-06
-1.10999e-08
1.75254e-06
-1.24559e-08
5.09865e-07
-1.48799e-07
4.42438e-07
-8.93372e-08
1.59241e-07
-1.76975e-07
2.63017e-07
-1.09909e-07
-2.33996e-07
2.31444e-07
-6.98183e-07
3.66464e-07
-1.94734e-07
5.12013e-07
1.19084e-07
3.53593e-07
5.37551e-07
1.73917e-07
3.9477e-07
2.23265e-08
1.47972e-07
-1.02086e-07
6.99909e-07
1.44247e-07
-2.23901e-07
2.19081e-07
-4.62672e-07
1.93174e-08
-7.02993e-07
-2.48336e-07
-6.25764e-07
-6.57181e-08
-1.26959e-06
-3.53717e-06
-1.37317e-08
2.93635e-06
-1.41998e-09
1.74023e-06
-1.42668e-07
6.51113e-07
3.74809e-08
2.62289e-07
1.82155e-07
1.45668e-08
1.67279e-07
2.77892e-07
4.10336e-07
-4.77053e-07
5.46407e-07
-8.34254e-07
5.38765e-07
-1.87092e-07
4.98412e-07
1.59437e-07
6.50691e-07
3.85272e-07
3.8116e-07
6.64301e-07
5.72317e-07
-4.31852e-08
6.72162e-07
6.00064e-07
6.45343e-07
-1.97082e-07
7.97998e-07
-6.15327e-07
2.76706e-07
-1.81701e-07
-1.05327e-07
-2.4373e-07
-9.8392e-09
-1.36508e-06
-3.54701e-06
1.56775e-07
2.77957e-06
2.25357e-07
1.67165e-06
1.28362e-07
7.48108e-07
-5.72532e-09
3.96376e-07
2.48916e-08
-1.60501e-08
3.32298e-07
-2.9514e-08
4.52043e-07
-5.96799e-07
3.01487e-07
-6.83697e-07
4.72032e-07
-3.57637e-07
4.57724e-07
1.73745e-07
5.76222e-07
2.66774e-07
5.59106e-07
6.81417e-07
5.74667e-07
-5.87464e-08
6.52534e-07
5.22197e-07
7.49531e-07
-2.94079e-07
1.30397e-07
3.80698e-09
7.09444e-08
-1.22249e-07
4.00244e-07
-5.73029e-07
1.14238e-07
-1.07907e-06
-3.43277e-06
1.94368e-07
2.58521e-06
2.74775e-07
1.59124e-06
2.21061e-07
8.01822e-07
3.20347e-07
2.9709e-07
2.44977e-07
5.93203e-08
4.36574e-07
-2.21111e-07
5.35888e-07
-6.96112e-07
6.33027e-07
-7.80837e-07
8.41825e-07
-5.66434e-07
1.00549e-06
1.00812e-08
7.3423e-07
5.38032e-07
7.71322e-07
6.44325e-07
6.94455e-07
1.81203e-08
6.51508e-07
5.65143e-07
8.5621e-07
-4.9878e-07
4.89693e-07
3.70324e-07
7.47134e-07
-3.79691e-07
4.96322e-07
-3.22217e-07
8.6777e-08
-6.69527e-07
-3.346e-06
5.10045e-07
2.07516e-06
8.49324e-07
1.25196e-06
8.96837e-07
7.54309e-07
8.65541e-07
3.28385e-07
9.47348e-07
-2.24858e-08
9.46408e-07
-2.20172e-07
8.66222e-07
-6.15926e-07
8.29758e-07
-7.44373e-07
7.45683e-07
-4.82359e-07
8.42625e-07
-8.68602e-08
9.80416e-07
4.00241e-07
8.9363e-07
7.31111e-07
9.7708e-07
-6.53291e-08
1.0177e-06
5.24522e-07
8.97449e-07
-3.78527e-07
8.4887e-07
4.18903e-07
5.7955e-07
-1.10371e-07
7.85697e-08
1.78763e-07
3.63703e-07
-9.54661e-07
-2.98229e-06
7.14452e-07
1.36071e-06
1.17864e-06
7.87771e-07
1.45024e-06
4.82715e-07
1.49865e-06
2.79972e-07
1.26935e-06
2.06817e-07
9.67211e-07
8.19644e-08
2.31827e-07
1.19458e-07
-6.43926e-07
1.3138e-07
-1.13103e-06
4.74607e-09
-1.16981e-06
-4.8082e-08
-8.2529e-07
5.57223e-08
-2.60882e-07
1.66702e-07
-2.51328e-07
-7.48835e-08
1.1285e-07
1.60344e-07
-2.19403e-07
-4.62739e-08
7.98503e-08
1.19649e-07
4.97043e-08
-8.02247e-08
4.30023e-07
-2.01556e-07
9.01383e-07
-1.42602e-06
-2.08091e-06
1.36071e-06
2.14848e-06
2.63119e-06
2.91117e-06
3.11798e-06
3.19995e-06
3.31941e-06
3.45079e-06
3.45553e-06
3.40745e-06
3.46317e-06
3.62987e-06
3.55499e-06
3.71533e-06
3.66906e-06
3.78871e-06
3.70849e-06
3.50693e-06
2.08091e-06
)
;

boundaryField
{
    movingWall
    {
        type            calculated;
        value           uniform 0;
    }
    fixedWalls
    {
        type            calculated;
        value           uniform 0;
    }
    frontAndBack
    {
        type            empty;
        value           nonuniform 0();
    }
}


// ************************************************************************* //
