/*--------------------------------*- C++ -*----------------------------------*\
| =========                 |                                                 |
| \\      /  F ield         | OpenFOAM: The Open Source CFD Toolbox           |
|  \\    /   O peration     | Version:  5.x                                   |
|   \\  /    A nd           | Web:      www.OpenFOAM.org                      |
|    \\/     M anipulation  |                                                 |
\*---------------------------------------------------------------------------*/
FoamFile
{
    version     2.0;
    format      ascii;
    class       surfaceScalarField;
    location    "14.5";
    object      phi;
}
// * * * * * * * * * * * * * * * * * * * * * * * * * * * * * * * * * * * * * //

dimensions      [0 3 -1 0 0 0 0];

internalField   nonuniform List<scalar> 
760
(
-1.07115e-06
1.07115e-06
-1.78856e-06
7.17414e-07
-2.10647e-06
3.17909e-07
-2.24272e-06
1.36252e-07
-2.31427e-06
7.1544e-08
-2.33833e-06
2.40653e-08
-2.35662e-06
1.82818e-08
-2.37062e-06
1.40045e-08
-2.36011e-06
-1.05093e-08
-2.3777e-06
1.75898e-08
-2.36273e-06
-1.49743e-08
-2.39974e-06
3.70134e-08
-2.39176e-06
-7.9842e-09
-2.39796e-06
6.20657e-09
-2.39477e-06
-3.18766e-09
-2.34723e-06
-4.75405e-08
-2.29615e-06
-5.10885e-08
-1.9602e-06
-3.35948e-07
-1.33441e-06
-6.25786e-07
-1.33441e-06
-5.91047e-07
1.6622e-06
-9.33704e-07
1.06007e-06
-1.00576e-06
3.89962e-07
-1.06786e-06
1.98358e-07
-1.02379e-06
2.74741e-08
-1.02416e-06
2.44336e-08
-1.02626e-06
2.03782e-08
-1.01956e-06
7.30775e-09
-1.04748e-06
1.74087e-08
-1.02384e-06
-6.05266e-09
-1.05216e-06
1.33476e-08
-1.03291e-06
1.77616e-08
-1.05852e-06
1.76301e-08
-1.02706e-06
-2.52502e-08
-1.01716e-06
-1.30906e-08
-1.01317e-06
-5.15283e-08
-1.0464e-06
-1.78608e-08
-1.11728e-06
-2.65074e-07
-9.98142e-07
-7.4492e-07
-2.33255e-06
-3.20086e-07
1.98228e-06
-4.02413e-07
1.1424e-06
-3.504e-07
3.3795e-07
-3.01804e-07
1.49761e-07
-3.01218e-07
2.68881e-08
-2.93123e-07
1.63389e-08
-2.9954e-07
2.67947e-08
-3.22255e-07
3.0023e-08
-3.1465e-07
9.8038e-09
-3.49031e-07
2.83283e-08
-3.43786e-07
8.10263e-09
-4.03767e-07
7.77425e-08
-4.1399e-07
2.78526e-08
-4.53264e-07
1.40242e-08
-4.16546e-07
-4.98084e-08
-3.86141e-07
-8.19338e-08
-3.22261e-07
-8.17403e-08
-1.82276e-07
-4.05059e-07
-2.76537e-07
-6.50659e-07
-2.60909e-06
-1.4248e-07
2.12476e-06
-2.27304e-07
1.22722e-06
-2.09146e-07
3.19791e-07
-1.74901e-07
1.15517e-07
-2.07383e-07
5.93703e-08
-2.59899e-07
6.88547e-08
-2.8433e-07
5.12258e-08
-3.16376e-07
6.20693e-08
-3.08007e-07
1.43506e-09
-3.06274e-07
2.65947e-08
-2.53372e-07
-4.47991e-08
-2.42609e-07
6.69795e-08
-2.15685e-07
9.28722e-10
-2.06157e-07
4.49604e-09
-2.15298e-07
-4.06673e-08
-1.34755e-07
-1.62477e-07
-2.02754e-07
-1.37412e-08
-2.92945e-07
-3.14868e-07
-2.50644e-07
-6.92961e-07
-2.85973e-06
-9.81535e-08
2.22292e-06
-1.33686e-07
1.26276e-06
-1.5615e-07
3.42254e-07
-1.69813e-07
1.2918e-07
-2.06715e-07
9.62728e-08
-2.49584e-07
1.11724e-07
-2.79024e-07
8.06653e-08
-2.88619e-07
7.16647e-08
-2.87521e-07
3.3698e-10
-2.49309e-07
-1.16172e-08
-1.48821e-07
-1.45287e-07
-1.49095e-07
6.72537e-08
-1.09621e-07
-3.85457e-08
-9.03768e-08
-1.47481e-08
-1.33464e-07
2.42e-09
-1.50106e-07
-1.45835e-07
-6.40259e-08
-9.98216e-08
4.48157e-08
-4.23709e-07
-9.70929e-09
-6.38436e-07
-2.86944e-06
-2.57867e-08
2.2487e-06
-1.53501e-08
1.25232e-06
-2.81849e-08
3.55089e-07
-1.34771e-07
2.35766e-07
-2.15767e-07
1.77269e-07
-2.72286e-07
1.68243e-07
-3.28962e-07
1.37341e-07
-3.47465e-07
9.01676e-08
-3.5279e-07
5.66223e-09
-2.95519e-07
-6.88883e-08
-1.70264e-07
-2.70542e-07
-1.77113e-07
7.41029e-08
-1.6047e-07
-5.51893e-08
-1.398e-07
-3.54181e-08
-1.86529e-07
4.91491e-08
-1.81794e-07
-1.50569e-07
-1.37409e-07
-1.44207e-07
-1.04232e-07
-4.56887e-07
-9.62404e-08
-6.46427e-07
-2.96568e-06
1.82308e-08
2.23047e-06
9.48555e-09
1.26106e-06
-4.14122e-08
4.05987e-07
-1.01377e-07
2.95731e-07
-1.98332e-07
2.74224e-07
-2.74149e-07
2.44059e-07
-3.3808e-07
2.01272e-07
-3.8678e-07
1.38867e-07
-3.59219e-07
-2.18986e-08
-2.30034e-07
-1.98074e-07
-8.52772e-08
-4.15299e-07
-1.4246e-07
1.31286e-07
-1.21653e-07
-7.59965e-08
-1.07511e-07
-4.95603e-08
-2.92962e-08
-2.90657e-08
1.72654e-08
-1.9713e-07
-4.5775e-08
-8.11666e-08
-1.2097e-09
-5.01452e-07
1.47777e-08
-6.62415e-07
-2.95091e-06
-9.44807e-09
2.23992e-06
8.06485e-09
1.24355e-06
-4.22706e-08
4.56322e-07
-1.35512e-07
3.88973e-07
-2.71163e-07
4.09874e-07
-3.89931e-07
3.62828e-07
-4.5213e-07
2.63471e-07
-4.68537e-07
1.55274e-07
-4.24668e-07
-6.5767e-08
-2.03534e-07
-4.19208e-07
-1.69398e-07
-4.49435e-07
-2.67249e-07
2.29137e-07
-2.91636e-07
-5.161e-08
-2.87068e-07
-5.41277e-08
-2.28719e-07
-8.74147e-08
-3.12144e-07
-1.13706e-07
-2.25141e-07
-1.68169e-07
-6.59538e-08
-6.60639e-07
-4.64013e-08
-6.81967e-07
-2.99731e-06
9.65683e-09
2.23026e-06
2.87436e-08
1.22446e-06
-3.69669e-08
5.22033e-07
-1.94937e-07
5.46943e-07
-2.65697e-07
4.80634e-07
-3.51625e-07
4.48755e-07
-4.91254e-07
4.03101e-07
-5.29407e-07
1.93427e-07
-3.94466e-07
-2.00707e-07
-1.56899e-07
-6.56774e-07
-1.39051e-07
-4.67283e-07
-2.24751e-07
3.14837e-07
-2.07666e-07
-6.86952e-08
-2.48915e-07
-1.28788e-08
-3.21226e-07
-1.51038e-08
-3.12541e-07
-1.2239e-07
-2.73184e-07
-2.07527e-07
-1.84507e-07
-7.49316e-07
-2.48512e-08
-8.41623e-07
-3.02216e-06
-3.62224e-08
2.26649e-06
-7.20255e-08
1.26027e-06
-1.55011e-07
6.05019e-07
-2.5086e-07
6.42791e-07
-3.27246e-07
5.5702e-07
-4.0682e-07
5.2833e-07
-5.89015e-07
5.85295e-07
-6.97866e-07
3.02278e-07
-6.12108e-07
-2.86465e-07
-4.69189e-07
-7.99693e-07
-3.87368e-07
-5.49105e-07
-3.86015e-07
3.13485e-07
-3.45967e-07
-1.08743e-07
-3.18998e-07
-3.98475e-08
-3.63965e-07
2.98625e-08
-2.76082e-07
-2.10273e-07
-1.83338e-07
-3.00271e-07
-2.8057e-07
-6.52084e-07
-7.79734e-08
-1.04422e-06
-3.10013e-06
-3.22216e-08
2.29871e-06
-5.21933e-08
1.28024e-06
-9.33248e-08
6.4615e-07
2.11917e-09
5.47347e-07
-1.0715e-07
6.6629e-07
-4.2126e-07
8.4244e-07
-6.45698e-07
8.09733e-07
-7.19209e-07
3.75789e-07
-7.60022e-07
-2.45652e-07
-7.26582e-07
-8.33134e-07
-4.18067e-07
-8.57619e-07
-3.91564e-08
-6.5426e-08
7.28425e-08
-2.20742e-07
-1.41454e-08
4.71403e-08
-2.63343e-08
4.20513e-08
-1.78183e-08
-2.1879e-07
9.33713e-08
-4.1146e-07
1.09764e-08
-5.69689e-07
-4.33875e-08
-9.89855e-07
-3.14352e-06
2.02176e-08
2.27849e-06
-8.09489e-09
1.30855e-06
1.01126e-07
5.36929e-07
4.26019e-08
6.05871e-07
-1.83285e-07
8.92176e-07
-4.33591e-07
1.09275e-06
-6.30418e-07
1.00656e-06
-6.68202e-07
4.13573e-07
-7.25924e-07
-1.87931e-07
-7.52775e-07
-8.06283e-07
-5.74454e-07
-1.03594e-06
-4.43788e-08
-5.95502e-07
1.28019e-07
-3.9314e-07
1.98863e-07
-2.37035e-08
2.9666e-07
-5.57459e-08
1.46641e-07
-6.87706e-08
1.73865e-07
-4.38685e-07
1.76886e-07
-5.7271e-07
6.20088e-08
-8.74979e-07
-3.08151e-06
1.55939e-08
2.2629e-06
1.05378e-07
1.21877e-06
3.55616e-09
6.38751e-07
-1.20649e-07
7.30076e-07
-1.516e-07
9.23127e-07
-1.8694e-07
1.12809e-06
-2.41477e-07
1.0611e-06
-2.45044e-07
4.17141e-07
-1.83827e-07
-2.49148e-07
-1.25644e-07
-8.64466e-07
-1.3867e-07
-1.02291e-06
1.41812e-07
-8.75984e-07
3.43112e-07
-5.9444e-07
3.97365e-07
-7.79564e-08
4.03621e-07
-6.20011e-08
1.8512e-07
1.4973e-07
-4.49243e-08
-2.0864e-07
-5.88188e-08
-5.58815e-07
-9.74527e-09
-9.24052e-07
-3.09126e-06
9.02857e-08
2.17261e-06
9.57955e-08
1.21326e-06
1.10249e-07
6.24298e-07
1.45115e-07
6.9521e-07
1.76927e-07
8.91316e-07
1.85009e-07
1.12e-06
2.99765e-07
9.46341e-07
3.5229e-07
3.64616e-07
3.27219e-07
-2.24078e-07
3.00824e-07
-8.3807e-07
8.47301e-08
-8.0682e-07
7.64396e-08
-8.67693e-07
-1.43642e-07
-3.74358e-07
-3.14877e-07
9.32783e-08
-3.39814e-07
-3.70646e-08
-5.09647e-07
3.19564e-07
-3.43404e-07
-3.74883e-07
-2.09403e-07
-6.92816e-07
3.09132e-08
-1.16437e-06
-3.06034e-06
1.03753e-07
2.06886e-06
1.40169e-07
1.17684e-06
2.09493e-07
5.54973e-07
3.23024e-07
5.81679e-07
3.82161e-07
8.32179e-07
5.53419e-07
9.48746e-07
8.01136e-07
6.98624e-07
9.39259e-07
2.26493e-07
9.62515e-07
-2.47333e-07
9.18773e-07
-7.94329e-07
8.33833e-07
-7.2188e-07
7.58968e-07
-7.92828e-07
7.67238e-07
-3.82628e-07
4.61036e-07
3.9948e-07
3.17922e-07
1.0605e-07
4.04838e-07
2.32648e-07
2.6649e-07
-2.36535e-07
-2.25737e-08
-4.03753e-07
-5.32979e-08
-1.13364e-06
-3.11364e-06
1.44701e-07
1.92416e-06
2.84994e-07
1.03655e-06
3.32526e-07
5.07441e-07
3.06615e-07
6.0759e-07
7.16967e-07
4.21828e-07
9.87025e-07
6.78688e-07
1.25462e-06
4.31031e-07
1.42829e-06
5.28223e-08
1.51954e-06
-3.3859e-07
1.4903e-06
-7.65086e-07
1.25929e-06
-4.90864e-07
8.39022e-07
-3.72565e-07
7.8613e-07
-3.29735e-07
6.59854e-07
5.25756e-07
4.818e-07
2.84104e-07
5.79948e-07
1.345e-07
4.21349e-07
-7.79365e-08
2.33214e-07
-2.15618e-07
2.3721e-07
-1.13764e-06
-2.87643e-06
9.99279e-08
1.82423e-06
2.24633e-07
9.11844e-07
3.48325e-07
3.83749e-07
5.27954e-07
4.27962e-07
7.8824e-07
1.61541e-07
1.07733e-06
3.89602e-07
1.29645e-06
2.11903e-07
1.49467e-06
-1.4539e-07
1.64551e-06
-4.89431e-07
1.48063e-06
-6.00213e-07
8.22243e-07
1.67527e-07
-4.51992e-08
4.94877e-07
-7.04644e-07
3.29709e-07
-3.95902e-07
2.17014e-07
-5.30028e-08
-5.87955e-08
-1.2543e-07
2.06927e-07
3.6476e-07
-5.68126e-07
4.41614e-07
-2.92473e-07
-4.05473e-08
-6.55478e-07
-2.91698e-06
3.42813e-07
1.48142e-06
3.95368e-07
8.59289e-07
4.26688e-07
3.52428e-07
5.4339e-07
3.11261e-07
5.90725e-07
1.14205e-07
9.99461e-07
-1.91337e-08
1.28446e-06
-7.30999e-08
1.48171e-06
-3.42631e-07
1.51925e-06
-5.26977e-07
1.32289e-06
-4.03851e-07
1.26009e-06
2.30323e-07
1.27462e-06
4.80348e-07
9.05985e-07
6.98347e-07
7.24626e-07
3.98373e-07
9.25742e-07
-2.59911e-07
9.49483e-07
1.83185e-07
8.90264e-07
-5.08906e-07
6.22664e-07
-2.48729e-08
4.05195e-07
-4.38009e-07
-2.51178e-06
4.37479e-07
1.04394e-06
6.84927e-07
6.11841e-07
6.70148e-07
3.67207e-07
7.117e-07
2.69709e-07
6.31085e-07
1.9482e-07
4.78229e-07
1.33722e-07
3.00705e-07
1.04424e-07
-1.72981e-07
1.31055e-07
-8.57708e-07
1.5775e-07
-1.29165e-06
3.00956e-08
-1.12686e-06
6.55231e-08
-6.41633e-07
-4.87495e-09
-1.2788e-07
1.84594e-07
1.5488e-07
1.15613e-07
-1.0411e-07
-9.20861e-10
1.57518e-07
-7.84422e-08
-2.59786e-07
-9.16027e-08
-1.23523e-07
-1.61136e-07
6.19355e-07
-1.18089e-06
-1.89243e-06
1.04394e-06
1.65578e-06
2.02299e-06
2.29269e-06
2.48751e-06
2.62124e-06
2.72566e-06
2.85672e-06
3.01447e-06
3.04456e-06
3.11008e-06
3.10521e-06
3.2898e-06
3.40542e-06
3.4045e-06
3.32605e-06
3.23445e-06
3.07331e-06
1.89243e-06
)
;

boundaryField
{
    movingWall
    {
        type            calculated;
        value           uniform 0;
    }
    fixedWalls
    {
        type            calculated;
        value           uniform 0;
    }
    frontAndBack
    {
        type            empty;
        value           nonuniform 0();
    }
}


// ************************************************************************* //
