/*--------------------------------*- C++ -*----------------------------------*\
| =========                 |                                                 |
| \\      /  F ield         | OpenFOAM: The Open Source CFD Toolbox           |
|  \\    /   O peration     | Version:  5.x                                   |
|   \\  /    A nd           | Web:      www.OpenFOAM.org                      |
|    \\/     M anipulation  |                                                 |
\*---------------------------------------------------------------------------*/
FoamFile
{
    version     2.0;
    format      ascii;
    class       volVectorField;
    location    "14.5";
    object      U;
}
// * * * * * * * * * * * * * * * * * * * * * * * * * * * * * * * * * * * * * //

dimensions      [0 1 -1 0 0 0 0];

internalField   nonuniform List<vector> 
400
(
(-0.0145956 0.0076602 0)
(-0.0320061 0.00399311 0)
(-0.0400577 0.00288732 0)
(-0.0428276 -0.000329365 0)
(-0.0453982 0.000806027 0)
(-0.0460595 -0.000921612 0)
(-0.0467427 0.000156821 0)
(-0.0477336 -0.00054703 0)
(-0.0464931 -0.000910991 0)
(-0.048673 0.000446393 0)
(-0.0454081 -0.00115187 0)
(-0.0498856 0.0014189 0)
(-0.0455168 -0.00153574 0)
(-0.0500742 0.000721956 0)
(-0.0473446 -0.00100844 0)
(-0.0490344 -0.000215112 0)
(-0.0468356 -0.00121653 0)
(-0.0417236 -0.00458731 0)
(-0.0428036 -0.00737398 0)
(-0.00338922 -0.0178189 0)
(-0.00837131 0.0310414 0)
(-0.0175859 0.0219738 0)
(-0.0189333 0.00832675 0)
(-0.0208727 0.00504822 0)
(-0.020698 0.00171123 0)
(-0.0205289 0.00176578 0)
(-0.0196358 0.00065344 0)
(-0.0223171 0.0010482 0)
(-0.0176017 0.000579069 0)
(-0.0250409 0.000231611 0)
(-0.015439 0.000606106 0)
(-0.0262157 1.90177e-05 0)
(-0.0162229 0.00110476 0)
(-0.0246952 -0.000496165 0)
(-0.0180415 0.000808613 0)
(-0.0207425 -0.00190964 0)
(-0.0220926 -0.0014541 0)
(-0.0171916 -0.0108227 0)
(-0.0320301 -0.0212268 0)
(-0.00235711 -0.0410799 0)
(-0.00696363 0.0376143 0)
(-0.0075202 0.0209891 0)
(-0.0073427 0.00813903 0)
(-0.00724007 0.00330144 0)
(-0.00426612 -0.000496234 0)
(-0.00801952 -0.000814786 0)
(-0.00350104 6.14986e-05 0)
(-0.00847204 -0.000718939 0)
(-0.00461641 6.13246e-06 0)
(-0.00774616 -0.000447925 0)
(-0.00636914 -0.00013182 0)
(-0.00710795 0.000740699 0)
(-0.0095558 -0.000254214 0)
(-0.006364 -0.000462225 0)
(-0.0126356 -0.00120497 0)
(-0.00306427 4.63367e-07 0)
(-0.0133583 0.0010357 0)
(0.00120249 0.00129319 0)
(-0.00949875 -0.00541743 0)
(0.000198942 -0.0496905 0)
(-0.000922779 0.0424901 0)
(-0.00562431 0.0263123 0)
(-0.00279429 0.00574333 0)
(-0.00530621 0.00309142 0)
(-0.0018545 0.00164252 0)
(-0.00622651 0.00154693 0)
(-0.00429972 0.00110226 0)
(-0.00705022 0.00194494 0)
(-0.00570994 0.000443109 0)
(-0.00647897 0.00152398 0)
(-0.00587459 0.000479069 0)
(-0.00395911 0.0023691 0)
(-0.00625291 0.00123284 0)
(-0.00181707 0.0010065 0)
(-0.00704832 -0.000963153 0)
(-0.000838246 -0.00342302 0)
(-0.00518131 -0.00462767 0)
(-0.00193379 -0.0170082 0)
(-0.0114617 -0.0229676 0)
(0.00305218 -0.0552653 0)
(-0.00257313 0.0435047 0)
(-0.00187306 0.0225311 0)
(-0.00312094 0.00679768 0)
(-0.00293423 0.0012405 0)
(-0.00370221 0.000696202 0)
(-0.00475133 0.00107259 0)
(-0.00528299 0.000876893 0)
(-0.00575389 0.0005502 0)
(-0.00603699 -0.000394881 0)
(-0.00516673 -0.000398368 0)
(-0.00500163 -0.00229466 0)
(-0.000779764 0.000222094 0)
(-0.00547246 -0.00118108 0)
(0.00136705 -0.000858556 0)
(-0.00528821 -0.000532763 0)
(0.000439739 -0.00302499 0)
(-0.00701812 0.00415083 0)
(0.0047916 0.00389124 0)
(-0.00327142 -0.00248407 0)
(0.00303381 -0.0563109 0)
(-0.000420388 0.0463998 0)
(-0.000857104 0.0278183 0)
(0.000392593 0.00726112 0)
(-0.00157283 0.00411646 0)
(-0.00373843 0.00318455 0)
(-0.0049792 0.00347957 0)
(-0.00607077 0.00231846 0)
(-0.00689797 0.00231183 0)
(-0.00726855 0.000408569 0)
(-0.0065494 -9.16252e-05 0)
(-0.00535515 -0.00327907 0)
(-0.00124557 0.00263831 0)
(-0.00622214 -0.000285733 0)
(0.000247236 0.000378199 0)
(-0.00632598 0.000620996 0)
(-0.00046674 -0.00247515 0)
(-0.0075368 -0.0082274 0)
(0.00274873 -0.0202226 0)
(-0.00760815 -0.0246123 0)
(0.00435791 -0.0595509 0)
(0.000229685 0.0446323 0)
(0.000577487 0.0240695 0)
(-0.000271684 0.00737067 0)
(-0.001334 0.00544635 0)
(-0.00258456 0.00414925 0)
(-0.00540458 0.00346857 0)
(-0.00574552 0.00335435 0)
(-0.00763475 0.00142186 0)
(-0.00801686 -0.000148843 0)
(-0.00596123 -0.00261399 0)
(-0.00361158 -0.00788167 0)
(0.000436984 0.000119852 0)
(-0.00641776 -0.00209959 0)
(0.00183848 -0.00199843 0)
(-0.0064356 0.00117425 0)
(0.00542627 -0.00400538 0)
(-0.00490313 0.00270537 0)
(0.00342839 0.00170618 0)
(-0.00357111 -0.000136276 0)
(0.00437858 -0.0569495 0)
(-0.00116499 0.045492 0)
(0.000700553 0.0250693 0)
(-0.000328488 0.00855208 0)
(-0.00142275 0.00639375 0)
(-0.00399505 0.00653285 0)
(-0.00681824 0.00605572 0)
(-0.00898317 0.00454863 0)
(-0.00895572 0.00401633 0)
(-0.0100247 -0.000782665 0)
(-0.0063987 -0.00517394 0)
(-0.00228787 -0.00814789 0)
(-0.00405417 0.00550707 0)
(-0.00703231 -0.000655287 0)
(-0.00418439 0.000313506 0)
(-0.00775606 -0.00210611 0)
(-0.000875329 -0.00329335 0)
(-0.0125308 -0.00613746 0)
(0.00446717 -0.0211509 0)
(-0.00760592 -0.0263028 0)
(0.00611404 -0.0610036 0)
(-0.000339585 0.0429807 0)
(0.00063501 0.0251838 0)
(0.000684156 0.0100302 0)
(-0.00234678 0.0089156 0)
(-0.00513244 0.0102291 0)
(-0.0057239 0.00876 0)
(-0.00861593 0.00630499 0)
(-0.0108498 0.00253366 0)
(-0.0100591 -0.0016535 0)
(-0.00512057 -0.0114809 0)
(-0.00176532 -0.0107614 0)
(-0.00335106 0.00310248 0)
(-0.00552205 -0.00169906 0)
(-0.00269079 -0.00286395 0)
(-0.00773396 -0.00187914 0)
(-0.00449655 -0.00170183 0)
(-0.00865437 -0.00032158 0)
(-0.00148861 -0.00579591 0)
(-0.00661393 -0.0016694 0)
(0.00583813 -0.0586224 0)
(-1.7497e-05 0.0469742 0)
(-0.00123348 0.0249872 0)
(-0.00188818 0.0106784 0)
(-0.00413284 0.0134703 0)
(-0.00602272 0.0086483 0)
(-0.00690303 0.00888626 0)
(-0.00979552 0.00996135 0)
(-0.0142127 0.00520033 0)
(-0.013195 -0.00600292 0)
(-0.010775 -0.0141276 0)
(-0.00838667 -0.0070193 0)
(-0.00773149 0.00950115 0)
(-0.00689807 -0.00070612 0)
(-0.00658425 0.00255221 0)
(-0.00687392 0.00151944 0)
(-0.00700225 -0.0026873 0)
(-0.00465974 -0.00758278 0)
(-0.00219432 -0.0244124 0)
(-0.00957707 -0.0313941 0)
(0.00667441 -0.0642247 0)
(-0.00142073 0.0430368 0)
(-0.0001202 0.0234228 0)
(-0.0016545 0.0128208 0)
(-0.00236323 0.0113505 0)
(0.00249451 0.0135007 0)
(-0.00656947 0.012665 0)
(-0.0110118 0.0140392 0)
(-0.0148506 0.00738331 0)
(-0.0146186 -0.00522238 0)
(-0.0148936 -0.0176617 0)
(-0.0135773 -0.0154769 0)
(-0.00301631 0.00261163 0)
(0.00125612 -0.00422167 0)
(0.0020314 -0.0045294 0)
(-0.00283873 -0.000746526 0)
(0.00209878 -0.00664391 0)
(-0.00302697 -0.00551936 0)
(0.00712233 -0.00295164 0)
(-0.00673699 -0.0117538 0)
(0.00523547 -0.0596267 0)
(0.00168383 0.0476973 0)
(-0.000860558 0.0292174 0)
(0.00056431 0.0133495 0)
(0.00363193 0.0112327 0)
(-0.00184512 0.0136122 0)
(-0.00506143 0.0205246 0)
(-0.0133214 0.0177687 0)
(-0.0121488 0.00702139 0)
(-0.0157974 -0.00530032 0)
(-0.0120241 -0.0168372 0)
(-0.0172437 -0.0184733 0)
(-0.00429154 -0.00473372 0)
(0.00211869 -0.00342405 0)
(0.00335815 0.00693283 0)
(0.00397249 0.00299023 0)
(0.00861266 -0.00104433 0)
(-0.00323412 -0.00966929 0)
(0.010692 -0.018419 0)
(-0.00396372 -0.026245 0)
(0.0065168 -0.0641074 0)
(-0.00182511 0.0451676 0)
(0.00231234 0.0221482 0)
(0.00226717 0.00802747 0)
(-0.00213782 0.0120929 0)
(-0.00246047 0.0208998 0)
(-0.0029804 0.0219479 0)
(-0.00550528 0.0205418 0)
(-0.00392733 0.00817537 0)
(-0.00663013 -0.00305232 0)
(4.63694e-05 -0.0164543 0)
(-0.00466718 -0.0242714 0)
(-1.49532e-06 -0.0204536 0)
(0.00456098 -0.0142496 0)
(0.0103454 -0.00827187 0)
(0.00448442 -0.00583655 0)
(0.0124184 -0.00215328 0)
(-0.00467436 -0.00784483 0)
(0.00276295 -0.00520399 0)
(-0.00517731 -0.00955447 0)
(0.00468976 -0.0605261 0)
(0.0033773 0.0442039 0)
(6.05074e-05 0.0273652 0)
(0.0037025 0.017385 0)
(0.00108781 0.018231 0)
(0.00467045 0.0168703 0)
(0.00287284 0.0232023 0)
(0.00358434 0.022929 0)
(0.00883244 0.00956848 0)
(0.00452646 -0.00601645 0)
(0.00907668 -0.017518 0)
(0.00395275 -0.0158033 0)
(-6.79334e-05 -0.013315 0)
(0.00275926 -0.00735028 0)
(-0.00903159 0.00581583 0)
(-0.00291095 0.00397794 0)
(-0.0116573 0.00856589 0)
(-0.00807165 0.000252837 0)
(-0.00477745 -0.0158149 0)
(-0.00403737 -0.025369 0)
(0.00508132 -0.0645539 0)
(7.37846e-05 0.0428686 0)
(0.00427442 0.0209482 0)
(0.00104448 0.00737209 0)
(0.00762759 0.00850839 0)
(0.00590383 0.0183272 0)
(0.00980152 0.0219752 0)
(0.0109354 0.0145763 0)
(0.0201982 0.00421777 0)
(0.0173068 -0.00370429 0)
(0.0209295 -0.0157627 0)
(0.01797 -0.0150534 0)
(0.01458 -0.0223976 0)
(0.0170597 -0.00694393 0)
(0.0116628 -0.00227918 0)
(0.00762358 -0.00593335 0)
(0.00586055 0.00299459 0)
(0.00846258 -0.0177032 0)
(0.00388657 -0.0147558 0)
(-0.00528311 -0.0255991 0)
(0.00388062 -0.0602369 0)
(0.00202109 0.0401068 0)
(0.00337351 0.0252848 0)
(0.0079432 0.0152079 0)
(0.00588346 0.0157165 0)
(0.00679179 0.0159032 0)
(0.0213969 0.0166508 0)
(0.016868 0.0144354 0)
(0.0319472 0.00561589 0)
(0.0254427 -0.00523264 0)
(0.0357342 -0.0148841 0)
(0.0245474 -0.0156491 0)
(0.0286619 -0.0110789 0)
(0.00298315 -0.00937667 0)
(0.026288 0.017215 0)
(0.00269785 0.0109409 0)
(0.0149595 0.00778995 0)
(0.00866271 0.0105518 0)
(0.0089905 0.00115328 0)
(0.000562737 -0.0142488 0)
(0.00837746 -0.0609388 0)
(0.000520804 0.0360987 0)
(0.00311522 0.0172249 0)
(0.00556482 0.00569417 0)
(0.00886961 0.00827988 0)
(0.0125137 0.00117869 0)
(0.0191902 0.011399 0)
(0.0231852 0.00369926 0)
(0.0277091 -0.0031533 0)
(0.0317632 -0.00723719 0)
(0.0322788 -0.0134204 0)
(0.0267221 -0.0015911 0)
(0.0100865 -0.00135344 0)
(-0.0129742 -0.00547427 0)
(-0.0133884 0.00179397 0)
(-4.95188e-05 -0.000164349 0)
(-0.00283595 -0.00346697 0)
(-0.00264266 -0.0148591 0)
(0.0191771 -0.0116852 0)
(-0.00445611 -0.0375408 0)
(0.00376883 -0.0595615 0)
(0.00346467 0.0350077 0)
(0.00945761 0.01844 0)
(0.0056526 0.0088448 0)
(0.0121959 0.00909741 0)
(0.00958428 0.00545511 0)
(0.0148454 0.00392399 0)
(0.024635 0.0041717 0)
(0.0271515 -0.0035901 0)
(0.0335966 -0.0137936 0)
(0.023721 -0.0123545 0)
(0.0299477 0.00704897 0)
(0.0235192 0.0179304 0)
(0.0250557 0.0205009 0)
(0.0137062 0.00861159 0)
(0.0135172 -0.00217609 0)
(0.0212912 0.012352 0)
(0.0178121 -0.00538678 0)
(0.0203413 0.00294764 0)
(0.00220311 0.0162204 0)
(0.0162202 -0.0493728 0)
(-0.00136718 0.026106 0)
(0.0170063 0.0146653 0)
(0.0118109 0.0058835 0)
(0.013976 0.00289092 0)
(0.0152874 -0.000524216 0)
(0.0100081 -0.00446586 0)
(0.00893273 -0.00647535 0)
(0.00474622 -0.00793055 0)
(-0.012309 -0.00665004 0)
(-0.0258536 -0.00651498 0)
(-0.0256583 2.9547e-05 0)
(-0.0142848 0.00314324 0)
(-0.0143088 0.00553474 0)
(0.010399 0.00788348 0)
(-0.00565383 -0.00791303 0)
(0.00220802 -0.00397631 0)
(0.00538733 -0.0161031 0)
(-0.0186364 -0.00522408 0)
(0.0153829 -0.0377433 0)
(0.0115298 -0.0627635 0)
(0.00963577 0.0181184 0)
(0.0293661 0.0118854 0)
(0.036498 0.00968763 0)
(0.0445259 0.00842474 0)
(0.0473201 0.00759368 0)
(0.0541288 0.00897747 0)
(0.0510582 0.00971767 0)
(0.0586915 0.0117425 0)
(0.0540839 0.0132429 0)
(0.0631629 0.00863766 0)
(0.0613584 0.00404879 0)
(0.064187 -0.00318619 0)
(0.0632698 0.00281193 0)
(0.0644368 -0.00433649 0)
(0.0695331 0.00773266 0)
(0.0688638 8.82739e-06 0)
(0.0658594 0.0125925 0)
(0.0608958 0.00154878 0)
(0.0542302 -0.00282966 0)
(0.0320542 -0.00015182 0)
)
;

boundaryField
{
    movingWall
    {
        type            fixedValue;
        value           uniform (1 0 0);
    }
    fixedWalls
    {
        type            noSlip;
    }
    frontAndBack
    {
        type            empty;
    }
}


// ************************************************************************* //
