/*--------------------------------*- C++ -*----------------------------------*\
| =========                 |                                                 |
| \\      /  F ield         | OpenFOAM: The Open Source CFD Toolbox           |
|  \\    /   O peration     | Version:  5.x                                   |
|   \\  /    A nd           | Web:      www.OpenFOAM.org                      |
|    \\/     M anipulation  |                                                 |
\*---------------------------------------------------------------------------*/
FoamFile
{
    version     2.0;
    format      ascii;
    class       volScalarField;
    location    "4.6";
    object      p;
}
// * * * * * * * * * * * * * * * * * * * * * * * * * * * * * * * * * * * * * //

dimensions      [0 2 -2 0 0 0 0];

internalField   nonuniform List<scalar> 
400
(
5.7286e-11
6.5728e-08
2.88534e-07
6.66411e-07
1.26064e-06
2.14721e-06
3.4437e-06
5.3234e-06
8.04935e-06
1.20144e-05
1.78095e-05
2.6327e-05
3.88695e-05
5.67839e-05
8.00386e-05
0.000104066
0.000105105
7.18608e-05
0.000141408
0.00183832
-3.19779e-07
-2.81526e-07
-1.19729e-07
1.57006e-07
5.94566e-07
1.2438e-06
2.1796e-06
3.50096e-06
5.33169e-06
7.81722e-06
1.10825e-05
1.50966e-05
1.93047e-05
2.11638e-05
1.1468e-05
-3.01391e-05
-0.000119655
-0.000232678
-0.000482417
0.000578532
-1.05735e-06
-1.07298e-06
-1.02951e-06
-9.4643e-07
-8.05903e-07
-6.02003e-07
-3.35748e-07
-3.42328e-08
2.17805e-07
2.0898e-07
-5.48826e-07
-3.14853e-06
-9.94176e-06
-2.58085e-05
-6.15067e-05
-0.000144107
-0.000302053
-0.000461849
-0.000499429
-0.000120964
-2.09843e-06
-2.18757e-06
-2.30371e-06
-2.47769e-06
-2.72349e-06
-3.08442e-06
-3.64222e-06
-4.55164e-06
-6.09856e-06
-8.81097e-06
-1.36579e-05
-2.24373e-05
-3.84494e-05
-6.77089e-05
-0.000120953
-0.000215808
-0.000406081
-0.000628013
-0.000699591
-0.000538149
-3.33442e-06
-3.50895e-06
-3.8058e-06
-4.26409e-06
-4.92436e-06
-5.87061e-06
-7.25001e-06
-9.31536e-06
-1.24929e-05
-1.74991e-05
-2.55225e-05
-3.85812e-05
-6.00569e-05
-9.47711e-05
-0.00015659
-0.000241284
-0.000416101
-0.000624664
-0.000746384
-0.000633771
-4.63028e-06
-4.89687e-06
-5.37861e-06
-6.11749e-06
-7.16849e-06
-8.63733e-06
-1.07055e-05
-1.367e-05
-1.80046e-05
-2.44628e-05
-3.41964e-05
-4.8897e-05
-7.24436e-05
-0.000103252
-0.000165885
-0.000225599
-0.000358821
-0.000469019
-0.000507171
-0.000451758
-5.84525e-06
-6.21576e-06
-6.87976e-06
-7.8821e-06
-9.26637e-06
-1.11415e-05
-1.36867e-05
-1.71983e-05
-2.21164e-05
-2.91139e-05
-3.93108e-05
-5.27969e-05
-7.73783e-05
-9.80831e-05
-0.000157478
-0.000193725
-0.000281361
-0.000336265
-0.000377813
-0.000344756
-6.83456e-06
-7.33085e-06
-8.17397e-06
-9.41279e-06
-1.10598e-05
-1.31985e-05
-1.59853e-05
-1.96724e-05
-2.46327e-05
-3.11981e-05
-4.13737e-05
-5.01672e-05
-7.61505e-05
-8.5323e-05
-0.000135197
-0.00015588
-0.000218583
-0.000249536
-0.000319553
-0.000279888
-7.44682e-06
-8.16976e-06
-9.20007e-06
-1.07487e-05
-1.25798e-05
-1.48894e-05
-1.76783e-05
-2.1217e-05
-2.59029e-05
-3.06647e-05
-4.16363e-05
-4.44753e-05
-6.93788e-05
-7.2311e-05
-0.000109474
-0.000113115
-0.00015658
-0.000140849
-0.000171697
-0.000138258
-7.51361e-06
-8.57963e-06
-9.81033e-06
-1.15864e-05
-1.35719e-05
-1.58775e-05
-1.86001e-05
-2.16461e-05
-2.62065e-05
-2.83785e-05
-3.96417e-05
-3.77506e-05
-5.99274e-05
-5.4762e-05
-8.48734e-05
-6.97213e-05
-0.00010402
-5.99819e-05
-6.23833e-05
-3.51099e-05
-6.78223e-06
-8.52586e-06
-1.02567e-05
-1.29082e-05
-1.495e-05
-1.76683e-05
-1.99247e-05
-2.21361e-05
-2.64964e-05
-2.6015e-05
-3.65052e-05
-3.20232e-05
-5.00668e-05
-3.93018e-05
-6.5641e-05
-4.1006e-05
-7.37822e-05
-2.11834e-05
-6.25547e-05
-1.04653e-05
-5.14048e-06
-8.44864e-06
-1.01653e-05
-1.27732e-05
-1.48894e-05
-1.67295e-05
-1.92521e-05
-1.9936e-05
-2.46562e-05
-2.17604e-05
-3.1612e-05
-2.38514e-05
-4.01326e-05
-2.14628e-05
-4.93459e-05
-8.59615e-06
-5.27684e-05
1.8875e-05
-5.62428e-05
2.6327e-05
-7.96638e-07
-5.14129e-06
-1.00475e-05
-1.49135e-05
-1.78641e-05
-2.09969e-05
-2.22509e-05
-2.30949e-05
-2.549e-05
-2.20003e-05
-2.91799e-05
-1.92691e-05
-3.37815e-05
-1.29625e-05
-3.76742e-05
2.09392e-06
-3.41022e-05
4.68357e-05
-1.24056e-05
8.53785e-05
2.17515e-06
-1.11112e-05
-1.1589e-05
-1.6048e-05
-1.73193e-05
-1.81499e-05
-1.94878e-05
-1.88485e-05
-2.07433e-05
-1.65441e-05
-2.21405e-05
-1.03248e-05
-2.36329e-05
3.71972e-06
-2.31648e-05
3.34077e-05
-1.61963e-05
7.88983e-05
1.87453e-05
0.000110022
1.92424e-05
7.00006e-07
-9.54541e-06
-2.10372e-05
-2.46495e-05
-2.87312e-05
-2.739e-05
-2.66335e-05
-2.51379e-05
-2.08386e-05
-2.36202e-05
-1.17591e-05
-2.23399e-05
2.74559e-07
-2.1308e-05
1.79847e-05
-1.83374e-05
5.29054e-05
-3.93934e-05
8.17524e-05
1.47269e-06
-4.00635e-05
-1.6705e-05
-3.03183e-05
-2.64146e-05
-2.15634e-05
-2.04424e-05
-1.88624e-05
-1.71603e-05
-1.28909e-05
-1.32137e-05
-3.11016e-06
-9.64181e-06
1.28785e-05
-1.62712e-06
3.97823e-05
1.86896e-05
5.27678e-05
-1.08234e-06
7.60327e-05
2.7267e-05
-6.80579e-05
-3.82168e-05
-5.14911e-05
-4.00053e-05
-4.13434e-05
-3.34348e-05
-3.20082e-05
-2.55321e-05
-2.19041e-05
-1.90635e-05
-1.3626e-05
-9.85592e-06
-5.17907e-06
-2.14516e-06
1.00829e-05
-4.1439e-05
3.33606e-05
-5.32379e-05
0.00011047
-2.59669e-05
-0.000173955
-5.4889e-05
-3.78225e-05
-3.63257e-05
-2.89316e-05
-2.6293e-05
-2.35835e-05
-1.71412e-05
-1.2171e-05
-5.22793e-06
7.51644e-07
1.94485e-06
1.47541e-05
-6.58066e-06
5.73256e-07
6.24708e-05
6.97348e-05
0.000148562
0.000277285
6.65378e-05
-6.33254e-05
-3.44584e-05
-2.65271e-05
-2.04651e-05
-1.36037e-05
-2.62464e-05
-3.56292e-05
-2.52465e-05
-2.09348e-05
-1.83588e-05
-2.33966e-05
-1.60454e-05
2.81264e-06
-2.4029e-06
-4.2912e-05
1.66509e-05
3.98289e-05
1.65114e-05
0.00057239
-7.29908e-05
-5.15131e-05
2.06511e-05
-5.44941e-05
-4.7949e-06
8.22813e-07
-3.94814e-06
-6.27478e-06
-7.87237e-07
3.78564e-06
5.44971e-06
3.97265e-06
6.70354e-06
2.92529e-05
4.80801e-05
6.74647e-05
3.75248e-05
0.000283199
0.000685746
0.00187141
)
;

boundaryField
{
    movingWall
    {
        type            zeroGradient;
    }
    fixedWalls
    {
        type            zeroGradient;
    }
    frontAndBack
    {
        type            empty;
    }
}


// ************************************************************************* //
