/*--------------------------------*- C++ -*----------------------------------*\
| =========                 |                                                 |
| \\      /  F ield         | OpenFOAM: The Open Source CFD Toolbox           |
|  \\    /   O peration     | Version:  5.x                                   |
|   \\  /    A nd           | Web:      www.OpenFOAM.org                      |
|    \\/     M anipulation  |                                                 |
\*---------------------------------------------------------------------------*/
FoamFile
{
    version     2.0;
    format      ascii;
    class       volScalarField;
    location    "2.4";
    object      p;
}
// * * * * * * * * * * * * * * * * * * * * * * * * * * * * * * * * * * * * * //

dimensions      [0 2 -2 0 0 0 0];

internalField   nonuniform List<scalar> 
400
(
-2.20411e-10
2.93418e-07
9.24055e-07
1.90173e-06
3.25138e-06
5.00299e-06
7.1889e-06
9.83998e-06
1.29808e-05
1.66232e-05
2.07592e-05
2.53518e-05
3.03264e-05
3.55621e-05
4.08752e-05
4.6025e-05
5.07196e-05
5.46361e-05
5.74612e-05
5.891e-05
-3.34784e-07
-4.99319e-08
5.64346e-07
1.51909e-06
2.84128e-06
4.56367e-06
6.7223e-06
9.35271e-06
1.24852e-05
1.61385e-05
2.03124e-05
2.49777e-05
3.00663e-05
3.54695e-05
4.10026e-05
4.64142e-05
5.13917e-05
5.55824e-05
5.86324e-05
6.02075e-05
-1.03315e-06
-7.66486e-07
-1.85823e-07
7.21833e-07
1.98753e-06
3.64963e-06
5.75153e-06
8.33823e-06
1.14517e-05
1.51249e-05
1.93736e-05
2.4186e-05
2.9511e-05
3.52536e-05
4.12345e-05
4.71918e-05
5.27753e-05
5.75643e-05
6.11129e-05
6.29758e-05
-2.0743e-06
-1.83641e-06
-1.30909e-06
-4.76719e-07
6.97767e-07
2.26084e-06
4.26656e-06
6.77374e-06
9.84184e-06
1.35253e-05
1.78653e-05
2.28787e-05
2.8542e-05
3.47904e-05
4.14597e-05
4.82806e-05
5.48514e-05
6.06421e-05
6.5051e-05
6.74352e-05
-3.43353e-06
-3.23711e-06
-2.78707e-06
-2.0647e-06
-1.02516e-06
3.88241e-07
2.24319e-06
4.61623e-06
7.58976e-06
1.12474e-05
1.56666e-05
2.09069e-05
2.69916e-05
3.38903e-05
4.14937e-05
4.95389e-05
5.75738e-05
6.49185e-05
7.07191e-05
7.40188e-05
-5.0748e-06
-4.93527e-06
-4.59171e-06
-4.02203e-06
-3.17213e-06
-1.97364e-06
-3.43315e-07
1.81615e-06
4.61474e-06
8.17221e-06
1.26127e-05
1.80541e-05
2.45922e-05
3.22519e-05
4.10279e-05
5.07009e-05
6.07992e-05
7.04812e-05
7.84911e-05
8.34327e-05
-6.94783e-06
-6.88409e-06
-6.68262e-06
-6.31775e-06
-5.72486e-06
-4.82337e-06
-3.51387e-06
-1.67728e-06
8.2656e-07
4.15913e-06
8.50131e-06
1.4047e-05
2.09887e-05
2.94458e-05
3.95794e-05
5.12949e-05
6.41878e-05
7.73184e-05
8.88293e-05
9.68396e-05
-8.98486e-06
-9.0203e-06
-9.00399e-06
-8.90653e-06
-8.65151e-06
-8.14675e-06
-7.27815e-06
-5.90644e-06
-3.86233e-06
-9.41654e-07
3.09842e-06
8.53987e-06
1.56936e-05
2.48802e-05
3.64165e-05
5.051e-05
6.7012e-05
8.50844e-05
0.000102163
0.000116144
-1.1096e-05
-1.12609e-05
-1.14815e-05
-1.17254e-05
-1.19022e-05
-1.19104e-05
-1.16253e-05
-1.08929e-05
-9.52056e-06
-7.26676e-06
-3.82977e-06
1.16541e-06
8.18012e-06
1.77874e-05
3.04069e-05
4.69732e-05
6.78314e-05
9.26624e-05
0.000118418
0.000144365
-1.3165e-05
-1.35002e-05
-1.40193e-05
-1.46913e-05
-1.54051e-05
-1.60551e-05
-1.65136e-05
-1.66219e-05
-1.61757e-05
-1.49092e-05
-1.24765e-05
-8.42417e-06
-2.15542e-06
7.10421e-06
2.03249e-05
3.88003e-05
6.40798e-05
9.72177e-05
0.000135626
0.00018577
-1.50302e-05
-1.5612e-05
-1.64987e-05
-1.77055e-05
-1.90665e-05
-2.04916e-05
-2.18604e-05
-2.30261e-05
-2.37905e-05
-2.38876e-05
-2.29618e-05
-2.05319e-05
-1.59319e-05
-8.21287e-06
3.96337e-06
2.18534e-05
5.03159e-05
9.21763e-05
0.000145494
0.00024158
-1.65327e-05
-1.74205e-05
-1.87618e-05
-2.06218e-05
-2.27523e-05
-2.50844e-05
-2.75267e-05
-2.99647e-05
-3.22285e-05
-3.4078e-05
-3.5188e-05
-3.51106e-05
-3.32065e-05
-2.8505e-05
-1.94212e-05
-3.29274e-06
2.2994e-05
6.80209e-05
0.000123001
0.000289637
-1.72585e-05
-1.90964e-05
-2.07037e-05
-2.36634e-05
-2.64674e-05
-2.9766e-05
-3.33609e-05
-3.7241e-05
-4.1265e-05
-4.52466e-05
-4.89611e-05
-5.21291e-05
-5.43372e-05
-5.49842e-05
-5.30916e-05
-4.77535e-05
-3.7103e-05
-2.53655e-07
-2.89777e-05
0.00021335
-1.7229e-05
-1.87528e-05
-2.15501e-05
-2.45554e-05
-2.87187e-05
-3.33419e-05
-3.86308e-05
-4.43511e-05
-5.0433e-05
-5.68097e-05
-6.34169e-05
-7.02068e-05
-7.71335e-05
-8.42201e-05
-9.15842e-05
-0.000100555
-0.000123478
-9.39317e-05
-0.000313861
1.71695e-06
-1.45652e-05
-2.13703e-05
-2.3649e-05
-3.15597e-05
-3.48161e-05
-4.07935e-05
-4.63395e-05
-5.29316e-05
-6.04778e-05
-6.91692e-05
-7.89038e-05
-8.99517e-05
-0.000102468
-0.000117688
-0.000137114
-0.000155651
-0.000218977
-0.000175475
-0.000425647
-0.000171356
-1.32587e-05
-1.77997e-05
-2.18778e-05
-2.48542e-05
-3.07341e-05
-3.67995e-05
-4.51941e-05
-5.47366e-05
-6.55517e-05
-7.7571e-05
-9.07861e-05
-0.000105489
-0.000122559
-0.000142511
-0.00017168
-0.000194664
-0.000265513
-0.000263186
-0.000394204
-0.000275874
6.14442e-06
-1.77808e-05
-2.60689e-05
-4.05341e-05
-4.35104e-05
-5.32397e-05
-5.92213e-05
-6.90397e-05
-7.93952e-05
-9.31746e-05
-0.000107017
-0.000125723
-0.000145412
-0.000168144
-0.000216735
-0.000244625
-0.000333632
-0.00044853
-0.00054594
-0.000391482
-4.40075e-07
-3.40866e-05
-2.75035e-05
-2.58412e-05
-2.69972e-05
-3.36137e-05
-4.39338e-05
-5.73826e-05
-7.24877e-05
-9.00679e-05
-0.000109322
-0.000129602
-0.000155955
-0.000176646
-0.00022517
-0.000278201
-0.000345191
-0.000538827
-0.000654545
-0.000275815
4.43482e-05
-2.72957e-05
-3.48723e-05
-4.776e-05
-4.42615e-05
-6.03959e-05
-6.19687e-05
-8.29948e-05
-8.71495e-05
-0.000117015
-0.00012585
-0.000150474
-0.000182185
-0.000177459
-0.000256701
-0.000282206
-0.000317842
-0.000496396
-0.000461471
0.000346312
-8.74367e-05
-4.68844e-06
1.00368e-05
-9.97347e-07
-1.91387e-05
-2.74998e-05
-4.17459e-05
-6.21253e-05
-7.3957e-05
-9.89943e-05
-0.000119915
-0.000134047
-0.000163096
-0.000181413
-0.000196974
-0.000236975
-0.000189035
-1.78788e-05
0.000400818
0.00178169
)
;

boundaryField
{
    movingWall
    {
        type            zeroGradient;
    }
    fixedWalls
    {
        type            zeroGradient;
    }
    frontAndBack
    {
        type            empty;
    }
}


// ************************************************************************* //
