/*--------------------------------*- C++ -*----------------------------------*\
| =========                 |                                                 |
| \\      /  F ield         | OpenFOAM: The Open Source CFD Toolbox           |
|  \\    /   O peration     | Version:  5.x                                   |
|   \\  /    A nd           | Web:      www.OpenFOAM.org                      |
|    \\/     M anipulation  |                                                 |
\*---------------------------------------------------------------------------*/
FoamFile
{
    version     2.0;
    format      ascii;
    class       volVectorField;
    location    "16.4";
    object      U;
}
// * * * * * * * * * * * * * * * * * * * * * * * * * * * * * * * * * * * * * //

dimensions      [0 1 -1 0 0 0 0];

internalField   nonuniform List<vector> 
400
(
(-0.0151497 0.00870071 0)
(-0.0356849 0.00871609 0)
(-0.0458333 0.00299144 0)
(-0.0517047 0.00256428 0)
(-0.0547114 0.000512987 0)
(-0.0573058 0.000310667 0)
(-0.0570799 -0.000655418 0)
(-0.0594013 -0.000119156 0)
(-0.0568877 -0.00138142 0)
(-0.059773 -0.000293911 0)
(-0.0570519 -0.00108545 0)
(-0.0595483 -0.000743227 0)
(-0.0585203 -0.000619342 0)
(-0.0595435 -0.00124254 0)
(-0.0604019 -0.000502668 0)
(-0.058835 -0.00252068 0)
(-0.0580916 -0.00287916 0)
(-0.0524595 -0.00764793 0)
(-0.051635 -0.012475 0)
(-0.00352753 -0.0223455 0)
(-0.00817043 0.0336819 0)
(-0.0206506 0.0224948 0)
(-0.0206963 0.0113241 0)
(-0.0254313 0.0072231 0)
(-0.0217686 0.00260046 0)
(-0.0279842 0.00297431 0)
(-0.0207626 0.000564763 0)
(-0.0296205 0.00137631 0)
(-0.021497 0.000126003 0)
(-0.0284852 0.00131181 0)
(-0.0233837 0.00083963 0)
(-0.025991 0.00146092 0)
(-0.02629 0.000813273 0)
(-0.0265375 0.00103249 0)
(-0.0285626 0.00051835 0)
(-0.0279719 0.000160928 0)
(-0.0264878 -0.00116588 0)
(-0.0281304 -0.0114046 0)
(-0.0348196 -0.0243262 0)
(-0.00513428 -0.0493267 0)
(-0.00594861 0.040511 0)
(-0.00823701 0.0263696 0)
(-0.00756758 0.0119069 0)
(-0.00795217 0.0052068 0)
(-0.00444483 0.00205059 0)
(-0.00910312 0.00178013 0)
(-0.00403589 0.000287445 0)
(-0.0103879 0.000318704 0)
(-0.00638152 -0.000523361 0)
(-0.0118696 -0.000684682 0)
(-0.00971974 -0.000850468 0)
(-0.0130254 -0.000302379 0)
(-0.0118231 0.00151008 0)
(-0.0121141 0.000108561 0)
(-0.0136176 0.00142896 0)
(-0.0071359 -0.00259026 0)
(-0.0149195 -0.00096562 0)
(0.0042639 -0.000192351 0)
(-0.0127431 -0.0155889 0)
(0.00167014 -0.0599155 0)
(-0.00152745 0.0464281 0)
(-0.00405943 0.0290446 0)
(-0.000314867 0.00903574 0)
(-0.00149008 0.00542217 0)
(0.000770177 0.00263776 0)
(-0.00313909 0.00259128 0)
(-0.00067656 0.00207888 0)
(-0.00508222 0.00270241 0)
(-0.00260124 0.00218785 0)
(-0.00645527 0.00334712 0)
(-0.00467058 0.00286221 0)
(-0.00644785 0.00228301 0)
(-0.00620488 0.000949699 0)
(-0.00374564 0.000673599 0)
(-0.00743327 -0.00236862 0)
(-0.00283727 -0.00260129 0)
(-0.0116344 -0.0112173 0)
(-0.00317919 -0.0171363 0)
(-0.00907235 -0.0233622 0)
(0.00204877 -0.0640903 0)
(-0.00129315 0.0449601 0)
(-0.00020444 0.0263769 0)
(0.000535515 0.00866508 0)
(0.000950472 0.00374147 0)
(0.00128137 0.00340566 0)
(-0.000823552 0.0030749 0)
(-0.000551306 0.00253364 0)
(-0.00230915 0.0022286 0)
(-0.00234747 0.00170088 0)
(-0.00273887 0.00124118 0)
(-0.00303166 0.000229994 0)
(-0.0026275 0.000694198 0)
(-0.00475304 -0.000162464 0)
(-0.000950549 0.000665893 0)
(-0.00857472 0.00167349 0)
(-0.00208827 0.00127416 0)
(-0.00930151 0.00207235 0)
(0.00359425 -0.00610962 0)
(-0.00294422 -0.0138448 0)
(0.00442008 -0.0649748 0)
(-6.44559e-06 0.048088 0)
(-0.000778111 0.0275888 0)
(0.00105814 0.00674377 0)
(-0.000125179 0.00527743 0)
(-0.000782439 0.00395183 0)
(-0.00161937 0.00455008 0)
(-0.0020201 0.00340229 0)
(-0.00256141 0.00382356 0)
(-0.00345952 0.00291031 0)
(-0.00299319 0.00297853 0)
(-0.00322967 0.00305804 0)
(-0.00291059 0.00285296 0)
(-0.00554275 -0.000275758 0)
(0.000401463 0.00376112 0)
(-0.00685797 -7.09187e-05 0)
(0.00216183 -0.00418384 0)
(-0.00745535 -0.0157257 0)
(0.000138529 -0.023829 0)
(-0.00630524 -0.0271608 0)
(0.00474455 -0.0668872 0)
(-0.00117178 0.0437145 0)
(0.00166948 0.023346 0)
(0.000758823 0.0083678 0)
(0.000759583 0.00480835 0)
(0.000144456 0.00527635 0)
(0.000340874 0.00405484 0)
(-0.00157844 0.00404444 0)
(-0.00172988 0.00368096 0)
(-0.00189481 0.00261414 0)
(0.000237102 0.00107996 0)
(-0.0038593 0.00086014 0)
(-0.00190748 0.00384082 0)
(-0.00464867 -0.0029813 0)
(0.00283739 0.000679562 0)
(-0.00770164 0.00137881 0)
(0.00452009 0.000849555 0)
(-0.00658556 0.00620502 0)
(0.00469049 -0.00995727 0)
(-0.0043403 -0.0136865 0)
(0.00585504 -0.0661293 0)
(6.76292e-05 0.048351 0)
(9.58638e-06 0.0277362 0)
(3.98185e-05 0.0078385 0)
(0.000427732 0.00685698 0)
(-0.00157705 0.00421226 0)
(-0.00110406 0.0066731 0)
(-0.00199784 0.0052717 0)
(-0.00203783 0.0036192 0)
(-0.00113318 0.00121432 0)
(0.000181433 0.00450503 0)
(-0.00609749 0.00467666 0)
(-0.0107527 0.00218779 0)
(-0.00605413 -0.00513817 0)
(-0.00174231 0.00769587 0)
(-0.0073467 -0.00114346 0)
(-0.00371597 -0.00612666 0)
(-0.00556081 -0.0142826 0)
(0.0048194 -0.0272992 0)
(-0.00809059 -0.0314998 0)
(0.00592993 -0.0676745 0)
(-0.00100836 0.043133 0)
(0.00230649 0.021518 0)
(0.000327767 0.00690689 0)
(-5.24083e-05 0.005395 0)
(-0.000163779 0.0063935 0)
(-0.00132253 0.00363785 0)
(0.00121826 0.00487952 0)
(0.00195507 0.00248931 0)
(0.000653076 0.000567659 0)
(-0.00445933 0.00595621 0)
(-0.00597381 0.0131797 0)
(-0.0083011 0.00633238 0)
(-0.00166784 -0.0136967 0)
(0.00256094 0.000453929 0)
(-0.00648077 0.00435233 0)
(0.00177451 -0.00319455 0)
(-0.00566437 -0.00243282 0)
(0.0024515 -0.00695373 0)
(-0.00496187 -0.0105028 0)
(0.00704332 -0.0655014 0)
(9.35064e-05 0.0465017 0)
(0.000929636 0.0286387 0)
(1.96314e-05 0.0114335 0)
(0.00241963 0.00859324 0)
(-0.000321359 0.00659604 0)
(-0.00228185 0.00618948 0)
(-0.0020904 0.00283897 0)
(-0.00118645 0.00454811 0)
(-0.0082149 0.00828788 0)
(-0.0107528 0.0105199 0)
(-0.0150889 0.0061294 0)
(-0.0128979 -0.00241205 0)
(-0.00467108 -0.0154385 0)
(-0.00471462 0.0133065 0)
(-0.00356483 0.00147903 0)
(0.000233064 -0.00671447 0)
(-0.00777629 -0.012456 0)
(-0.00337644 -0.0281577 0)
(-0.00848043 -0.0355821 0)
(0.00661328 -0.0705213 0)
(-0.00056334 0.0429619 0)
(0.000699186 0.0201055 0)
(-0.000661197 0.00360913 0)
(-0.00134469 0.00484856 0)
(-0.0055128 0.00992425 0)
(-0.0049798 0.00362492 0)
(-0.00757173 0.00336054 0)
(-0.00875188 0.00733645 0)
(-0.00890008 0.010809 0)
(-0.00693852 0.0133554 0)
(-0.00613262 0.0143406 0)
(-0.0071271 -0.00278328 0)
(-0.00826808 -0.0254878 0)
(0.00272767 -0.00183996 0)
(0.00204646 -0.000878164 0)
(0.00729333 -0.00118151 0)
(-0.00344098 -0.000591064 0)
(5.04749e-05 -0.0107843 0)
(-0.00744784 -0.0246969 0)
(0.00560923 -0.06717 0)
(-0.000164809 0.0447207 0)
(0.00154296 0.0289093 0)
(0.000929512 0.0148868 0)
(-0.00422332 0.0140013 0)
(-0.00709727 0.012447 0)
(-0.00377093 0.00824275 0)
(-0.0121028 0.00808444 0)
(-0.014438 0.00657514 0)
(-0.0150516 0.00786289 0)
(-0.0118187 0.0068859 0)
(-0.00550273 0.00929267 0)
(0.000377821 -0.000358471 0)
(-0.00725135 -0.0207845 0)
(-0.00143987 0.00197742 0)
(-0.00220456 -0.000231968 0)
(0.0111643 -0.00216685 0)
(0.00466553 -0.000952937 0)
(0.0157834 -0.0211767 0)
(-0.0037348 -0.0356201 0)
(0.0066532 -0.0691425 0)
(0.000923562 0.0431718 0)
(-0.00112957 0.0214138 0)
(0.000619314 0.00865065 0)
(-0.00258922 0.0114394 0)
(0.00318458 0.00974745 0)
(0.00218063 0.00682448 0)
(-0.00157691 0.0118738 0)
(-0.00482403 0.00912107 0)
(-0.0104203 0.00864419 0)
(-0.00678785 0.00280015 0)
(-0.00430467 -0.00122368 0)
(-0.00012513 -0.000921074 0)
(0.00195739 -0.0236913 0)
(-0.00467014 -0.00982503 0)
(0.00211847 -0.0131401 0)
(0.000930685 -0.0116688 0)
(-0.0042884 -0.00228094 0)
(0.0108568 -0.00833185 0)
(-0.00491242 -0.0142239 0)
(0.00633065 -0.0644815 0)
(-0.00140403 0.0434064 0)
(0.0017835 0.0259971 0)
(-0.001637 0.0163635 0)
(0.00535738 0.0111446 0)
(0.00290833 0.00925405 0)
(0.00840048 0.0112354 0)
(0.00759093 0.017727 0)
(0.00955825 0.0135603 0)
(0.00444178 0.0119103 0)
(0.00722869 0.00173308 0)
(0.00855195 0.000524322 0)
(0.00592447 -0.00556269 0)
(0.0105615 -0.0145609 0)
(-0.00452101 0.000963779 0)
(0.0116813 -0.0017605 0)
(-0.00530352 0.00372909 0)
(0.00165956 -0.0105269 0)
(0.0127523 -0.0196937 0)
(-0.00209173 -0.0312948 0)
(0.00684243 -0.0678941 0)
(0.00131471 0.0432033 0)
(0.00036372 0.0234826 0)
(0.000278826 0.00649081 0)
(0.00228772 0.0047175 0)
(0.00663585 0.00974154 0)
(0.00904113 0.00140588 0)
(0.00995929 0.0116753 0)
(0.0249919 0.0130874 0)
(0.0170768 0.0106654 0)
(0.0269138 0.00300613 0)
(0.0221435 -0.00405065 0)
(0.0225564 0.00196559 0)
(0.0206675 -0.015399 0)
(0.0207219 -0.0118271 0)
(0.0234083 -0.014063 0)
(0.0251385 -0.00356837 0)
(0.0194839 -0.0190739 0)
(0.0137783 -0.00977936 0)
(-0.00615765 -0.00585868 0)
(0.0065922 -0.0644009 0)
(-0.00125492 0.0422988 0)
(0.00451027 0.0259389 0)
(0.000932001 0.0157476 0)
(0.00602682 0.00405471 0)
(-0.0066115 0.00364627 0)
(0.0191877 0.0046056 0)
(-0.00231892 0.00561887 0)
(0.0357755 0.000959746 0)
(0.0148521 0.011916 0)
(0.0365615 0.0010126 0)
(0.0203848 -0.000834678 0)
(0.030776 0.00121808 0)
(0.0245911 -0.0157629 0)
(0.0180372 -0.00432353 0)
(0.0149549 0.001793 0)
(0.0103788 0.00315749 0)
(-0.00910908 0.00969686 0)
(0.00213997 0.00435453 0)
(-0.00378278 -0.0224375 0)
(0.00543344 -0.0676652 0)
(0.00250253 0.0386081 0)
(0.00331536 0.0207068 0)
(0.00156446 0.00444288 0)
(0.00964194 0.00976229 0)
(0.00384813 -0.000559788 0)
(0.00947844 -0.0062859 0)
(0.0103883 -0.00511435 0)
(0.0210607 -0.00130909 0)
(0.0157726 0.00357534 0)
(0.0296761 0.00186268 0)
(0.0204825 -0.00369694 0)
(0.0274957 0.00305409 0)
(0.0175974 0.000738819 0)
(-0.0173538 -0.010557 0)
(-0.00197218 -0.00243381 0)
(-0.00608171 0.0143725 0)
(0.00284332 -0.0143843 0)
(0.0182838 -0.0153893 0)
(-0.000725105 -0.0167855 0)
(0.00548738 -0.0605971 0)
(0.000587267 0.0364766 0)
(0.0124822 0.025213 0)
(0.0119279 0.0130869 0)
(0.0076893 0.00114858 0)
(0.0175963 0.00420791 0)
(0.0132664 -0.00329315 0)
(0.0152759 -0.00557636 0)
(0.0149027 -0.0053391 0)
(0.0186583 0.00375509 0)
(0.0206505 -0.00318205 0)
(0.0241379 0.00340144 0)
(0.0217755 0.00511173 0)
(0.0367762 0.0184379 0)
(0.0222179 0.0233288 0)
(0.0237619 -0.0112794 0)
(0.0102591 0.00443036 0)
(0.0275373 -0.0101187 0)
(0.00260981 0.00778736 0)
(0.00414435 0.00227446 0)
(0.012148 -0.0601926 0)
(0.00862968 0.0262472 0)
(0.0089879 0.015556 0)
(0.0206868 0.00659282 0)
(0.0182272 0.00301446 0)
(0.01112 -0.00288604 0)
(0.0142714 -0.00414844 0)
(-0.00296866 -0.00599888 0)
(-0.00520735 -0.00158373 0)
(-0.013079 -0.0049175 0)
(-0.0127323 -0.00485381 0)
(-0.0227823 -0.00880429 0)
(-0.0139735 -0.00362813 0)
(-0.0230072 0.000292265 0)
(0.00907766 0.00501714 0)
(-0.00319857 0.00334683 0)
(-0.00471945 0.00572176 0)
(0.0086065 -0.00360853 0)
(-0.0200335 0.00102018 0)
(0.0255043 -0.0350956 0)
(0.0100156 -0.0569458 0)
(0.00807891 0.0184402 0)
(0.032299 0.0129087 0)
(0.034053 0.01009 0)
(0.0495027 0.00694154 0)
(0.0464808 0.0093181 0)
(0.0561935 0.00721543 0)
(0.0517473 0.0113417 0)
(0.0586922 0.00742083 0)
(0.0569649 0.00968447 0)
(0.0622126 0.00677029 0)
(0.0627121 0.00915096 0)
(0.062942 0.00348524 0)
(0.0622703 0.00220869 0)
(0.0619378 -0.00353849 0)
(0.0631566 0.00233666 0)
(0.0659983 -0.00291874 0)
(0.0660839 0.00106242 0)
(0.0658012 -0.003039 0)
(0.0555573 -0.00840233 0)
(0.0334067 -0.00923431 0)
)
;

boundaryField
{
    movingWall
    {
        type            fixedValue;
        value           uniform (1 0 0);
    }
    fixedWalls
    {
        type            noSlip;
    }
    frontAndBack
    {
        type            empty;
    }
}


// ************************************************************************* //
