/*--------------------------------*- C++ -*----------------------------------*\
| =========                 |                                                 |
| \\      /  F ield         | OpenFOAM: The Open Source CFD Toolbox           |
|  \\    /   O peration     | Version:  5.x                                   |
|   \\  /    A nd           | Web:      www.OpenFOAM.org                      |
|    \\/     M anipulation  |                                                 |
\*---------------------------------------------------------------------------*/
FoamFile
{
    version     2.0;
    format      ascii;
    class       volScalarField;
    location    "12.4";
    object      p;
}
// * * * * * * * * * * * * * * * * * * * * * * * * * * * * * * * * * * * * * //

dimensions      [0 2 -2 0 0 0 0];

internalField   nonuniform List<scalar> 
400
(
4.0447e-10
-0.000469836
-0.000818416
-0.00103896
-0.00113516
-0.0011855
-0.00120127
-0.00121399
-0.00122152
-0.00122364
-0.00122137
-0.00121679
-0.00119566
-0.00117827
-0.00120318
-0.00116685
-0.00103226
-0.00075703
-0.000588632
0.000346164
-0.000502693
-0.000848294
-0.00103753
-0.00116389
-0.00118936
-0.00121132
-0.0012119
-0.00121266
-0.0012396
-0.00120907
-0.00123228
-0.00120739
-0.00120389
-0.00118253
-0.00122084
-0.00122901
-0.00121952
-0.00108685
-0.00103663
-0.000389841
-0.000820557
-0.00105739
-0.00114654
-0.00119168
-0.00121855
-0.00121062
-0.00122153
-0.0012149
-0.00122876
-0.0012141
-0.0012269
-0.00120941
-0.00121683
-0.00119784
-0.00122355
-0.00121333
-0.0012104
-0.00114857
-0.00108251
-0.000825339
-0.00101987
-0.00116105
-0.00120485
-0.00120746
-0.00122332
-0.00121554
-0.00122468
-0.00121775
-0.00122681
-0.00121613
-0.00122205
-0.00120812
-0.00121615
-0.00119503
-0.00121985
-0.00121379
-0.00120308
-0.0011893
-0.0012331
-0.00108527
-0.00112277
-0.00120461
-0.00120168
-0.00121025
-0.00121479
-0.00121705
-0.00122403
-0.00122199
-0.00122795
-0.00121742
-0.00122552
-0.0012077
-0.0012201
-0.00120198
-0.00121817
-0.00121255
-0.0012171
-0.00120303
-0.0011895
-0.00114065
-0.00119661
-0.00120224
-0.00121606
-0.00121456
-0.00122605
-0.00122498
-0.00123242
-0.00122913
-0.00123074
-0.00122327
-0.00122244
-0.0012102
-0.00121489
-0.00119893
-0.00120896
-0.00119546
-0.00121283
-0.00118036
-0.00121449
-0.00118058
-0.00120819
-0.00123352
-0.00123344
-0.00122906
-0.00123092
-0.00123501
-0.00123952
-0.00123801
-0.00123722
-0.00122944
-0.00122769
-0.00121312
-0.00122065
-0.00120648
-0.0012172
-0.00120892
-0.00121336
-0.00119842
-0.00120936
-0.00117545
-0.00125291
-0.00126399
-0.00125422
-0.00124139
-0.00125069
-0.00125574
-0.00126042
-0.00125695
-0.00124887
-0.00123912
-0.00122653
-0.00121444
-0.00121354
-0.00120022
-0.00120981
-0.0011856
-0.00120779
-0.00116836
-0.00118175
-0.00116877
-0.00127703
-0.00123929
-0.00125344
-0.00125617
-0.00126953
-0.00128338
-0.00128791
-0.00127983
-0.00127022
-0.0012561
-0.00123367
-0.0012211
-0.00122295
-0.00120508
-0.0012163
-0.00120751
-0.00121788
-0.00118107
-0.00121473
-0.00115518
-0.00126243
-0.00127691
-0.00126813
-0.00128364
-0.00132154
-0.00135224
-0.00136124
-0.00132991
-0.0013001
-0.00127728
-0.00123559
-0.00121372
-0.00121359
-0.00119946
-0.00121082
-0.00119089
-0.00120975
-0.0011537
-0.00116601
-0.00115477
-0.00131628
-0.00131734
-0.00131525
-0.001362
-0.00144436
-0.00151748
-0.00151965
-0.00146079
-0.00136238
-0.00129729
-0.00124539
-0.00122226
-0.00123168
-0.00122453
-0.00123243
-0.00119572
-0.00121666
-0.00119032
-0.00120724
-0.0011698
-0.00131401
-0.00132283
-0.00135362
-0.00145726
-0.00162584
-0.00180477
-0.00182617
-0.00171661
-0.00147705
-0.00131912
-0.00122971
-0.00120967
-0.00120977
-0.00120668
-0.00124892
-0.00117155
-0.00116649
-0.00115624
-0.00116256
-0.00118651
-0.00130336
-0.00136533
-0.00140999
-0.00160437
-0.00181129
-0.00202487
-0.00209315
-0.00189054
-0.00156892
-0.00135779
-0.00126736
-0.00122856
-0.00124032
-0.00126606
-0.00127962
-0.00119759
-0.00125201
-0.00119689
-0.00126681
-0.00118463
-0.00129597
-0.00136073
-0.00142071
-0.00158107
-0.00182766
-0.00198217
-0.00208001
-0.00191615
-0.00158757
-0.00135204
-0.00126293
-0.00125126
-0.0012758
-0.00118766
-0.00121994
-0.00113013
-0.0011301
-0.00109774
-0.00109454
-0.00108519
-0.00117561
-0.00125272
-0.00131137
-0.00147703
-0.00167301
-0.00181302
-0.0019412
-0.00179006
-0.00152608
-0.00137048
-0.00121072
-0.00117084
-0.0011875
-0.00133495
-0.00134062
-0.00111353
-0.00124868
-0.00113309
-0.00122561
-0.0010267
-0.000997971
-0.00111204
-0.00118963
-0.00132108
-0.00147714
-0.00158142
-0.00160757
-0.00157447
-0.0014433
-0.00136691
-0.00132498
-0.00139697
-0.00142691
-0.00141001
-0.00122848
-0.000949623
-0.00097769
-0.000925826
-0.00101076
-0.000960478
-0.000736956
-0.000938694
-0.00101132
-0.00114805
-0.001292
-0.00139807
-0.00141079
-0.00131087
-0.0012731
-0.00135153
-0.00149065
-0.00135979
-0.00131445
-0.00124714
-0.00109066
-0.00121813
-0.00121567
-0.00107322
-0.00126148
-0.0010023
-0.000604318
-0.000846359
-0.000890435
-0.000940998
-0.00106343
-0.00117254
-0.00126163
-0.00132212
-0.00135672
-0.00138799
-0.00135794
-0.00122982
-0.00117041
-0.00110424
-0.00110406
-0.00117832
-0.0011704
-0.00100857
-0.000995891
-0.000747054
-0.00072666
-0.000881277
-0.000772094
-0.000789757
-0.000865682
-0.00101682
-0.0012565
-0.00134194
-0.00130674
-0.0013636
-0.00138723
-0.00135071
-0.00140636
-0.001077
-0.00116141
-0.00112944
-0.00102855
-0.00129825
-0.000846005
-0.000588408
-0.000808047
-0.000767932
-0.000690308
-0.000870843
-0.00100162
-0.00116069
-0.00130082
-0.00135688
-0.00129743
-0.00123111
-0.0011961
-0.00116816
-0.00112623
-0.0010659
-0.00105858
-0.00109932
-0.00116723
-0.00093927
-0.000327266
0.000916081
)
;

boundaryField
{
    movingWall
    {
        type            zeroGradient;
    }
    fixedWalls
    {
        type            zeroGradient;
    }
    frontAndBack
    {
        type            empty;
    }
}


// ************************************************************************* //
