/*--------------------------------*- C++ -*----------------------------------*\
| =========                 |                                                 |
| \\      /  F ield         | OpenFOAM: The Open Source CFD Toolbox           |
|  \\    /   O peration     | Version:  5.x                                   |
|   \\  /    A nd           | Web:      www.OpenFOAM.org                      |
|    \\/     M anipulation  |                                                 |
\*---------------------------------------------------------------------------*/
FoamFile
{
    version     2.0;
    format      ascii;
    class       surfaceScalarField;
    location    "12.8";
    object      phi;
}
// * * * * * * * * * * * * * * * * * * * * * * * * * * * * * * * * * * * * * //

dimensions      [0 3 -1 0 0 0 0];

internalField   nonuniform List<scalar> 
760
(
-1.08306e-06
1.08306e-06
-1.76605e-06
6.82995e-07
-2.08866e-06
3.22605e-07
-2.27987e-06
1.91212e-07
-2.34764e-06
6.77774e-08
-2.4009e-06
5.32505e-08
-2.41143e-06
1.05329e-08
-2.42203e-06
1.06022e-08
-2.40804e-06
-1.39945e-08
-2.4184e-06
1.03639e-08
-2.41719e-06
-1.20745e-09
-2.42952e-06
1.23309e-08
-2.45259e-06
2.30651e-08
-2.40671e-06
-4.58776e-08
-2.38101e-06
-2.57019e-08
-2.30986e-06
-7.11451e-08
-2.21686e-06
-9.30006e-08
-1.88165e-06
-3.35209e-07
-1.19614e-06
-6.85516e-07
-1.19614e-06
-5.69416e-07
1.65247e-06
-9.57145e-07
1.07072e-06
-1.04541e-06
4.10873e-07
-1.07824e-06
2.24042e-07
-1.05194e-06
4.14767e-08
-1.03528e-06
3.65856e-08
-1.01591e-06
-8.83386e-09
-1.00433e-06
-9.84662e-10
-9.9364e-07
-2.46795e-08
-9.7755e-07
-5.72699e-09
-9.76858e-07
-1.89897e-09
-9.47761e-07
-1.67663e-08
-9.63016e-07
3.83203e-08
-9.9703e-07
-1.18633e-08
-1.06413e-06
4.13977e-08
-1.04427e-06
-9.10013e-08
-1.00149e-06
-1.35785e-07
-9.99136e-07
-3.37562e-07
-9.4258e-07
-7.42072e-07
-2.13872e-06
-2.72024e-07
1.9245e-06
-4.04349e-07
1.20305e-06
-3.84634e-07
3.91159e-07
-3.4981e-07
1.89218e-07
-3.18421e-07
1.0088e-08
-3.07291e-07
2.54551e-08
-2.77043e-07
-3.9081e-08
-2.83897e-07
5.86932e-09
-2.54485e-07
-5.40916e-08
-2.61617e-07
1.40467e-09
-2.38413e-07
-2.51032e-08
-2.57384e-07
2.20494e-09
-2.61125e-07
4.20617e-08
-2.98659e-07
2.56709e-08
-3.16551e-07
5.92892e-08
-3.04117e-07
-1.03436e-07
-2.32146e-07
-2.07755e-07
-1.08178e-07
-4.6153e-07
-1.99794e-07
-6.50457e-07
-2.33851e-06
-1.6794e-07
2.09244e-06
-1.91447e-07
1.22656e-06
-1.55602e-07
3.55314e-07
-1.46075e-07
1.79691e-07
-1.69585e-07
3.35986e-08
-1.92426e-07
4.82958e-08
-2.19301e-07
-1.2206e-08
-2.38972e-07
2.55401e-08
-2.55356e-07
-3.77069e-08
-2.52462e-07
-1.48968e-09
-2.54672e-07
-2.28936e-08
-2.44418e-07
-8.04854e-09
-2.15212e-07
1.28552e-08
-1.67248e-07
-2.22924e-08
-1.32257e-07
2.42974e-08
-2.24655e-08
-2.13227e-07
-9.38335e-08
-1.36387e-07
-2.49914e-07
-3.0545e-07
-2.04179e-07
-6.96192e-07
-2.54269e-06
-4.78692e-08
2.1403e-06
-5.10249e-08
1.22971e-06
-2.46732e-08
3.28962e-07
-6.59778e-08
2.20996e-07
-1.52294e-07
1.19915e-07
-1.98708e-07
9.471e-08
-2.34809e-07
2.38946e-08
-2.37067e-07
2.77983e-08
-2.24612e-07
-5.01621e-08
-2.12278e-07
-1.38234e-08
-1.68679e-07
-6.64928e-08
-1.30993e-07
-4.57337e-08
-7.47822e-08
-4.3356e-08
-1.33493e-08
-8.37253e-08
3.55158e-08
-2.45676e-08
7.78898e-08
-2.55601e-07
7.88328e-08
-1.3733e-07
8.87509e-08
-3.15368e-07
4.07756e-08
-6.48216e-07
-2.50192e-06
-4.1788e-08
2.18209e-06
-1.66836e-08
1.20461e-06
-4.19832e-08
3.54262e-07
-1.0573e-07
2.84742e-07
-1.89243e-07
2.03428e-07
-2.3389e-07
1.39357e-07
-2.6861e-07
5.86152e-08
-2.7299e-07
3.2178e-08
-2.61752e-07
-6.14e-08
-2.5244e-07
-2.3136e-08
-2.14432e-07
-1.04501e-07
-1.827e-07
-7.74648e-08
-1.52289e-07
-7.37674e-08
-1.06587e-07
-1.29428e-07
-1.04672e-07
-2.6482e-08
-1.38428e-07
-2.21845e-07
-6.93047e-08
-2.06454e-07
-3.74959e-08
-3.47177e-07
-7.91039e-08
-6.06608e-07
-2.58102e-06
-3.44857e-08
2.21658e-06
-5.25787e-08
1.2227e-06
-1.24708e-07
4.26391e-07
-1.44297e-07
3.04331e-07
-2.20582e-07
2.79712e-07
-2.83107e-07
2.01883e-07
-3.11795e-07
8.73031e-08
-3.05678e-07
2.6061e-08
-2.70358e-07
-9.67202e-08
-2.59017e-07
-3.44774e-08
-1.8139e-07
-1.82127e-07
-1.38028e-07
-1.20827e-07
-6.91957e-08
-1.426e-07
-1.39121e-08
-1.84711e-07
4.59804e-08
-8.63746e-08
1.21334e-07
-2.97199e-07
7.73575e-08
-1.62477e-07
6.72467e-08
-3.37066e-07
4.20732e-08
-5.81435e-07
-2.53895e-06
-5.81355e-08
2.27471e-06
-3.30097e-08
1.19757e-06
-8.8584e-08
4.81965e-07
-2.24235e-07
4.39983e-07
-3.1638e-07
3.71857e-07
-3.66232e-07
2.51734e-07
-4.0217e-07
1.23242e-07
-3.86461e-07
1.03516e-08
-3.43199e-07
-1.39982e-07
-3.40034e-07
-3.76422e-08
-2.49942e-07
-2.72219e-07
-2.13391e-07
-1.57377e-07
-1.80804e-07
-1.75188e-07
-1.8602e-07
-1.79495e-07
-1.0357e-07
-1.68824e-07
-8.79567e-08
-3.12813e-07
-1.0476e-07
-1.45673e-07
-4.32022e-08
-3.98623e-07
-4.325e-08
-5.81387e-07
-2.5822e-06
-7.8987e-09
2.28261e-06
-4.69085e-08
1.23658e-06
-1.77721e-07
6.12778e-07
-2.44785e-07
5.07047e-07
-3.41916e-07
4.68988e-07
-4.54406e-07
3.64224e-07
-4.58378e-07
1.27213e-07
-3.96679e-07
-5.13471e-08
-3.62292e-07
-1.74369e-07
-3.5621e-07
-4.37239e-08
-1.94125e-07
-4.34304e-07
-1.7187e-07
-1.79633e-07
-1.33935e-07
-2.13122e-07
-1.48931e-07
-1.645e-07
-2.33977e-08
-2.94357e-07
7.43187e-08
-4.10529e-07
5.17114e-08
-1.23066e-07
4.80056e-08
-3.94918e-07
-8.36914e-09
-5.25012e-07
-2.59057e-06
-3.59795e-09
2.28621e-06
1.28771e-08
1.22011e-06
-1.04008e-07
7.29664e-07
-3.20954e-07
7.23992e-07
-5.58826e-07
7.0686e-07
-6.95786e-07
5.01184e-07
-6.97668e-07
1.29095e-07
-5.70976e-07
-1.78039e-07
-4.76984e-07
-2.68361e-07
-3.60652e-07
-1.60056e-07
-2.08028e-07
-5.86928e-07
-1.90611e-07
-1.9705e-07
-1.93801e-07
-2.09932e-07
-2.41919e-07
-1.16381e-07
-2.37766e-07
-2.98511e-07
-2.76322e-07
-3.71972e-07
-1.88819e-07
-2.10569e-07
-4.25164e-08
-5.41221e-07
9.18553e-09
-5.76714e-07
-2.58138e-06
-3.35689e-08
2.31978e-06
-8.42325e-08
1.27077e-06
-2.38489e-07
8.83921e-07
-5.12997e-07
9.985e-07
-8.00751e-07
9.94614e-07
-9.69637e-07
6.7007e-07
-1.01059e-06
1.70046e-07
-8.5528e-07
-3.33348e-07
-5.49126e-07
-5.74515e-07
-2.02007e-07
-5.07175e-07
-3.83464e-08
-7.50588e-07
-4.64925e-08
-1.88904e-07
-1.07589e-07
-1.48836e-07
-2.11897e-07
-1.20733e-08
-2.50524e-07
-2.59885e-07
-2.7731e-07
-3.45186e-07
-1.42357e-07
-3.45522e-07
-4.97838e-08
-6.33794e-07
-3.38732e-08
-5.92624e-07
-2.61525e-06
6.05541e-09
2.31372e-06
-4.99713e-08
1.3268e-06
-2.69916e-07
1.10387e-06
-5.76429e-07
1.30501e-06
-7.81269e-07
1.19945e-06
-9.17546e-07
8.06346e-07
-9.62251e-07
2.14751e-07
-8.38326e-07
-4.57273e-07
-5.15916e-07
-8.96925e-07
-1.24092e-07
-8.98999e-07
7.74639e-09
-8.82426e-07
5.11026e-08
-2.3226e-07
4.94132e-08
-1.47146e-07
-8.05872e-09
4.53986e-08
-1.26518e-07
-1.41425e-07
-1.40242e-07
-3.31462e-07
-1.77008e-07
-3.08756e-07
-2.38472e-07
-5.72329e-07
2.92106e-08
-8.60307e-07
-2.58604e-06
5.43215e-08
2.2594e-06
3.23162e-08
1.3488e-06
-1.23551e-07
1.25973e-06
-2.57301e-07
1.43876e-06
-3.43965e-07
1.28612e-06
-3.36901e-07
7.99282e-07
-3.10259e-07
1.88108e-07
-2.19534e-07
-5.47997e-07
-2.55795e-08
-1.09088e-06
2.08539e-07
-1.13312e-06
2.17886e-07
-8.91773e-07
3.60112e-07
-3.74486e-07
4.80671e-07
-2.67706e-07
5.197e-07
6.36993e-09
4.83174e-07
-1.04899e-07
4.54244e-07
-3.02532e-07
2.86257e-07
-1.40769e-07
8.87507e-08
-3.74823e-07
-2.42615e-08
-7.47295e-07
-2.6103e-06
9.73223e-08
2.16208e-06
1.02093e-07
1.34403e-06
1.16903e-07
1.24492e-06
1.81985e-07
1.37368e-06
2.12292e-07
1.25581e-06
3.19841e-07
6.91733e-07
4.444e-07
6.35489e-08
4.62465e-07
-5.66061e-07
4.36432e-07
-1.06485e-06
6.17304e-07
-1.31399e-06
4.36966e-07
-7.11436e-07
1.82505e-07
-1.20025e-07
6.09152e-08
-1.46115e-07
2.07978e-08
4.64873e-08
1.54909e-07
-2.3901e-07
8.08423e-08
-2.28466e-07
1.522e-07
-2.12127e-07
1.59526e-07
-3.82149e-07
1.04025e-07
-6.91795e-07
-2.50628e-06
1.34945e-07
2.02714e-06
2.96165e-07
1.18281e-06
3.60952e-07
1.18014e-06
6.02565e-07
1.13207e-06
8.28708e-07
1.02967e-06
1.0067e-06
5.13745e-07
9.68995e-07
1.0125e-07
1.05708e-06
-6.54147e-07
1.00186e-06
-1.00963e-06
7.51799e-07
-1.06393e-06
5.97756e-07
-5.57392e-07
4.11694e-07
6.60372e-08
2.83062e-07
-1.74838e-08
-5.99747e-08
3.89524e-07
-1.30011e-07
-1.68974e-07
-1.63587e-07
-1.94889e-07
1.3496e-07
-5.10675e-07
1.6683e-07
-4.14019e-07
-7.0094e-08
-4.5487e-07
-2.57637e-06
1.7085e-07
1.85629e-06
2.49163e-07
1.1045e-06
6.04056e-07
8.25244e-07
7.4252e-07
9.93604e-07
1.05428e-06
7.17909e-07
1.22737e-06
3.40653e-07
1.34512e-06
-1.65001e-08
1.32969e-06
-6.38718e-07
1.14391e-06
-8.23847e-07
5.69776e-07
-4.89792e-07
3.73143e-07
-3.60759e-07
7.16277e-07
-2.77097e-07
1.04523e-06
-3.46434e-07
1.33982e-06
9.49296e-08
1.13279e-06
3.8061e-08
5.41833e-07
3.96065e-07
1.50858e-07
-1.197e-07
-7.19518e-08
-1.91209e-07
6.52645e-08
-5.92087e-07
-2.51111e-06
3.54149e-07
1.50214e-06
5.21123e-07
9.37526e-07
7.23637e-07
6.2273e-07
9.88478e-07
7.28763e-07
1.18277e-06
5.23618e-07
1.33398e-06
1.89447e-07
1.58346e-06
-2.65981e-07
1.45005e-06
-5.05314e-07
8.0046e-07
-1.74255e-07
2.51183e-07
5.94847e-08
-1.42279e-07
3.27029e-08
-2.40922e-07
-1.78454e-07
-4.11477e-07
-1.75879e-07
-1.96811e-07
-1.19736e-07
-1.92667e-08
-1.39483e-07
-2.23251e-07
6.0005e-07
4.96273e-08
-3.92578e-07
-1.67668e-08
-1.24815e-07
-1.08083e-07
-5.00771e-07
-2.61919e-06
6.38809e-07
8.63327e-07
1.13987e-06
4.36468e-07
1.36206e-06
4.00536e-07
1.55847e-06
5.32351e-07
1.72489e-06
3.57198e-07
1.89587e-06
1.84697e-08
1.92599e-06
-2.96099e-07
1.76107e-06
-3.40395e-07
1.76262e-06
-1.75811e-07
1.84962e-06
-2.75148e-08
1.8868e-06
-4.46887e-09
1.74874e-06
-4.04032e-08
1.32521e-06
2.47655e-07
8.17763e-07
3.87711e-07
7.2215e-07
-4.38701e-08
6.59708e-07
6.62492e-07
5.59e-07
-2.91869e-07
4.26458e-07
7.7268e-09
2.88662e-07
-3.62975e-07
-2.33053e-06
1.90396e-07
6.72931e-07
4.45197e-07
1.81667e-07
6.23034e-07
2.22699e-07
7.25947e-07
4.29438e-07
7.26996e-07
3.5615e-07
5.12418e-07
2.33047e-07
-2.82982e-08
2.44617e-07
-5.22112e-07
1.53419e-07
-7.43389e-07
4.54663e-08
-7.71529e-07
6.24983e-10
-7.23127e-07
-5.28708e-08
-7.27455e-07
-3.60754e-08
-5.05379e-07
2.55799e-08
-2.2592e-07
1.08251e-07
-3.54031e-07
8.42408e-08
1.37626e-07
1.70835e-07
-1.89156e-07
3.49123e-08
4.17374e-08
-2.23166e-07
7.66317e-07
-1.08755e-06
-1.56421e-06
6.72931e-07
8.54598e-07
1.0773e-06
1.50674e-06
1.86288e-06
2.09593e-06
2.34055e-06
2.49397e-06
2.53943e-06
2.54006e-06
2.48719e-06
2.45111e-06
2.47669e-06
2.58494e-06
2.66919e-06
2.84002e-06
2.87493e-06
2.65177e-06
1.56421e-06
)
;

boundaryField
{
    movingWall
    {
        type            calculated;
        value           uniform 0;
    }
    fixedWalls
    {
        type            calculated;
        value           uniform 0;
    }
    frontAndBack
    {
        type            empty;
        value           nonuniform 0();
    }
}


// ************************************************************************* //
