/*--------------------------------*- C++ -*----------------------------------*\
| =========                 |                                                 |
| \\      /  F ield         | OpenFOAM: The Open Source CFD Toolbox           |
|  \\    /   O peration     | Version:  5.x                                   |
|   \\  /    A nd           | Web:      www.OpenFOAM.org                      |
|    \\/     M anipulation  |                                                 |
\*---------------------------------------------------------------------------*/
FoamFile
{
    version     2.0;
    format      ascii;
    class       volVectorField;
    location    "12.8";
    object      U;
}
// * * * * * * * * * * * * * * * * * * * * * * * * * * * * * * * * * * * * * //

dimensions      [0 1 -1 0 0 0 0];

internalField   nonuniform List<vector> 
400
(
(-0.0159514 0.00549684 0)
(-0.0310666 0.00657172 0)
(-0.0394258 0.00167956 0)
(-0.0442992 0.000603758 0)
(-0.0448525 0.000714491 0)
(-0.048574 -0.000398064 0)
(-0.0464819 -0.000821806 0)
(-0.0500121 -0.000741402 0)
(-0.0462123 -0.00183239 0)
(-0.0504444 -1.64624e-05 0)
(-0.0464624 -0.00143801 0)
(-0.0497584 0.000437392 0)
(-0.0474052 -0.000453007 0)
(-0.0500566 -0.0013712 0)
(-0.0480147 -0.00156505 0)
(-0.0482437 -0.00151476 0)
(-0.0457288 -0.0020296 0)
(-0.0395364 -0.00471606 0)
(-0.0415931 -0.00853128 0)
(0.000155736 -0.014063 0)
(-0.00662809 0.033637 0)
(-0.0184708 0.0179375 0)
(-0.0185243 0.00968776 0)
(-0.0241361 0.00614349 0)
(-0.0174697 0.00166507 0)
(-0.0253825 0.002234 0)
(-0.0153246 0.00118416 0)
(-0.0253276 0.00107082 0)
(-0.0153353 0.00125266 0)
(-0.0233166 0.000532614 0)
(-0.0171814 0.0013673 0)
(-0.0203017 0.000165887 0)
(-0.0190846 0.00121308 0)
(-0.01828 -0.000610537 0)
(-0.0228016 0.00036656 0)
(-0.0188214 -0.00172835 0)
(-0.0244132 -0.0024672 0)
(-0.0136188 -0.0106293 0)
(-0.0301535 -0.0222696 0)
(-0.00268105 -0.0387561 0)
(-0.00161809 0.0347681 0)
(-0.0107975 0.0261136 0)
(-0.00419588 0.00774951 0)
(-0.011248 0.00338811 0)
(-0.00290041 -5.37606e-05 0)
(-0.00923666 -0.000551096 0)
(-0.00363646 -0.00155485 0)
(-0.00691178 -0.00108358 0)
(-0.00494067 -0.00224819 0)
(-0.00476044 -0.000831327 0)
(-0.00620479 -0.00143787 0)
(-0.0028248 -0.000985305 0)
(-0.00800448 0.000444605 0)
(-0.00188473 0.000194164 0)
(-0.0107183 0.00145463 0)
(-0.00137971 -0.00157748 0)
(-0.0113926 -0.00232698 0)
(0.00264212 -0.00165757 0)
(-0.00766078 -0.00464679 0)
(0.0010328 -0.0443779 0)
(-0.00111138 0.0422039 0)
(-0.00639294 0.0233476 0)
(-0.00121065 0.00724993 0)
(-0.00448044 0.00439604 0)
(-0.00175425 0.000505033 0)
(-0.00464142 0.00146066 0)
(-0.00341168 6.93493e-05 0)
(-0.0050286 0.00126248 0)
(-0.00489079 0.000114926 0)
(-0.00487345 0.000905885 0)
(-0.00572104 0.000503878 0)
(-0.0038964 0.00111016 0)
(-0.00648075 0.00129048 0)
(-0.0015495 0.000904671 0)
(-0.00564522 0.000882116 0)
(0.000650816 -0.00273068 0)
(-0.00157711 -0.00567619 0)
(-0.00176573 -0.016785 0)
(-0.00946016 -0.0234213 0)
(0.0025332 -0.0503254 0)
(-0.000572044 0.0431726 0)
(-0.00167828 0.0259298 0)
(-0.000192559 0.007678 0)
(-0.000671377 0.00283373 0)
(-0.00209447 0.00097261 0)
(-0.0038086 0.000564152 0)
(-0.00440655 -0.000515056 0)
(-0.00469025 -0.000167735 0)
(-0.00512829 -0.00162486 0)
(-0.00346461 -0.000975572 0)
(-0.00544368 -0.00148415 0)
(-0.000879318 -0.00147756 0)
(-0.00475682 -0.000818436 0)
(0.00206398 -0.00187831 0)
(-0.00271877 5.72037e-05 0)
(0.00431034 -0.00590622 0)
(-0.00143474 -6.03869e-05 0)
(0.00478783 0.00429562 0)
(-0.00149028 -0.00237193 0)
(0.0033797 -0.0482752 0)
(-0.000599846 0.0425827 0)
(-0.0010749 0.0245283 0)
(0.000282227 0.00533888 0)
(-0.00174654 0.00629208 0)
(-0.00275436 0.00361809 0)
(-0.00451598 0.00317053 0)
(-0.00515838 0.00140856 0)
(-0.0052821 0.00124056 0)
(-0.00592788 -0.000344242 0)
(-0.00423485 0.000398045 0)
(-0.00615839 -0.00106712 0)
(-0.00207527 -0.000367506 0)
(-0.00560931 -0.000807624 0)
(-0.000108743 -0.0013011 0)
(-0.00447903 -0.000945401 0)
(0.000632768 -0.0039 0)
(-0.00664564 -0.00524128 0)
(0.00428836 -0.0162986 0)
(-0.00612679 -0.0249044 0)
(0.00340161 -0.0532368 0)
(-0.00140611 0.0457946 0)
(0.000191935 0.0235079 0)
(-0.00252893 0.00905735 0)
(-0.00223605 0.0048895 0)
(-0.00363226 0.00479344 0)
(-0.00525295 0.00253759 0)
(-0.00627043 0.00106572 0)
(-0.0059943 0.000112144 0)
(-0.00647001 -0.00205564 0)
(-0.00407083 -0.00127772 0)
(-0.00652771 -0.00324578 0)
(-0.000430983 -0.00278284 0)
(-0.00541458 -0.00231094 0)
(0.00288858 -0.00412331 0)
(-0.00355273 -0.000239646 0)
(0.00556454 -0.00548486 0)
(-0.00102869 -0.00312985 0)
(0.0044685 0.00181286 0)
(-0.00216229 0.00120583 0)
(0.00414439 -0.0482373 0)
(-0.00181084 0.0430836 0)
(-0.000804658 0.0240623 0)
(-0.000326966 0.0077001 0)
(-0.00329078 0.00731748 0)
(-0.00587584 0.00615958 0)
(-0.00668476 0.00544954 0)
(-0.00823524 0.00231273 0)
(-0.00765431 0.000911651 0)
(-0.00773885 -0.00171942 0)
(-0.0059458 -4.75038e-05 0)
(-0.00743073 -0.00384293 0)
(-0.00244886 -0.0019233 0)
(-0.00638482 -0.00310826 0)
(-0.000495798 -0.00295013 0)
(-0.00740024 -0.00299745 0)
(0.00366015 -0.00570722 0)
(-0.00761488 -0.00313148 0)
(0.00392261 -0.0146858 0)
(-0.00592429 -0.0235235 0)
(0.00440213 -0.0539791 0)
(-0.000172271 0.0461382 0)
(-0.000119059 0.024713 0)
(-0.00184595 0.0114385 0)
(-0.00501271 0.0102739 0)
(-0.00507326 0.00889159 0)
(-0.00876085 0.00485768 0)
(-0.00963773 0.00285084 0)
(-0.00849611 -0.000461052 0)
(-0.00732465 -0.00398113 0)
(-0.00735095 -0.00150504 0)
(-0.00640996 -0.0072465 0)
(-0.00141777 -0.0046291 0)
(-0.00581292 -0.00426243 0)
(0.000813444 -0.00456686 0)
(-0.00711082 -0.00403524 0)
(0.00627618 -0.00758501 0)
(-0.00361813 -0.00301506 0)
(0.00607289 -0.00194904 0)
(-0.0045846 -0.00111955 0)
(0.00441923 -0.0487733 0)
(-0.000785713 0.0469791 0)
(0.000713064 0.0253387 0)
(-0.000306604 0.0138088 0)
(-0.00357145 0.0107988 0)
(-0.00973341 0.0105993 0)
(-0.012963 0.0103904 0)
(-0.0153286 0.00259133 0)
(-0.0120648 -0.00136316 0)
(-0.0102793 -0.00268564 0)
(-0.00938784 -0.000352537 0)
(-0.00441 -0.00982604 0)
(-0.00376835 -0.00220178 0)
(-0.00433964 -0.00380533 0)
(-0.00291843 -0.00154854 0)
(-0.00736349 -0.00721589 0)
(-0.00152009 -0.00799547 0)
(-0.0103607 -0.00164233 0)
(0.00352253 -0.0130559 0)
(-0.00542409 -0.0184067 0)
(0.00574869 -0.0540899 0)
(-0.00197432 0.0437296 0)
(0.000483078 0.022322 0)
(-0.00355705 0.0147573 0)
(-0.00620693 0.0173164 0)
(-0.0148204 0.0174694 0)
(-0.0180852 0.0101609 0)
(-0.0211208 0.00294461 0)
(-0.0185549 -0.00514985 0)
(-0.0145579 -0.00747833 0)
(-0.0078614 -0.00572424 0)
(5.30177e-07 -0.0140816 0)
(-0.00134948 -0.00606505 0)
(-0.000796996 -0.00510161 0)
(-0.00319088 -0.00363898 0)
(-0.00585947 -0.00530599 0)
(-0.00342014 -0.00758988 0)
(-0.00840898 -0.00722655 0)
(0.00319882 -0.00965728 0)
(-0.00543455 -0.00611153 0)
(0.0042396 -0.0504988 0)
(-0.0010586 0.047643 0)
(0.00125891 0.0287261 0)
(-0.00301451 0.0205814 0)
(-0.00743366 0.0234256 0)
(-0.0166884 0.0211064 0)
(-0.015682 0.0153552 0)
(-0.0212474 0.00314833 0)
(-0.0178467 -0.00939144 0)
(-0.0137669 -0.016365 0)
(-0.00685543 -0.0146716 0)
(0.00154407 -0.015273 0)
(-0.00112406 -0.00106453 0)
(0.00278722 -0.000402615 0)
(-0.000424109 0.00336513 0)
(-0.000106781 -0.00459384 0)
(-0.00422525 -0.00553095 0)
(-0.00186552 -0.0055547 0)
(-0.0048694 -0.0146177 0)
(-0.00473633 -0.0160999 0)
(0.00578917 -0.0546398 0)
(-0.00115653 0.0465497 0)
(0.00309335 0.0241984 0)
(-0.00150248 0.0234292 0)
(-0.0038281 0.0268975 0)
(-0.00689542 0.0253549 0)
(-0.00783544 0.0151746 0)
(-0.00638186 0.00449566 0)
(-0.00562367 -0.0100663 0)
(-0.00228872 -0.02118 0)
(0.00153503 -0.0218572 0)
(0.00606505 -0.0210965 0)
(0.00321927 -0.00856601 0)
(0.0102351 -0.00577718 0)
(0.00953445 -0.00199253 0)
(0.00989656 -0.00170578 0)
(0.0110709 -0.00878471 0)
(0.00548241 -0.0082298 0)
(0.0072893 -0.00964136 0)
(-0.00450987 -0.0208532 0)
(0.00392522 -0.0500743 0)
(0.00130982 0.0420542 0)
(0.0023905 0.0287553 0)
(0.00200135 0.0251992 0)
(0.00301865 0.0312201 0)
(0.0034864 0.0253159 0)
(0.00473033 0.0174592 0)
(0.00721825 0.00353394 0)
(0.0109499 -0.0111277 0)
(0.00888871 -0.0226386 0)
(0.00942742 -0.02356 0)
(0.0151055 -0.0137712 0)
(0.00186592 -0.00625564 0)
(0.00462147 -0.0057499 0)
(-0.00167018 0.00241941 0)
(0.00214458 -0.00165541 0)
(0.00507355 -0.00199696 0)
(-0.00254142 0.00375642 0)
(0.00942496 -0.00385823 0)
(-0.00364496 -0.00608029 0)
(0.00815022 -0.0518477 0)
(-0.00303638 0.0451141 0)
(0.0079836 0.025526 0)
(0.00468341 0.0262293 0)
(0.00977653 0.0249643 0)
(0.0126052 0.025959 0)
(0.0219962 0.0115841 0)
(0.016238 -0.00108286 0)
(0.0228465 -0.0113663 0)
(0.0221443 -0.0183406 0)
(0.0163589 -0.0298587 0)
(0.0153637 -0.0139676 0)
(0.00659669 0.00117612 0)
(0.011542 0.000896001 0)
(-0.00116281 -0.000523827 0)
(-0.00191708 -0.00917453 0)
(-0.00199173 -0.0082921 0)
(-0.00593717 -0.0139772 0)
(0.0125403 -0.0132015 0)
(-0.00720795 -0.0245851 0)
(0.00520341 -0.0501909 0)
(0.00241964 0.0367715 0)
(0.00375748 0.0225286 0)
(0.00691122 0.0200515 0)
(0.0172635 0.0212383 0)
(0.0111993 0.0171135 0)
(0.0300266 0.00996738 0)
(0.0198538 0.00592434 0)
(0.0323857 -0.0129948 0)
(0.0229795 -0.0229429 0)
(0.0230919 -0.0124687 0)
(-0.000453854 -0.00840893 0)
(0.0147211 0.00143835 0)
(0.0154865 -0.0018692 0)
(0.0237177 0.01432 0)
(0.0287927 0.00153155 0)
(0.0197604 0.00158583 0)
(0.0009271 -0.00324611 0)
(0.00527577 -0.00118864 0)
(-0.0087114 0.0090049 0)
(0.0117735 -0.0507525 0)
(0.00150104 0.037435 0)
(0.0114591 0.021826 0)
(0.0107448 0.0140176 0)
(0.0173781 0.0179869 0)
(0.0212145 0.0105126 0)
(0.0250145 0.00280573 0)
(0.0274031 -0.00687376 0)
(0.0367562 -0.0119344 0)
(0.0234548 -0.00783255 0)
(0.0102553 -0.00523873 0)
(-0.00176147 -0.00673664 0)
(-0.00291975 -0.0117443 0)
(-0.00775478 -0.0126453 0)
(-0.00885657 -0.00990791 0)
(0.00224969 0.000688107 0)
(-0.00340764 0.0126443 0)
(-0.00566552 -0.00296113 0)
(0.00829024 -0.00791084 0)
(-0.00946417 -0.0359594 0)
(0.00635433 -0.0540724 0)
(0.0028792 0.0258496 0)
(0.0208321 0.0176156 0)
(0.0260937 0.0103003 0)
(0.0295919 0.0119341 0)
(0.0316656 0.0109839 0)
(0.03684 0.00495417 0)
(0.0400745 -0.00304791 0)
(0.0351285 -0.00779182 0)
(0.0368372 0.000271847 0)
(0.0335551 0.00704606 0)
(0.038175 0.00790855 0)
(0.0379918 0.00348491 0)
(0.0329731 0.00669257 0)
(0.0226683 0.00597143 0)
(0.00880773 -0.00673454 0)
(0.0183703 0.0128407 0)
(0.00718211 -0.0114489 0)
(0.0170711 0.00415518 0)
(-0.00204375 0.018245 0)
(0.015456 -0.045959 0)
(-0.00423302 0.00724521 0)
(0.0108916 -0.00106725 0)
(0.00799633 0.00648824 0)
(0.0162226 0.0105827 0)
(0.0130658 0.00478383 0)
(0.0174551 -0.00375621 0)
(0.00328448 -0.00724044 0)
(-0.0049497 -0.00700816 0)
(-0.0151868 -0.00853305 0)
(-0.0135701 -0.00861449 0)
(-0.0166824 -0.00821374 0)
(-0.0110873 -0.00498593 0)
(-0.0207622 0.00139664 0)
(0.00355334 0.00811895 0)
(-0.014295 0.0043436 0)
(0.000950994 0.0130753 0)
(0.00565202 0.00115664 0)
(-0.0152898 -0.00434818 0)
(0.0178428 -0.0344603 0)
(0.0137576 -0.0557191 0)
(0.00488504 0.0181057 0)
(0.0211372 0.00841719 0)
(0.0146683 0.00256587 0)
(0.0269761 0.00545086 0)
(0.0334401 0.00774327 0)
(0.0403546 0.0111786 0)
(0.0433449 0.0152314 0)
(0.0479203 0.0135524 0)
(0.0525718 0.0109405 0)
(0.0511127 0.00889599 0)
(0.0506473 0.00673234 0)
(0.048921 0.00407341 0)
(0.0492801 0.000307006 0)
(0.0507687 -0.00336092 0)
(0.0519764 -0.000128096 0)
(0.0545525 -0.00564534 0)
(0.0547455 -0.000271512 0)
(0.0567111 -0.0025653 0)
(0.046898 -0.00468416 0)
(0.0234842 0.00286358 0)
)
;

boundaryField
{
    movingWall
    {
        type            fixedValue;
        value           uniform (1 0 0);
    }
    fixedWalls
    {
        type            noSlip;
    }
    frontAndBack
    {
        type            empty;
    }
}


// ************************************************************************* //
