/*--------------------------------*- C++ -*----------------------------------*\
| =========                 |                                                 |
| \\      /  F ield         | OpenFOAM: The Open Source CFD Toolbox           |
|  \\    /   O peration     | Version:  5.x                                   |
|   \\  /    A nd           | Web:      www.OpenFOAM.org                      |
|    \\/     M anipulation  |                                                 |
\*---------------------------------------------------------------------------*/
FoamFile
{
    version     2.0;
    format      ascii;
    class       volScalarField;
    location    "15.2";
    object      p;
}
// * * * * * * * * * * * * * * * * * * * * * * * * * * * * * * * * * * * * * //

dimensions      [0 2 -2 0 0 0 0];

internalField   nonuniform List<scalar> 
400
(
-6.45421e-11
-0.000471457
-0.000813745
-0.00103303
-0.00112438
-0.00117794
-0.00120454
-0.0012184
-0.00122906
-0.00123591
-0.00125151
-0.00125692
-0.00126504
-0.00126277
-0.00125896
-0.00121414
-0.0010425
-0.000748728
-0.000468483
0.000810314
-0.000512596
-0.000843748
-0.00104108
-0.0011459
-0.00117403
-0.0011901
-0.00121095
-0.00122018
-0.00123378
-0.0012446
-0.00125129
-0.00128239
-0.00127473
-0.00128446
-0.00128604
-0.00127602
-0.00132147
-0.00113355
-0.00113064
-0.000191246
-0.000834928
-0.00106539
-0.00114137
-0.0011879
-0.00120269
-0.00121038
-0.00122454
-0.00123139
-0.00124294
-0.00124888
-0.00126131
-0.00127127
-0.00128515
-0.00127347
-0.00129551
-0.00125062
-0.0012972
-0.00119665
-0.00113395
-0.000755308
-0.00101624
-0.00114805
-0.00116557
-0.00119267
-0.00120321
-0.00121325
-0.00122824
-0.00123982
-0.00125136
-0.00126041
-0.00126891
-0.00127519
-0.00128949
-0.00127395
-0.00129785
-0.00126015
-0.00129926
-0.00120695
-0.00131016
-0.00106953
-0.00111094
-0.00117593
-0.00119025
-0.00120399
-0.00121428
-0.00122617
-0.00123811
-0.00124964
-0.00126323
-0.00126713
-0.00128742
-0.0012795
-0.00129467
-0.00128216
-0.00129588
-0.00125655
-0.00128794
-0.00122828
-0.00124396
-0.00114608
-0.00117234
-0.0012095
-0.00121129
-0.00121999
-0.00122733
-0.00123792
-0.00125019
-0.00126231
-0.00127695
-0.00127973
-0.00129143
-0.00128124
-0.00129839
-0.00128296
-0.00130056
-0.00126642
-0.00129448
-0.00124703
-0.00127429
-0.00122385
-0.00120148
-0.00124341
-0.00121637
-0.00123314
-0.00123266
-0.00124654
-0.00125847
-0.0012721
-0.00129652
-0.00129903
-0.00134714
-0.00129818
-0.00130935
-0.00129975
-0.00130685
-0.00129098
-0.00129238
-0.00127031
-0.00126515
-0.00127553
-0.00123568
-0.00124006
-0.00124547
-0.00123846
-0.00124903
-0.00125965
-0.00127656
-0.0012934
-0.00131337
-0.00133335
-0.00135215
-0.00132772
-0.00131211
-0.0013023
-0.00129984
-0.00129459
-0.00131297
-0.00130012
-0.00127196
-0.00134423
-0.00125584
-0.00128115
-0.00125735
-0.00125871
-0.00125631
-0.00126983
-0.00128725
-0.0013095
-0.00134538
-0.00140424
-0.00141838
-0.00135432
-0.00133239
-0.00133457
-0.00135148
-0.00135437
-0.00138249
-0.0013643
-0.00133894
-0.0013582
-0.0012568
-0.0012643
-0.00124995
-0.00125128
-0.00126618
-0.00128393
-0.00130869
-0.00133697
-0.00137798
-0.0014375
-0.00143233
-0.00140037
-0.00135295
-0.00129588
-0.00132728
-0.00130637
-0.00134601
-0.00133358
-0.00136225
-0.00130808
-0.00125282
-0.00124867
-0.00125279
-0.00127444
-0.00129356
-0.00130509
-0.00137017
-0.00143794
-0.00150082
-0.00147281
-0.00142249
-0.00139555
-0.00135943
-0.00132941
-0.00136862
-0.00136327
-0.00133904
-0.0013194
-0.00131552
-0.00125609
-0.00122769
-0.00124632
-0.00124655
-0.00126516
-0.00129045
-0.00132487
-0.00144516
-0.00156489
-0.00169078
-0.00160817
-0.00149809
-0.0013602
-0.00131179
-0.00130943
-0.00131332
-0.00131456
-0.00130533
-0.0012808
-0.00128531
-0.00127156
-0.00123114
-0.0012613
-0.00125747
-0.00127514
-0.00130256
-0.0013562
-0.00152752
-0.00170074
-0.00186819
-0.00174967
-0.00160375
-0.0014964
-0.0014488
-0.00136863
-0.00138854
-0.00134333
-0.00133314
-0.00133376
-0.0013654
-0.00129884
-0.00121613
-0.00122899
-0.00122985
-0.00123577
-0.00127529
-0.00133207
-0.0015226
-0.00170726
-0.00188388
-0.00178472
-0.00165837
-0.00156496
-0.00123498
-0.0013442
-0.00129281
-0.00133611
-0.00138641
-0.00124341
-0.0013901
-0.00127702
-0.00115841
-0.00119193
-0.00120107
-0.00120486
-0.0012329
-0.00128179
-0.00144775
-0.00159015
-0.00178872
-0.00175251
-0.00165034
-0.00154087
-0.00122734
-0.00131261
-0.00134673
-0.00131091
-0.0014907
-0.00136771
-0.00144499
-0.00121732
-0.00112795
-0.0011632
-0.00118077
-0.00116349
-0.00119502
-0.00120936
-0.00132081
-0.00143634
-0.00156165
-0.00160679
-0.00158148
-0.00149616
-0.00141573
-0.0014749
-0.00132468
-0.00118834
-0.00121353
-0.00112543
-0.00118358
-0.0010819
-0.00100036
-0.00109426
-0.00111177
-0.00111928
-0.00115255
-0.00114429
-0.00119763
-0.00130836
-0.00141529
-0.00149533
-0.00150324
-0.00124248
-0.00148475
-0.00159703
-0.00130046
-0.00128361
-0.00140796
-0.00129499
-0.00136034
-0.00100627
-0.000831008
-0.000976112
-0.00105864
-0.00107365
-0.00109978
-0.00113829
-0.00114638
-0.00121389
-0.00134319
-0.00159575
-0.00175257
-0.00164868
-0.00148728
-0.00131106
-0.00126481
-0.00136456
-0.00123719
-0.00113773
-0.00108792
-0.000742445
-0.000566052
-0.000811422
-0.000975945
-0.00101584
-0.00105948
-0.0010537
-0.00110585
-0.00108853
-0.00136476
-0.00180149
-0.00213312
-0.00169579
-0.00136566
-0.00118512
-0.00121736
-0.0013334
-0.0011942
-0.00136793
-0.00112669
-0.000434118
-0.000287752
-0.00056011
-0.000860891
-0.000983957
-0.00104612
-0.00111457
-0.00120682
-0.00138248
-0.00149688
-0.00148909
-0.0013817
-0.00128988
-0.00117372
-0.0011549
-0.0012278
-0.00129024
-0.00130319
-0.000947514
-1.0835e-05
0.00194518
)
;

boundaryField
{
    movingWall
    {
        type            zeroGradient;
    }
    fixedWalls
    {
        type            zeroGradient;
    }
    frontAndBack
    {
        type            empty;
    }
}


// ************************************************************************* //
