/*--------------------------------*- C++ -*----------------------------------*\
| =========                 |                                                 |
| \\      /  F ield         | OpenFOAM: The Open Source CFD Toolbox           |
|  \\    /   O peration     | Version:  5.x                                   |
|   \\  /    A nd           | Web:      www.OpenFOAM.org                      |
|    \\/     M anipulation  |                                                 |
\*---------------------------------------------------------------------------*/
FoamFile
{
    version     2.0;
    format      ascii;
    class       surfaceScalarField;
    location    "15.2";
    object      phi;
}
// * * * * * * * * * * * * * * * * * * * * * * * * * * * * * * * * * * * * * //

dimensions      [0 3 -1 0 0 0 0];

internalField   nonuniform List<scalar> 
760
(
-1.03224e-06
1.03224e-06
-1.77342e-06
7.41179e-07
-2.07729e-06
3.0387e-07
-2.25407e-06
1.76781e-07
-2.31204e-06
5.79696e-08
-2.35503e-06
4.2986e-08
-2.3945e-06
3.94741e-08
-2.42071e-06
2.62075e-08
-2.46523e-06
4.4518e-08
-2.49896e-06
3.37376e-08
-2.55665e-06
5.76824e-08
-2.60769e-06
5.10426e-08
-2.64927e-06
4.15851e-08
-2.66917e-06
1.9895e-08
-2.69839e-06
2.92209e-08
-2.66215e-06
-3.6239e-08
-2.60712e-06
-5.50297e-08
-2.20464e-06
-4.02481e-07
-1.48525e-06
-7.19391e-07
-1.48525e-06
-6.2969e-07
1.66193e-06
-9.2293e-07
1.03442e-06
-1.01797e-06
3.98913e-07
-1.06597e-06
2.24777e-07
-1.0299e-06
2.19018e-08
-1.06931e-06
8.23994e-08
-1.06144e-06
3.16054e-08
-1.08296e-06
4.77226e-08
-1.08975e-06
5.13075e-08
-1.10084e-06
4.48278e-08
-1.11769e-06
7.45378e-08
-1.10451e-06
3.78624e-08
-1.10638e-06
4.34521e-08
-1.08526e-06
-1.22767e-09
-1.11496e-06
5.89271e-08
-1.14374e-06
-7.45947e-09
-1.19053e-06
-8.24683e-09
-1.22347e-06
-3.6954e-07
-1.04441e-06
-8.98451e-07
-2.52966e-06
-2.82935e-07
1.94487e-06
-3.93868e-07
1.14535e-06
-3.29932e-07
3.34977e-07
-2.77564e-07
1.72408e-07
-2.99634e-07
4.39716e-08
-2.84314e-07
6.70796e-08
-3.17318e-07
6.46094e-08
-3.34589e-07
6.4993e-08
-3.50552e-07
6.72705e-08
-3.81311e-07
7.55872e-08
-3.97484e-07
9.07111e-08
-4.50615e-07
9.09936e-08
-4.60032e-07
5.28686e-08
-4.8866e-07
2.74003e-08
-4.25703e-07
-4.02968e-09
-4.02673e-07
-3.04899e-08
-2.56439e-07
-1.5448e-07
-1.13e-07
-5.12979e-07
-2.41427e-07
-7.70024e-07
-2.77108e-06
-1.30674e-07
2.07554e-06
-1.47571e-07
1.16225e-06
-1.25716e-07
3.13122e-07
-1.16999e-07
1.63691e-07
-1.8052e-07
1.07493e-07
-2.28376e-07
1.14935e-07
-2.595e-07
9.57334e-08
-2.88454e-07
9.39471e-08
-2.75833e-07
5.465e-08
-2.7146e-07
7.12138e-08
-2.18381e-07
3.76322e-08
-2.37445e-07
1.10058e-07
-2.16909e-07
3.23331e-08
-2.24477e-07
3.49676e-08
-1.88352e-07
-4.01541e-08
-1.13697e-07
-1.05145e-07
-1.69134e-07
-9.90437e-08
-2.17926e-07
-4.64186e-07
-2.19489e-07
-7.68462e-07
-2.99057e-06
-8.57521e-08
2.16129e-06
-1.09902e-07
1.1864e-06
-1.34155e-07
3.37374e-07
-1.43127e-07
1.72663e-07
-1.80285e-07
1.44652e-07
-2.19457e-07
1.54107e-07
-2.41918e-07
1.18194e-07
-2.51988e-07
1.04017e-07
-2.40165e-07
4.28268e-08
-1.81955e-07
1.30045e-08
-1.16401e-07
-2.79219e-08
-1.37719e-07
1.31375e-07
-1.06155e-07
7.69749e-10
-1.16574e-07
4.53868e-08
-1.7028e-07
1.35511e-08
-1.7723e-07
-9.81947e-08
-7.45679e-08
-2.01706e-07
4.25301e-08
-5.81284e-07
2.54218e-08
-7.51353e-07
-2.96515e-06
-4.49286e-08
2.20622e-06
-7.69949e-08
1.21846e-06
-1.01116e-07
3.61496e-07
-1.66599e-07
2.38145e-07
-2.18451e-07
1.96503e-07
-2.58763e-07
1.94419e-07
-2.974e-07
1.56831e-07
-3.00963e-07
1.0758e-07
-2.84348e-07
2.62118e-08
-1.99289e-07
-7.20547e-08
-1.32909e-07
-9.43014e-08
-1.69198e-07
1.67663e-07
-1.49632e-07
-1.87959e-08
-1.53503e-07
4.92578e-08
-1.83553e-07
4.36011e-08
-1.65783e-07
-1.15965e-07
-1.79253e-07
-1.88236e-07
-1.96242e-07
-5.64296e-07
-1.25711e-07
-8.21884e-07
-3.09086e-06
-3.71173e-08
2.24334e-06
-4.57603e-08
1.22711e-06
-7.75271e-08
3.93262e-07
-1.26714e-07
2.87333e-07
-1.71493e-07
2.41282e-07
-2.29989e-07
2.52915e-07
-2.96818e-07
2.2366e-07
-3.03175e-07
1.13937e-07
-1.94704e-07
-8.22584e-08
-6.60202e-08
-2.00739e-07
-8.51908e-08
-7.51309e-08
-1.7525e-07
2.57723e-07
-1.30556e-07
-6.34899e-08
-1.38323e-07
5.70244e-08
-9.22167e-08
-2.50511e-09
-7.44517e-08
-1.3373e-07
-1.18126e-07
-1.44561e-07
-5.79473e-08
-6.24474e-07
7.32554e-09
-8.87157e-07
-3.08354e-06
-3.62243e-08
2.27956e-06
-8.48407e-08
1.27572e-06
-9.72344e-08
4.05656e-07
-1.51759e-07
3.41857e-07
-2.80457e-07
3.6998e-07
-3.44169e-07
3.16627e-07
-3.62955e-07
2.42447e-07
-3.5245e-07
1.03431e-07
-2.27545e-07
-2.07163e-07
-1.08378e-07
-3.19906e-07
-2.3768e-07
5.41711e-08
-3.69546e-07
3.89589e-07
-3.43783e-07
-8.92527e-08
-3.16338e-07
2.95788e-08
-3.23132e-07
4.28877e-09
-3.9971e-07
-5.71512e-08
-3.06999e-07
-2.37273e-07
-2.10973e-07
-7.20501e-07
-6.42636e-08
-1.03387e-06
-3.1478e-06
-1.7742e-08
2.2973e-06
1.3812e-08
1.24417e-06
-4.26017e-08
4.6207e-07
-1.1311e-07
4.12366e-07
-2.21352e-07
4.78221e-07
-3.43161e-07
4.38437e-07
-3.8353e-07
2.82815e-07
-3.34755e-07
5.46568e-08
-2.51968e-07
-2.8995e-07
-2.33733e-07
-3.38141e-07
-3.31612e-07
1.5205e-07
-3.5387e-07
4.11846e-07
-2.39087e-07
-2.04035e-07
-2.60732e-07
5.12239e-08
-3.11386e-07
5.49426e-08
-2.2395e-07
-1.44588e-07
-1.77096e-07
-2.84127e-07
-1.42574e-07
-7.55023e-07
-2.71057e-08
-1.14933e-06
-3.17491e-06
3.4009e-08
2.2633e-06
-2.23678e-10
1.2784e-06
-4.58366e-08
5.07683e-07
-2.42227e-07
6.08756e-07
-3.29585e-07
5.65579e-07
-4.08138e-07
5.1699e-07
-5.89698e-07
4.64376e-07
-6.70511e-07
1.3547e-07
-7.20612e-07
-2.39849e-07
-6.56418e-07
-4.02335e-07
-5.77675e-07
7.33072e-08
-5.41748e-07
3.7592e-07
-3.76859e-07
-3.68924e-07
-2.63721e-07
-6.19139e-08
-1.93271e-07
-1.55072e-08
-7.67551e-08
-2.61104e-07
1.50996e-07
-5.11878e-07
1.06228e-07
-7.10255e-07
-2.92525e-08
-1.01385e-06
-3.20416e-06
2.48857e-08
2.23841e-06
4.8225e-08
1.25506e-06
-1.15492e-07
6.71399e-07
-1.96592e-07
6.89857e-07
-2.03868e-07
5.72855e-07
-3.0146e-07
6.14582e-07
-5.88254e-07
7.5117e-07
-8.25921e-07
3.73136e-07
-9.7841e-07
-8.73601e-08
-8.7102e-07
-5.09725e-07
-4.48479e-07
-3.49234e-07
-5.17263e-08
-2.08327e-08
1.35444e-07
-5.56094e-07
1.14226e-07
-4.06958e-08
9.8536e-08
1.82515e-10
-3.19487e-08
-1.30619e-07
2.10284e-08
-5.64855e-07
1.11638e-07
-8.00865e-07
1.52783e-08
-9.17493e-07
-3.18888e-06
1.50623e-08
2.22335e-06
-3.3623e-08
1.30375e-06
3.85164e-09
6.33925e-07
1.34314e-07
5.59395e-07
4.64416e-08
6.60727e-07
-2.19092e-07
8.80116e-07
-4.52209e-07
9.84287e-07
-6.51843e-07
5.7277e-07
-8.45809e-07
1.06606e-07
-8.72671e-07
-4.82863e-07
-6.26557e-07
-5.95349e-07
-8.15842e-08
-5.65805e-07
1.3748e-07
-7.75158e-07
1.68431e-07
-7.16469e-08
3.15201e-07
-1.46587e-07
1.99248e-07
-1.46661e-08
-9.99321e-08
-2.65675e-07
-1.52434e-07
-7.48363e-07
-1.10844e-08
-1.05884e-06
-3.19996e-06
1.91005e-08
2.20425e-06
1.8709e-08
1.30414e-06
1.04174e-07
5.48459e-07
1.68994e-07
4.94576e-07
6.2935e-08
7.66785e-07
-2.31449e-08
9.66195e-07
-5.19001e-08
1.01304e-06
-1.73959e-07
6.94828e-07
-2.31897e-07
1.64544e-07
-1.95947e-07
-5.18812e-07
-2.8861e-07
-5.02686e-07
-8.20428e-08
-7.72372e-07
1.49734e-07
-1.00693e-06
1.71806e-07
-9.37188e-08
2.38026e-07
-2.12808e-07
1.0847e-07
1.1489e-07
-1.74749e-07
1.75438e-08
-1.70671e-07
-7.5244e-07
-6.11261e-08
-1.16839e-06
-3.26109e-06
6.31409e-08
2.14111e-06
1.18269e-07
1.24901e-06
1.40299e-07
5.2643e-07
1.07002e-07
5.27872e-07
2.88248e-07
5.8554e-07
4.67463e-07
7.8698e-07
4.52319e-07
1.02819e-06
4.21967e-07
7.2518e-07
3.65215e-07
2.21296e-07
2.74799e-07
-4.28396e-07
1.1883e-07
-3.46717e-07
1.64873e-07
-8.18415e-07
-4.94321e-08
-7.9263e-07
-1.93685e-07
5.05341e-08
-2.07944e-07
-1.98549e-07
-2.88111e-07
1.95057e-07
2.46236e-08
-2.95191e-07
-1.38932e-08
-7.13924e-07
2.02526e-08
-1.20253e-06
-3.24084e-06
-1.84586e-08
2.15956e-06
3.13667e-08
1.19919e-06
9.57338e-08
4.62063e-07
3.23456e-07
3.0015e-07
5.18406e-07
3.9059e-07
6.82576e-07
6.22811e-07
8.6221e-07
8.48551e-07
1.02036e-06
5.67029e-07
1.08023e-06
1.61426e-07
1.00221e-06
-3.50373e-07
1.09375e-06
-4.38258e-07
1.08114e-06
-8.05802e-07
9.83543e-07
-6.95036e-07
9.12367e-07
1.21709e-07
7.04652e-07
9.16618e-09
7.35039e-07
1.64671e-07
6.74141e-07
-2.34293e-07
1.65829e-07
-2.05612e-07
-6.51224e-08
-9.71583e-07
-3.30596e-06
1.54304e-07
2.00526e-06
1.96488e-07
1.157e-06
2.75445e-07
3.83105e-07
2.67865e-07
3.0773e-07
5.18162e-07
1.40293e-07
7.43004e-07
3.97969e-07
1.01206e-06
5.79492e-07
1.31546e-06
2.63628e-07
1.43542e-06
4.1468e-08
1.48793e-06
-4.02881e-07
1.56125e-06
-5.11581e-07
1.19141e-06
-4.35955e-07
9.10034e-07
-4.13665e-07
8.51657e-07
1.80087e-07
4.53556e-07
4.07267e-07
3.42527e-07
2.75699e-07
2.45467e-07
-1.37232e-07
1.52154e-07
-1.123e-07
1.52747e-07
-9.72176e-07
-3.15321e-06
1.03663e-07
1.9016e-06
2.55339e-07
1.00533e-06
3.80438e-07
2.58006e-07
3.87398e-07
3.0077e-07
5.18286e-07
9.40559e-09
8.57905e-07
5.83499e-08
1.06087e-06
3.76532e-07
1.36192e-06
-3.74273e-08
1.60613e-06
-2.02744e-07
1.62897e-06
-4.25715e-07
1.20076e-06
-8.33749e-08
2.61275e-07
5.03531e-07
-5.59216e-07
4.06827e-07
-5.12869e-07
1.3374e-07
-5.48369e-08
-5.07652e-08
-9.88698e-08
3.19732e-07
3.17685e-07
-5.53787e-07
3.02341e-07
-9.69551e-08
-8.60789e-08
-5.83756e-07
-3.23929e-06
3.61346e-07
1.54025e-06
4.41517e-07
9.25156e-07
4.84028e-07
2.15495e-07
6.5775e-07
1.27048e-07
5.92218e-07
7.49381e-08
7.34667e-07
-8.40995e-08
9.97893e-07
1.13306e-07
1.14601e-06
-1.85542e-07
1.39012e-06
-4.46854e-07
1.37428e-06
-4.09876e-07
1.31002e-06
-1.91165e-08
1.34948e-06
4.64072e-07
1.16926e-06
5.87045e-07
8.37566e-07
4.65434e-07
8.96799e-07
-1.09998e-07
7.10201e-07
5.06331e-07
3.55246e-07
-1.98833e-07
1.07636e-07
1.50655e-07
3.4069e-07
-8.1681e-07
-2.8986e-06
4.89548e-07
1.0507e-06
7.60213e-07
6.54492e-07
6.83289e-07
2.92418e-07
6.17254e-07
1.93083e-07
5.09102e-07
1.8309e-07
2.77814e-07
1.47188e-07
1.36438e-07
2.54682e-07
-1.84983e-07
1.35879e-07
-7.57821e-07
1.25983e-07
-1.15758e-06
-1.01117e-08
-1.23249e-06
5.57856e-08
-7.32162e-07
-3.62526e-08
-2.48025e-07
1.02909e-07
1.14724e-07
1.02685e-07
-8.86555e-08
9.33808e-08
2.69088e-07
1.48587e-07
9.31569e-08
-2.29016e-08
4.38475e-07
-1.94664e-07
1.0275e-06
-1.40584e-06
-1.8711e-06
1.0507e-06
1.7052e-06
1.99761e-06
2.1907e-06
2.37379e-06
2.52098e-06
2.77566e-06
2.91154e-06
3.03752e-06
3.02741e-06
3.08319e-06
3.04694e-06
3.14985e-06
3.25253e-06
3.34592e-06
3.4945e-06
3.4716e-06
3.27694e-06
1.8711e-06
)
;

boundaryField
{
    movingWall
    {
        type            calculated;
        value           uniform 0;
    }
    fixedWalls
    {
        type            calculated;
        value           uniform 0;
    }
    frontAndBack
    {
        type            empty;
        value           nonuniform 0();
    }
}


// ************************************************************************* //
