/*--------------------------------*- C++ -*----------------------------------*\
| =========                 |                                                 |
| \\      /  F ield         | OpenFOAM: The Open Source CFD Toolbox           |
|  \\    /   O peration     | Version:  5.x                                   |
|   \\  /    A nd           | Web:      www.OpenFOAM.org                      |
|    \\/     M anipulation  |                                                 |
\*---------------------------------------------------------------------------*/
FoamFile
{
    version     2.0;
    format      ascii;
    class       surfaceScalarField;
    location    "5.2";
    object      phi;
}
// * * * * * * * * * * * * * * * * * * * * * * * * * * * * * * * * * * * * * //

dimensions      [0 3 -1 0 0 0 0];

internalField   nonuniform List<scalar> 
760
(
-2.1067e-08
2.1067e-08
-4.4162e-08
2.3095e-08
-6.90603e-08
2.48983e-08
-9.69565e-08
2.78962e-08
-1.29432e-07
3.24752e-08
-1.68828e-07
3.93962e-08
-2.18878e-07
5.00501e-08
-2.85957e-07
6.70792e-08
-3.8172e-07
9.5763e-08
-5.28725e-07
1.47005e-07
-7.71663e-07
2.42938e-07
-1.18834e-06
4.16681e-07
-1.83949e-06
6.51142e-07
-2.56509e-06
7.25602e-07
-3.00899e-06
4.43902e-07
-3.08803e-06
7.90404e-08
-2.92564e-06
-1.62395e-07
-2.35757e-06
-5.68064e-07
-1.2792e-06
-1.07837e-06
-1.2792e-06
-2.1954e-08
4.3021e-08
-4.59305e-08
4.70715e-08
-7.15656e-08
5.05334e-08
-9.98929e-08
5.62235e-08
-1.32168e-07
6.47505e-08
-1.70008e-07
7.72359e-08
-2.15542e-07
9.55845e-08
-2.71513e-07
1.2305e-07
-3.40997e-07
1.65247e-07
-4.25754e-07
2.31761e-07
-5.21021e-07
3.38205e-07
-6.08338e-07
5.03999e-07
-6.83204e-07
7.26008e-07
-8.54519e-07
8.96917e-07
-1.25491e-06
8.44289e-07
-1.69445e-06
5.18588e-07
-1.85754e-06
6.94794e-10
-1.6303e-06
-7.95309e-07
-1.10659e-06
-1.60208e-06
-2.38579e-06
-2.03979e-08
6.34189e-08
-4.26586e-08
6.93322e-08
-6.62194e-08
7.40942e-08
-9.18036e-08
8.18077e-08
-1.20172e-07
9.31186e-08
-1.52133e-07
1.09197e-07
-1.88456e-07
1.31907e-07
-2.29514e-07
1.64108e-07
-2.74331e-07
2.10064e-07
-3.18444e-07
2.75874e-07
-3.49611e-07
3.69372e-07
-3.43482e-07
4.97869e-07
-2.77968e-07
6.60495e-07
-1.87525e-07
8.06473e-07
-1.86539e-07
8.43303e-07
-2.70723e-07
6.02772e-07
-3.63539e-07
9.35108e-08
-4.70811e-07
-6.88037e-07
-3.66101e-07
-1.70679e-06
-2.75189e-06
-1.8058e-08
8.14769e-08
-3.77889e-08
8.90631e-08
-5.84118e-08
9.47171e-08
-8.03268e-08
1.03723e-07
-1.03812e-07
1.16604e-07
-1.28955e-07
1.3434e-07
-1.55444e-07
1.58397e-07
-1.82161e-07
1.90825e-07
-2.06386e-07
2.34289e-07
-2.22477e-07
2.91965e-07
-2.20036e-07
3.66932e-07
-1.80395e-07
4.58228e-07
-8.65022e-08
5.66602e-07
6.87499e-08
6.51221e-07
2.26029e-07
6.86024e-07
2.98374e-07
5.30427e-07
2.19668e-07
1.72216e-07
1.94532e-09
-4.70314e-07
-1.47711e-07
-1.55713e-06
-2.8996e-06
-1.52371e-08
9.67139e-08
-3.19904e-08
1.05816e-07
-4.92936e-08
1.1202e-07
-6.72554e-08
1.21684e-07
-8.57541e-08
1.35102e-07
-1.04367e-07
1.52953e-07
-1.22163e-07
1.76193e-07
-1.37406e-07
2.06068e-07
-1.47024e-07
2.43907e-07
-1.45696e-07
2.90637e-07
-1.26742e-07
3.47978e-07
-7.41837e-08
4.0567e-07
1.28804e-08
4.79538e-07
1.48546e-07
5.15555e-07
2.9185e-07
5.4272e-07
4.01174e-07
4.21103e-07
3.80677e-07
1.92713e-07
2.55397e-07
-3.45034e-07
6.4961e-08
-1.3667e-06
-2.83464e-06
-1.21056e-08
1.0882e-07
-2.56566e-08
1.19368e-07
-3.9555e-08
1.25919e-07
-5.36712e-08
1.35801e-07
-6.76261e-08
1.49057e-07
-8.06938e-08
1.66021e-07
-9.17103e-08
1.8721e-07
-9.88471e-08
2.13204e-07
-9.96271e-08
2.44687e-07
-8.84062e-08
2.79416e-07
-6.56697e-08
3.25241e-07
-1.52738e-08
3.55274e-07
5.37709e-08
4.10493e-07
1.59084e-07
4.10242e-07
2.66054e-07
4.3575e-07
3.70138e-07
3.17019e-07
3.97344e-07
1.65506e-07
3.12622e-07
-2.60312e-07
1.917e-07
-1.24577e-06
-2.64294e-06
-8.69658e-09
1.17516e-07
-1.89893e-08
1.2966e-07
-2.95694e-08
1.36499e-07
-4.0279e-08
1.4651e-07
-5.04175e-08
1.59196e-07
-5.91696e-08
1.74773e-07
-6.5283e-08
1.93323e-07
-6.68184e-08
2.1474e-07
-6.30486e-08
2.40917e-07
-4.60512e-08
2.62419e-07
-2.32817e-08
3.02471e-07
2.03537e-08
3.11639e-07
7.52755e-08
3.55571e-07
1.53936e-07
3.31582e-07
2.24895e-07
3.64791e-07
2.94294e-07
2.4762e-07
2.83971e-07
1.7583e-07
1.94865e-07
-1.71207e-07
-5.31576e-08
-9.97751e-07
-2.6961e-06
-5.09942e-09
1.22616e-07
-1.21921e-08
1.36753e-07
-1.97251e-08
1.44032e-07
-2.75278e-08
1.54313e-07
-3.47184e-08
1.66386e-07
-4.03121e-08
1.80366e-07
-4.34838e-08
1.96495e-07
-4.10592e-08
2.12315e-07
-3.6249e-08
2.36107e-07
-1.98798e-08
2.4605e-07
2.44044e-09
2.80151e-07
3.65172e-08
2.77562e-07
7.70343e-08
3.15054e-07
1.33488e-07
2.75128e-07
1.81338e-07
3.16941e-07
2.34764e-07
1.94194e-07
2.37484e-07
1.7311e-07
2.16325e-07
-1.50047e-07
8.03269e-08
-8.61753e-07
-2.61577e-06
-6.42797e-10
1.23258e-07
-4.37976e-09
1.4049e-07
-8.98674e-09
1.48639e-07
-1.52214e-08
1.60548e-07
-2.04623e-08
1.71627e-07
-2.44531e-08
1.84357e-07
-2.62157e-08
1.98258e-07
-2.23687e-08
2.08468e-07
-1.57633e-08
2.29502e-07
-1.73703e-09
2.32023e-07
1.9231e-08
2.59183e-07
4.93551e-08
2.47438e-07
8.13801e-08
2.83029e-07
1.25776e-07
2.30732e-07
1.5792e-07
2.84796e-07
1.97164e-07
1.5495e-07
1.98388e-07
1.71886e-07
1.82582e-07
-1.34241e-07
1.16844e-07
-7.96015e-07
-2.49893e-06
4.00274e-09
1.19256e-07
2.69437e-09
1.41798e-07
-5.45008e-10
1.51878e-07
-4.47019e-09
1.64473e-07
-8.38021e-09
1.75537e-07
-1.0366e-08
1.86343e-07
-1.11093e-08
1.99001e-07
-8.43719e-09
2.05796e-07
-1.00908e-09
2.22074e-07
8.54519e-09
2.22469e-07
2.47728e-08
2.42956e-07
4.46242e-08
2.27586e-07
6.79308e-08
2.59723e-07
9.35764e-08
2.05086e-07
1.16215e-07
2.62157e-07
1.39929e-07
1.31236e-07
1.33617e-07
1.78198e-07
1.13795e-07
-1.14419e-07
7.68538e-09
-6.89905e-07
-2.49124e-06
1.45502e-08
1.04705e-07
1.85812e-08
1.37767e-07
1.79103e-08
1.52549e-07
1.06842e-08
1.71699e-07
4.3292e-09
1.81892e-07
-1.9894e-09
1.92662e-07
-3.1171e-09
2.00129e-07
-2.24904e-09
2.04928e-07
6.05942e-09
2.13765e-07
1.61781e-08
2.1235e-07
3.27805e-08
2.26353e-07
5.22093e-08
2.08157e-07
7.46481e-08
2.37284e-07
9.93993e-08
1.80335e-07
1.17043e-07
2.44514e-07
1.23942e-07
1.24337e-07
1.10166e-07
1.91975e-07
6.91754e-08
-7.34291e-08
-3.02729e-08
-5.90457e-07
-2.52152e-06
2.33601e-08
8.13453e-08
1.84451e-08
1.42682e-07
1.48052e-08
1.56189e-07
1.26337e-08
1.7387e-07
1.03873e-08
1.84139e-07
9.69987e-09
1.93349e-07
1.00532e-08
1.99775e-07
1.02403e-08
2.04741e-07
1.51931e-08
2.08812e-07
1.91773e-08
2.08366e-07
3.00916e-08
2.15439e-07
3.53879e-08
2.02861e-07
5.12949e-08
2.21377e-07
4.92912e-08
1.82339e-07
6.82492e-08
2.25556e-07
5.82472e-08
1.34339e-07
6.8133e-08
1.82089e-07
4.91297e-08
-5.44258e-08
8.48607e-09
-5.49813e-07
-2.51303e-06
5.813e-08
2.32153e-08
8.03112e-08
1.20501e-07
7.48919e-08
1.61608e-07
4.73124e-08
2.0145e-07
2.711e-08
2.04341e-07
7.90936e-09
2.1255e-07
1.54245e-09
2.06142e-07
-1.0777e-09
2.07361e-07
7.20526e-09
2.0053e-07
1.35656e-08
2.02006e-07
3.09935e-08
1.98011e-07
4.27745e-08
1.9108e-07
6.79599e-08
1.96191e-07
8.13795e-08
1.68919e-07
1.07118e-07
1.99818e-07
1.01288e-07
1.40168e-07
1.02378e-07
1.80999e-07
1.07294e-08
3.72227e-08
2.67114e-09
-5.41755e-07
-2.51036e-06
9.37043e-08
-7.0489e-08
3.3902e-08
1.80303e-07
1.949e-08
1.7602e-07
2.86404e-08
1.92299e-07
2.90397e-08
2.03942e-07
3.04509e-08
2.11138e-07
2.80418e-08
2.08551e-07
2.44969e-08
2.10906e-07
2.63213e-08
1.98705e-07
2.49699e-08
2.03357e-07
3.20722e-08
1.90909e-07
2.65389e-08
1.96613e-07
3.67062e-08
1.86024e-07
1.05821e-08
1.95043e-07
2.37508e-08
1.86649e-07
-3.6689e-08
2.00608e-07
3.22664e-08
1.12044e-07
1.57336e-08
5.37555e-08
9.01622e-09
-5.35037e-07
-2.50134e-06
2.25209e-07
-2.95699e-07
2.0157e-07
2.03943e-07
1.39622e-07
2.37968e-07
2.79007e-08
3.04021e-07
-2.40103e-08
2.55853e-07
-4.76935e-08
2.34822e-07
-4.6224e-08
2.07082e-07
-3.85977e-08
2.0328e-07
-2.53131e-08
1.85421e-07
-1.5895e-08
1.93939e-07
6.27268e-09
1.68741e-07
1.09755e-08
1.91911e-07
4.70985e-08
1.49901e-07
3.95889e-08
2.02553e-07
1.1167e-07
1.14568e-07
1.07279e-07
2.04999e-07
1.04481e-07
1.14843e-07
-2.07452e-08
1.78981e-07
-4.46141e-08
-5.11168e-07
-2.54596e-06
2.79867e-07
-5.75565e-07
2.18855e-07
2.64955e-07
2.71844e-07
1.84979e-07
2.65968e-07
3.09897e-07
2.17092e-07
3.04729e-07
1.61222e-07
2.90691e-07
1.29941e-07
2.38363e-07
1.05157e-07
2.28064e-07
9.34114e-08
1.97166e-07
8.42706e-08
2.0308e-07
8.68979e-08
1.66114e-07
7.90205e-08
1.99788e-07
9.17225e-08
1.37199e-07
6.47829e-08
2.29493e-07
1.16316e-08
1.67719e-07
-6.35951e-08
2.80225e-07
6.15163e-08
-1.02688e-08
2.57981e-08
2.147e-07
3.77932e-08
-5.23164e-07
-2.50816e-06
-7.78866e-08
-4.97679e-07
-4.02169e-07
5.89237e-07
-4.40167e-07
2.22977e-07
-3.83881e-07
2.5361e-07
-3.78528e-07
2.99376e-07
-3.19402e-07
2.31566e-07
-2.90958e-07
2.09919e-07
-2.56688e-07
1.93793e-07
-2.28199e-07
1.68677e-07
-2.00722e-07
1.75603e-07
-1.7367e-07
1.39062e-07
-1.48314e-07
1.74432e-07
-1.27334e-07
1.16219e-07
-1.42865e-07
2.45023e-07
-3.87829e-08
6.36377e-08
-1.2576e-07
3.67202e-07
1.0695e-07
-2.42978e-07
1.72994e-07
1.48655e-07
5.00485e-08
-4.00218e-07
-2.45811e-06
-2.88055e-08
-4.68873e-07
3.98534e-07
1.61898e-07
3.16629e-07
3.04882e-07
3.92034e-07
1.78205e-07
4.59841e-07
2.3157e-07
5.18373e-07
1.73033e-07
5.75354e-07
1.52938e-07
5.91787e-07
1.7736e-07
6.2039e-07
1.40074e-07
5.91079e-07
2.04915e-07
5.87516e-07
1.42624e-07
5.47765e-07
2.14182e-07
5.35601e-07
1.28384e-07
5.01982e-07
2.78642e-07
5.86038e-07
-2.04183e-08
4.62437e-07
4.90803e-07
2.89524e-07
-7.00654e-08
1.86761e-07
2.51418e-07
2.5846e-07
-4.71916e-07
-2.19966e-06
-8.20562e-07
3.51689e-07
-9.36492e-07
2.77828e-07
-8.8886e-07
2.5725e-07
-8.74075e-07
1.6342e-07
-8.29562e-07
1.87056e-07
-7.98384e-07
1.41856e-07
-7.70704e-07
1.25258e-07
-7.26423e-07
1.33078e-07
-6.99789e-07
1.1344e-07
-6.35013e-07
1.40139e-07
-5.90078e-07
9.76897e-08
-4.90483e-07
1.14587e-07
-4.34076e-07
7.19774e-08
-2.61756e-07
1.06321e-07
-3.34445e-07
5.2271e-08
-2.08847e-08
1.77243e-07
-3.55255e-08
-5.54246e-08
2.3002e-07
-1.4127e-08
6.63893e-07
-9.0579e-07
-1.53576e-06
3.51689e-07
6.29517e-07
8.86767e-07
1.05019e-06
1.23724e-06
1.3791e-06
1.50436e-06
1.63744e-06
1.75088e-06
1.89101e-06
1.9887e-06
2.10329e-06
2.17527e-06
2.28159e-06
2.33386e-06
2.5111e-06
2.45568e-06
2.44155e-06
1.53576e-06
)
;

boundaryField
{
    movingWall
    {
        type            calculated;
        value           uniform 0;
    }
    fixedWalls
    {
        type            calculated;
        value           uniform 0;
    }
    frontAndBack
    {
        type            empty;
        value           nonuniform 0();
    }
}


// ************************************************************************* //
