/*--------------------------------*- C++ -*----------------------------------*\
| =========                 |                                                 |
| \\      /  F ield         | OpenFOAM: The Open Source CFD Toolbox           |
|  \\    /   O peration     | Version:  5.x                                   |
|   \\  /    A nd           | Web:      www.OpenFOAM.org                      |
|    \\/     M anipulation  |                                                 |
\*---------------------------------------------------------------------------*/
FoamFile
{
    version     2.0;
    format      ascii;
    class       volScalarField;
    location    "11.9";
    object      p;
}
// * * * * * * * * * * * * * * * * * * * * * * * * * * * * * * * * * * * * * //

dimensions      [0 2 -2 0 0 0 0];

internalField   nonuniform List<scalar> 
400
(
-5.92508e-10
-0.00046093
-0.000809423
-0.00104012
-0.00114114
-0.00119857
-0.00121634
-0.00122871
-0.00121188
-0.00120383
-0.0012102
-0.00119829
-0.00120279
-0.00120629
-0.00120209
-0.00114757
-0.00101737
-0.000768007
-0.000600703
0.000374087
-0.000551358
-0.000870983
-0.0010559
-0.00116397
-0.00121114
-0.00121901
-0.00124103
-0.00122526
-0.00122204
-0.00119568
-0.00120669
-0.00119801
-0.00120741
-0.00120898
-0.00121798
-0.0012055
-0.00120282
-0.00110579
-0.00105273
-0.000378261
-0.000817339
-0.00108193
-0.00115249
-0.00119488
-0.00122015
-0.0012218
-0.00123098
-0.0012221
-0.00122496
-0.00120516
-0.00121957
-0.00120327
-0.00121967
-0.00120948
-0.00122146
-0.00120107
-0.00121324
-0.00116864
-0.00110074
-0.000822874
-0.00101584
-0.00118067
-0.00120123
-0.00121106
-0.00122543
-0.00122119
-0.00122985
-0.00122298
-0.00122433
-0.00121246
-0.00121385
-0.00120562
-0.00121399
-0.00119886
-0.00121846
-0.00120499
-0.0012058
-0.00120242
-0.00124643
-0.00109153
-0.00115892
-0.00120889
-0.00120818
-0.00120884
-0.00121514
-0.00121918
-0.00122578
-0.0012233
-0.00122679
-0.00121489
-0.00122433
-0.00120683
-0.001222
-0.00120604
-0.00122229
-0.00121505
-0.00122214
-0.00121159
-0.00119715
-0.00114815
-0.0011939
-0.00121213
-0.00122853
-0.00121804
-0.00122694
-0.00122713
-0.0012327
-0.00123018
-0.00122987
-0.00122127
-0.00122137
-0.00120975
-0.00121432
-0.00119977
-0.00120925
-0.0011956
-0.00121603
-0.00118733
-0.00122608
-0.00119471
-0.00122348
-0.00125075
-0.00123033
-0.00122357
-0.00122555
-0.00123185
-0.00123695
-0.00123688
-0.0012358
-0.00122756
-0.00123034
-0.00121418
-0.00122382
-0.00120885
-0.00122124
-0.00121296
-0.00122023
-0.00121416
-0.00122381
-0.00118789
-0.00123758
-0.00122251
-0.0012204
-0.00122732
-0.00124324
-0.0012543
-0.00125878
-0.00125641
-0.00124579
-0.00123662
-0.00123016
-0.00121569
-0.00121557
-0.00120118
-0.00121027
-0.00118719
-0.00120868
-0.00117398
-0.00118924
-0.00118864
-0.00120822
-0.00122452
-0.00123377
-0.00126117
-0.00127739
-0.00129221
-0.00129826
-0.00128238
-0.00126295
-0.00125253
-0.00124167
-0.00122444
-0.00122556
-0.00120685
-0.00121818
-0.00120295
-0.00121685
-0.00119248
-0.0012232
-0.0011762
-0.00128114
-0.00128631
-0.00128784
-0.00132734
-0.001379
-0.00140881
-0.00138792
-0.00133752
-0.00129228
-0.00126649
-0.00124456
-0.00122075
-0.00121659
-0.00120014
-0.0012098
-0.00118597
-0.00120018
-0.00114916
-0.00116966
-0.00114136
-0.00131748
-0.00132926
-0.00134838
-0.00145425
-0.00155236
-0.00162756
-0.00159015
-0.00146823
-0.00135319
-0.00129461
-0.00126063
-0.0012337
-0.00122748
-0.00120807
-0.00121996
-0.00118264
-0.00121701
-0.0011765
-0.00120871
-0.0011423
-0.00132518
-0.00138662
-0.00144853
-0.00160987
-0.00179883
-0.00196786
-0.00192191
-0.00166924
-0.00142511
-0.00129749
-0.00124092
-0.00122042
-0.0012059
-0.00122331
-0.00123248
-0.00114295
-0.00115692
-0.0011368
-0.00114307
-0.00115391
-0.00135188
-0.00140637
-0.00152768
-0.00173658
-0.00195158
-0.00208314
-0.00207856
-0.00176209
-0.0014858
-0.0013094
-0.00126588
-0.00124521
-0.00121988
-0.00124254
-0.00124212
-0.0011606
-0.00121992
-0.00118464
-0.0012247
-0.00117401
-0.00126781
-0.0013488
-0.0014858
-0.00167565
-0.00186191
-0.00201111
-0.00204536
-0.00172515
-0.00143306
-0.00130636
-0.00129223
-0.00125924
-0.00122533
-0.0011911
-0.00120738
-0.00111481
-0.00111797
-0.00111939
-0.001124
-0.00113135
-0.00109953
-0.00121243
-0.00136603
-0.00155057
-0.00169592
-0.00183818
-0.00182726
-0.00163056
-0.00133615
-0.0011527
-0.00110288
-0.00126561
-0.00123806
-0.00127001
-0.00120357
-0.00115488
-0.00122385
-0.00115862
-0.00125678
-0.00108467
-0.000843754
-0.00103968
-0.00120682
-0.00132843
-0.00144636
-0.00149615
-0.0015017
-0.0014662
-0.0013963
-0.00138893
-0.00145052
-0.00143184
-0.00122202
-0.00109071
-0.0010466
-0.000988713
-0.00102543
-0.00101004
-0.00101779
-0.00100167
-0.000707584
-0.000921725
-0.000997977
-0.00110845
-0.00122209
-0.00123085
-0.00120225
-0.00124145
-0.00142614
-0.00139053
-0.00139746
-0.0012888
-0.00116396
-0.00121277
-0.00112421
-0.00120762
-0.00126816
-0.00108989
-0.00125774
-0.00100334
-0.000765094
-0.000995727
-0.000879063
-0.000918019
-0.00107479
-0.00115891
-0.00121592
-0.00126322
-0.00127426
-0.00126482
-0.00122975
-0.00116335
-0.00114623
-0.00111351
-0.00111529
-0.00121833
-0.00118794
-0.00101638
-0.000986835
-0.000756207
-0.000852459
-0.000963963
-0.000780142
-0.000870798
-0.00103118
-0.00107516
-0.00111498
-0.00114535
-0.00124
-0.00132234
-0.00132112
-0.0012362
-0.00126332
-0.00105381
-0.00119508
-0.00118052
-0.00106883
-0.00132713
-0.000913843
-0.000605149
-0.000929366
-0.000840255
-0.000746637
-0.000962643
-0.00106398
-0.00115345
-0.00120024
-0.00121856
-0.00121438
-0.00120172
-0.00117663
-0.00113676
-0.00108867
-0.00105025
-0.00108087
-0.00115258
-0.0011605
-0.000904246
-0.000369453
0.000900534
)
;

boundaryField
{
    movingWall
    {
        type            zeroGradient;
    }
    fixedWalls
    {
        type            zeroGradient;
    }
    frontAndBack
    {
        type            empty;
    }
}


// ************************************************************************* //
