/*--------------------------------*- C++ -*----------------------------------*\
| =========                 |                                                 |
| \\      /  F ield         | OpenFOAM: The Open Source CFD Toolbox           |
|  \\    /   O peration     | Version:  5.x                                   |
|   \\  /    A nd           | Web:      www.OpenFOAM.org                      |
|    \\/     M anipulation  |                                                 |
\*---------------------------------------------------------------------------*/
FoamFile
{
    version     2.0;
    format      ascii;
    class       surfaceScalarField;
    location    "11.9";
    object      phi;
}
// * * * * * * * * * * * * * * * * * * * * * * * * * * * * * * * * * * * * * //

dimensions      [0 3 -1 0 0 0 0];

internalField   nonuniform List<scalar> 
760
(
-9.54846e-07
9.54846e-07
-1.78538e-06
8.30535e-07
-2.05943e-06
2.74046e-07
-2.28788e-06
2.28457e-07
-2.31993e-06
3.20463e-08
-2.39025e-06
7.0323e-08
-2.38688e-06
-3.36916e-09
-2.38635e-06
-5.33354e-10
-2.36907e-06
-1.72778e-08
-2.38131e-06
1.22366e-08
-2.40272e-06
2.14148e-08
-2.40557e-06
2.84507e-09
-2.45545e-06
4.98813e-08
-2.42184e-06
-3.36108e-08
-2.40726e-06
-1.45803e-08
-2.31969e-06
-8.75688e-08
-2.25493e-06
-6.47629e-08
-1.9347e-06
-3.2023e-07
-1.23073e-06
-7.03964e-07
-1.23073e-06
-7.10886e-07
1.66573e-06
-9.43043e-07
1.06269e-06
-1.04795e-06
3.78952e-07
-1.04753e-06
2.28034e-07
-1.06804e-06
5.25576e-08
-1.048e-06
5.02851e-08
-1.04131e-06
-1.00601e-08
-1.03827e-06
-3.56759e-09
-1.02823e-06
-2.73242e-08
-9.88148e-07
-2.78429e-08
-9.7412e-07
7.38604e-09
-9.43517e-07
-2.77578e-08
-9.2791e-07
3.4275e-08
-9.31956e-07
-2.95654e-08
-9.98533e-07
5.19972e-08
-1.05123e-06
-3.48731e-08
-1.07962e-06
-3.637e-08
-1.05428e-06
-3.45573e-07
-9.53434e-07
-8.04809e-07
-2.18417e-06
-3.55055e-07
2.02079e-06
-4.01983e-07
1.10962e-06
-3.79754e-07
3.56723e-07
-3.54816e-07
2.03096e-07
-3.33008e-07
3.07489e-08
-3.21854e-07
3.91319e-08
-2.96986e-07
-3.49284e-08
-2.89532e-07
-1.10217e-08
-2.71219e-07
-4.56367e-08
-2.5548e-07
-4.35823e-08
-2.26784e-07
-2.13101e-08
-2.25089e-07
-2.94533e-08
-2.0639e-07
1.5576e-08
-2.40553e-07
4.59809e-09
-2.71275e-07
8.2719e-08
-2.96564e-07
-9.58434e-09
-2.32037e-07
-1.00897e-07
-1.20238e-07
-4.57372e-07
-2.22155e-07
-7.02892e-07
-2.40632e-06
-8.56711e-08
2.10646e-06
-1.57185e-07
1.18114e-06
-1.368e-07
3.36337e-07
-1.16942e-07
1.83238e-07
-1.65272e-07
7.90791e-08
-1.82877e-07
5.67366e-08
-2.03206e-07
-1.45989e-08
-2.17269e-07
3.04106e-09
-2.2466e-07
-3.82459e-08
-2.30447e-07
-3.77949e-08
-2.26438e-07
-2.53193e-08
-2.27933e-07
-2.79587e-08
-2.28111e-07
1.57547e-08
-2.01605e-07
-2.1908e-08
-1.80274e-07
6.13872e-08
-7.71222e-08
-1.12736e-07
-9.19168e-08
-8.61019e-08
-2.48062e-07
-3.01226e-07
-2.17718e-07
-7.33236e-07
-2.62404e-06
-1.01698e-07
2.20816e-06
-4.18096e-08
1.12125e-06
-2.86432e-08
3.23171e-07
-8.41559e-08
2.38751e-07
-1.62573e-07
1.57496e-07
-2.09322e-07
1.03485e-07
-2.3602e-07
1.20998e-08
-2.34898e-07
1.91912e-09
-2.15191e-07
-5.79534e-08
-1.97839e-07
-5.51465e-08
-1.60617e-07
-6.25414e-08
-1.20639e-07
-6.79372e-08
-6.97384e-08
-3.51456e-08
-1.06136e-08
-8.10328e-08
5.00236e-08
7.50097e-10
1.24934e-07
-1.87646e-07
1.12403e-07
-7.35705e-08
7.81511e-08
-2.66975e-07
3.31403e-08
-6.88225e-07
-2.5909e-06
-4.89294e-09
2.21305e-06
-4.96428e-08
1.166e-06
-1.22365e-07
3.95894e-07
-1.52601e-07
2.68987e-07
-2.12666e-07
2.17562e-07
-2.46432e-07
1.37251e-07
-2.63193e-07
2.88609e-08
-2.58806e-07
-2.46821e-09
-2.36806e-07
-7.99527e-08
-2.17694e-07
-7.42585e-08
-1.94412e-07
-8.58234e-08
-1.65965e-07
-9.63842e-08
-1.47587e-07
-5.3524e-08
-1.1275e-07
-1.1587e-07
-9.50163e-08
-1.69837e-08
-1.14916e-07
-1.67746e-07
-6.64058e-08
-1.22081e-07
-5.38598e-08
-2.79521e-07
-7.38661e-08
-6.68219e-07
-2.66477e-06
-2.01056e-08
2.23315e-06
2.91574e-08
1.11673e-06
-6.26781e-08
4.87729e-07
-1.70722e-07
3.7703e-07
-2.60183e-07
3.07023e-07
-3.14975e-07
1.92043e-07
-3.19099e-07
3.29848e-08
-3.01862e-07
-1.97056e-08
-2.48807e-07
-1.33008e-07
-2.12739e-07
-1.10326e-07
-1.5445e-07
-1.44112e-07
-1.11424e-07
-1.3941e-07
-5.01692e-08
-1.14779e-07
5.65921e-09
-1.71698e-07
5.30636e-08
-6.43882e-08
1.18149e-07
-2.32832e-07
1.04759e-07
-1.08691e-07
7.09354e-08
-2.45697e-07
2.87292e-08
-6.26012e-07
-2.63604e-06
6.99501e-08
2.1632e-06
9.12913e-08
1.09539e-06
-8.29714e-08
6.61992e-07
-2.8418e-07
5.78239e-07
-3.94779e-07
4.17622e-07
-4.32258e-07
2.29522e-07
-4.03364e-07
4.09002e-09
-3.7301e-07
-5.00587e-08
-2.97864e-07
-2.08154e-07
-2.54851e-07
-1.5334e-07
-2.09776e-07
-1.89187e-07
-1.74509e-07
-1.74677e-07
-1.34587e-07
-1.54701e-07
-1.23211e-07
-1.83074e-07
-7.53471e-08
-1.12252e-07
-6.85567e-08
-2.39622e-07
-6.51033e-08
-1.12144e-07
-2.58697e-10
-3.10542e-07
7.82591e-09
-6.34097e-07
-2.62821e-06
-3.07393e-08
2.19394e-06
-1.09954e-07
1.17461e-06
-2.69605e-07
8.21644e-07
-4.14299e-07
7.22933e-07
-5.74923e-07
5.78245e-07
-5.9962e-07
2.54219e-07
-5.11107e-07
-8.44223e-08
-3.96213e-07
-1.64953e-07
-2.68531e-07
-3.35836e-07
-2.37928e-07
-1.83942e-07
-1.59829e-07
-2.67286e-07
-1.2964e-07
-2.04866e-07
-7.54068e-08
-2.08934e-07
-6.98201e-08
-1.88661e-07
2.4399e-08
-2.06471e-07
1.24521e-07
-3.39744e-07
9.72172e-08
-8.48403e-08
6.93961e-08
-2.82721e-07
-1.08544e-08
-5.53847e-07
-2.63907e-06
-2.66141e-08
2.22056e-06
-1.28859e-07
1.27685e-06
-2.99975e-07
9.92759e-07
-6.03337e-07
1.0263e-06
-8.58001e-07
8.32909e-07
-9.02246e-07
2.98465e-07
-7.79776e-07
-2.06892e-07
-4.88158e-07
-4.56571e-07
-2.88642e-07
-5.35352e-07
-2.59082e-07
-2.13502e-07
-1.8472e-07
-3.41648e-07
-1.63752e-07
-2.25834e-07
-1.29449e-07
-2.43237e-07
-1.63569e-07
-1.5454e-07
-8.39954e-08
-2.86045e-07
-4.80673e-08
-3.75672e-07
-5.53726e-08
-7.7535e-08
1.11041e-08
-3.49197e-07
2.93664e-08
-5.72109e-07
-2.6097e-06
-2.57775e-08
2.24633e-06
-1.70515e-07
1.42159e-06
-5.24249e-07
1.34649e-06
-7.87829e-07
1.28987e-06
-9.01471e-07
9.46552e-07
-9.80191e-07
3.77184e-07
-8.8468e-07
-3.02404e-07
-5.73381e-07
-7.6787e-07
-2.84773e-07
-8.23961e-07
-1.58679e-07
-3.39595e-07
-5.62416e-08
-4.44086e-07
-6.56432e-08
-2.16433e-07
-1.08808e-07
-2.00072e-07
-1.95801e-07
-6.75472e-08
-1.10895e-07
-3.70951e-07
-1.33807e-07
-3.5276e-07
6.0308e-09
-2.17373e-07
1.30637e-07
-4.73804e-07
-1.72194e-08
-4.24252e-07
-2.62692e-06
-5.77898e-08
2.30412e-06
-2.12572e-07
1.57637e-06
-3.91237e-07
1.52516e-06
-5.45293e-07
1.44393e-06
-6.36096e-07
1.03736e-06
-7.29233e-07
4.7032e-07
-6.64342e-07
-3.67294e-07
-4.97881e-07
-9.34331e-07
-2.6327e-07
-1.05857e-06
-2.58991e-08
-5.76966e-07
2.31959e-08
-4.93181e-07
-4.78518e-08
-1.45385e-07
-7.65501e-08
-1.71374e-07
-1.91064e-07
4.69669e-08
-1.70385e-07
-3.91631e-07
-1.82718e-07
-3.40427e-07
-1.62754e-07
-2.37337e-07
-1.10546e-07
-5.26012e-07
2.85935e-08
-5.63392e-07
-2.59833e-06
1.57903e-07
2.14622e-06
4.31266e-08
1.69115e-06
-6.55472e-08
1.63383e-06
-6.13104e-09
1.38451e-06
9.86409e-09
1.02136e-06
3.81579e-08
4.42027e-07
8.85431e-08
-4.17679e-07
3.09141e-08
-8.76702e-07
3.23686e-08
-1.06003e-06
2.82089e-07
-8.26686e-07
4.53069e-07
-6.64161e-07
4.06789e-07
-9.91057e-08
4.03271e-07
-1.67856e-07
4.45717e-07
4.52068e-09
2.59675e-07
-2.05588e-07
8.58063e-08
-1.66558e-07
-3.77224e-08
-1.13808e-07
-1.83226e-07
-3.80509e-07
-7.07681e-08
-6.75849e-07
-2.66909e-06
1.7373e-07
1.97249e-06
3.53302e-07
1.51158e-06
4.13245e-07
1.57389e-06
4.72079e-07
1.32568e-06
6.32391e-07
8.61048e-07
7.17692e-07
3.56725e-07
6.85464e-07
-3.85451e-07
7.49758e-07
-9.40997e-07
4.68961e-07
-7.79229e-07
2.52132e-07
-6.09858e-07
1.8022e-07
-5.92249e-07
3.66977e-07
-2.85862e-07
4.76379e-07
-2.77258e-07
6.57942e-07
-1.77042e-07
6.07728e-07
-1.55375e-07
2.07891e-07
2.3328e-07
1.17122e-07
-2.30395e-08
2.85497e-08
-2.91936e-07
9.24394e-08
-7.39739e-07
-2.57666e-06
3.35055e-07
1.63744e-06
4.79589e-07
1.36704e-06
5.9727e-07
1.45621e-06
8.84132e-07
1.03882e-06
1.15595e-06
5.89234e-07
1.25763e-06
2.55039e-07
1.31824e-06
-4.46054e-07
1.34642e-06
-9.69184e-07
1.18757e-06
-6.20376e-07
7.19073e-07
-1.41361e-07
1.35864e-07
-9.04051e-09
-8.925e-08
-6.07477e-08
-1.3682e-07
-2.29688e-07
-1.57651e-07
-1.56211e-07
1.013e-07
-4.14326e-07
1.13889e-07
2.2069e-07
3.45665e-07
-2.54816e-07
2.64432e-07
-2.10703e-07
-3.11666e-08
-4.4414e-07
-2.60782e-06
6.00533e-07
1.0369e-06
8.40573e-07
1.127e-06
9.86742e-07
1.31004e-06
1.33138e-06
6.94185e-07
1.55053e-06
3.70082e-07
1.73314e-06
7.24324e-08
1.81016e-06
-5.23077e-07
1.55066e-06
-7.09685e-07
1.49353e-06
-5.63249e-07
1.68932e-06
-3.37148e-07
1.80077e-06
-1.20486e-07
1.57212e-06
1.67896e-07
1.23132e-06
1.11112e-07
8.1266e-07
2.62451e-07
2.94704e-07
1.0363e-07
1.10142e-07
4.05253e-07
1.76109e-07
-3.20783e-07
1.204e-07
-1.54993e-07
1.27113e-07
-4.50854e-07
-2.48071e-06
7.74191e-07
2.62712e-07
9.95427e-07
9.05766e-07
1.22157e-06
1.0839e-06
1.44792e-06
4.67831e-07
1.52881e-06
2.89194e-07
1.43923e-06
1.62017e-07
9.25555e-07
-9.40619e-09
3.29445e-07
-1.13575e-07
3.04843e-09
-2.36852e-07
-4.88928e-08
-2.85207e-07
-7.54195e-08
-9.39588e-08
9.32557e-08
-7.79536e-10
-2.64831e-08
2.30851e-07
-7.89196e-08
3.14887e-07
-4.35337e-08
6.82444e-08
-1.48253e-07
5.09973e-07
3.97492e-08
-5.08786e-07
-3.91259e-08
-7.61183e-08
-7.44425e-08
-4.15537e-07
-2.55515e-06
3.84755e-07
-1.22042e-07
9.26053e-07
3.64468e-07
1.27913e-06
7.30814e-07
1.39104e-06
3.55927e-07
1.48461e-06
1.95622e-07
1.55211e-06
9.45211e-08
1.49742e-06
4.52844e-08
1.38139e-06
2.45057e-09
1.20571e-06
-6.11722e-08
9.77326e-07
-5.68222e-08
7.49597e-07
1.33769e-07
7.09515e-07
3.93027e-08
7.26342e-07
2.14024e-07
6.70515e-07
3.70714e-07
8.33031e-07
-9.42721e-08
8.40849e-07
5.02155e-07
7.13141e-07
-3.81078e-07
4.17069e-07
2.19953e-07
2.88033e-07
-2.86502e-07
-2.26712e-06
-4.69919e-07
3.47876e-07
-3.11079e-07
2.05629e-07
-6.39895e-08
4.83725e-07
-4.70824e-08
3.3902e-07
-8.87355e-08
2.37275e-07
-1.26012e-07
1.31797e-07
-1.85229e-07
1.04502e-07
-2.61719e-07
7.89406e-08
-4.07431e-07
8.45398e-08
-5.18347e-07
5.40934e-08
-4.40592e-07
5.60148e-08
-4.41242e-07
3.99528e-08
-2.66968e-07
3.97498e-08
-5.46038e-08
1.5835e-07
-2.96354e-07
1.47478e-07
6.91893e-08
1.36611e-07
-2.76264e-07
-3.5624e-08
2.36345e-08
-7.99453e-08
7.38108e-07
-1.00098e-06
-1.52901e-06
3.47876e-07
5.53505e-07
1.03723e-06
1.37625e-06
1.61352e-06
1.74532e-06
1.84982e-06
1.92876e-06
2.0133e-06
2.0674e-06
2.12341e-06
2.16337e-06
2.20312e-06
2.36147e-06
2.50894e-06
2.64555e-06
2.60993e-06
2.52999e-06
1.52901e-06
)
;

boundaryField
{
    movingWall
    {
        type            calculated;
        value           uniform 0;
    }
    fixedWalls
    {
        type            calculated;
        value           uniform 0;
    }
    frontAndBack
    {
        type            empty;
        value           nonuniform 0();
    }
}


// ************************************************************************* //
