/*--------------------------------*- C++ -*----------------------------------*\
| =========                 |                                                 |
| \\      /  F ield         | OpenFOAM: The Open Source CFD Toolbox           |
|  \\    /   O peration     | Version:  5.x                                   |
|   \\  /    A nd           | Web:      www.OpenFOAM.org                      |
|    \\/     M anipulation  |                                                 |
\*---------------------------------------------------------------------------*/
FoamFile
{
    version     2.0;
    format      ascii;
    class       volVectorField;
    location    "11.9";
    object      U;
}
// * * * * * * * * * * * * * * * * * * * * * * * * * * * * * * * * * * * * * //

dimensions      [0 1 -1 0 0 0 0];

internalField   nonuniform List<vector> 
400
(
(-0.00884076 0.00464887 0)
(-0.0326705 0.00753926 0)
(-0.0380612 0.000452258 0)
(-0.0444386 0.00230343 0)
(-0.0450779 -0.00177912 0)
(-0.0475374 0.000535655 0)
(-0.0467062 -0.00149696 0)
(-0.0489008 -0.00116837 0)
(-0.0466189 -0.00161995 0)
(-0.0473372 -0.00045215 0)
(-0.048486 -0.000415369 0)
(-0.0472034 -0.000781742 0)
(-0.0489139 0.000255195 0)
(-0.0488565 -0.000838802 0)
(-0.0496909 -0.00104453 0)
(-0.0476867 -0.00224633 0)
(-0.046477 -0.00169276 0)
(-0.0406775 -0.00439229 0)
(-0.0425797 -0.00919641 0)
(-2.7532e-05 -0.0149641 0)
(-0.0104887 0.0295208 0)
(-0.020484 0.0224935 0)
(-0.0162987 0.00903575 0)
(-0.0248461 0.00584484 0)
(-0.0170772 0.00276941 0)
(-0.0245634 0.00204998 0)
(-0.0183159 0.00130513 0)
(-0.0224136 0.00114757 0)
(-0.020032 0.000843036 0)
(-0.0199958 0.00101222 0)
(-0.0202368 0.00136966 0)
(-0.0182187 0.000908783 0)
(-0.0200266 0.00181852 0)
(-0.0164231 -0.000482373 0)
(-0.0217415 0.000377888 0)
(-0.0175027 -0.00172285 0)
(-0.0259798 -0.00159157 0)
(-0.0154172 -0.0103901 0)
(-0.0305169 -0.0224188 0)
(-0.00265638 -0.0393692 0)
(-0.00646834 0.0400322 0)
(-0.0095228 0.0214674 0)
(-0.00540246 0.00701755 0)
(-0.00945442 0.00386518 0)
(-0.00494752 -0.000419876 0)
(-0.00793318 7.42053e-05 0)
(-0.005322 -0.00161605 0)
(-0.00614852 -0.00127245 0)
(-0.00589289 -0.00187418 0)
(-0.00438984 -0.00222682 0)
(-0.0064015 -0.00114439 0)
(-0.00214126 -0.00209666 0)
(-0.00736775 -0.000584561 0)
(-0.00044433 -0.000783928 0)
(-0.00969665 0.00171751 0)
(-0.000569976 0.000553975 0)
(-0.0120041 0.000473668 0)
(0.00311814 -0.00214375 0)
(-0.00859918 -0.00693601 0)
(0.00118502 -0.0456116 0)
(-0.000967445 0.0395904 0)
(-0.00318922 0.0233722 0)
(-0.00245624 0.00728137 0)
(-0.00279961 0.00427784 0)
(-0.00210533 0.00156427 0)
(-0.00419689 0.0015432 0)
(-0.00342515 0.000133282 0)
(-0.00440924 0.000796441 0)
(-0.00458539 0.000114836 0)
(-0.0040595 0.000419014 0)
(-0.00546121 0.000416662 0)
(-0.0032688 0.000945292 0)
(-0.00626694 0.00130534 0)
(-0.00234081 0.00101984 0)
(-0.00625212 0.00174784 0)
(-0.000538552 -0.000953074 0)
(-0.00272513 -0.00423521 0)
(-0.000638655 -0.0162864 0)
(-0.0103896 -0.0232075 0)
(0.00292288 -0.0519014 0)
(-0.00300163 0.0446062 0)
(-0.00151022 0.0249463 0)
(3.8726e-05 0.0067762 0)
(-0.00112163 0.00338896 0)
(-0.00237156 0.0018434 0)
(-0.00405282 0.000842109 0)
(-0.00453204 -0.000655635 0)
(-0.00464646 -0.000654333 0)
(-0.00506783 -0.00169072 0)
(-0.00314313 -0.00184573 0)
(-0.00520332 -0.00155373 0)
(-0.000786109 -0.00202344 0)
(-0.00443035 -0.000770778 0)
(0.00193794 -0.00201379 0)
(-0.00247129 0.00053126 0)
(0.00466645 -0.00384445 0)
(5.01537e-05 0.00051467 0)
(0.00463259 0.00401425 0)
(-0.00173352 -0.00413388 0)
(0.0032962 -0.0498174 0)
(8.37088e-05 0.0458177 0)
(-0.000319782 0.0205962 0)
(-0.00181533 0.00566505 0)
(-0.00274447 0.00584795 0)
(-0.00364538 0.00412084 0)
(-0.00464991 0.00312739 0)
(-0.0054511 0.00108217 0)
(-0.00484997 0.000716087 0)
(-0.00574091 -0.000579384 0)
(-0.00344311 -0.000428274 0)
(-0.00556208 -0.000768353 0)
(-0.00188716 -0.000668101 0)
(-0.00509034 -0.000481926 0)
(-0.00045769 -0.00100833 0)
(-0.0043792 -0.0004754 0)
(0.000908177 -0.00316028 0)
(-0.00594104 -0.00323886 0)
(0.00367851 -0.0140194 0)
(-0.00621866 -0.0245549 0)
(0.00365015 -0.0549631 0)
(-0.00276023 0.0418724 0)
(0.00178693 0.024626 0)
(-0.000418429 0.0105663 0)
(-0.00218054 0.00517655 0)
(-0.00468161 0.0049709 0)
(-0.00587902 0.00261202 0)
(-0.00672861 0.000180535 0)
(-0.00587377 -0.000787677 0)
(-0.00640275 -0.00262734 0)
(-0.00323897 -0.00248569 0)
(-0.00563062 -0.00285564 0)
(-0.000175925 -0.00328561 0)
(-0.00461513 -0.00185314 0)
(0.00283605 -0.00390051 0)
(-0.0026839 -0.000331288 0)
(0.00500233 -0.00406681 0)
(-0.000533979 -0.00189962 0)
(0.00496557 0.00202264 0)
(-0.00241958 -0.00265236 0)
(0.00378378 -0.0501878 0)
(-6.38289e-05 0.048688 0)
(0.00306329 0.0216498 0)
(0.000488331 0.00950043 0)
(-0.0039075 0.0103206 0)
(-0.0075889 0.00717504 0)
(-0.00829204 0.00500152 0)
(-0.00885569 0.00110083 0)
(-0.00720525 -5.2406e-05 0)
(-0.0076024 -0.00260152 0)
(-0.00414212 -0.00182687 0)
(-0.00630589 -0.00266141 0)
(-0.00177551 -0.00211706 0)
(-0.00551975 -0.00244969 0)
(0.000452502 -0.00264487 0)
(-0.00574731 -0.00201224 0)
(0.00307092 -0.0046235 0)
(-0.00618332 -0.00217243 0)
(0.00394873 -0.0110639 0)
(-0.00399197 -0.0212469 0)
(0.00435713 -0.0549349 0)
(-0.00277066 0.0388799 0)
(0.00139307 0.0214647 0)
(-0.00549825 0.0167433 0)
(-0.00574833 0.0128213 0)
(-0.0106617 0.0101791 0)
(-0.0124734 0.00472589 0)
(-0.0114124 -0.00089329 0)
(-0.00871443 -0.00179154 0)
(-0.00681681 -0.00566483 0)
(-0.00399427 -0.0044853 0)
(-0.00573244 -0.00518741 0)
(-0.000375577 -0.0051357 0)
(-0.00512227 -0.00407785 0)
(0.00237666 -0.00498826 0)
(-0.00544633 -0.00275831 0)
(0.00658881 -0.00554894 0)
(-0.00201422 -0.00262485 0)
(0.00632471 -0.00222082 0)
(-0.00397421 -0.00551627 0)
(0.00370651 -0.0510891 0)
(-0.00131241 0.0464284 0)
(0.000180214 0.0249001 0)
(-0.00498202 0.0160129 0)
(-0.00749668 0.0167955 0)
(-0.0173 0.013081 0)
(-0.017762 0.0057031 0)
(-0.0175558 -0.00215095 0)
(-0.012939 -0.00441738 0)
(-0.00629094 -0.00742682 0)
(-0.00547236 -0.00261023 0)
(-0.00513084 -0.00515852 0)
(-0.00196664 -0.00271148 0)
(-0.00490586 -0.0038771 0)
(4.03077e-05 -0.0022362 0)
(-0.0070184 -0.00512807 0)
(0.003998 -0.00749647 0)
(-0.00622669 -0.000457558 0)
(0.00439451 -0.00823248 0)
(-0.00411575 -0.0152406 0)
(0.0055053 -0.0530066 0)
(-0.0027049 0.0438691 0)
(0.00160269 0.0268427 0)
(-0.00787064 0.02441 0)
(-0.0141601 0.0233631 0)
(-0.0178837 0.0198555 0)
(-0.0194374 0.00643067 0)
(-0.0189344 -0.00618618 0)
(-0.0151589 -0.014206 0)
(-0.00711379 -0.0145239 0)
(-0.00468852 -0.00634951 0)
(-0.00190976 -0.00907451 0)
(-0.000211347 -0.00676306 0)
(-0.002622 -0.00635177 0)
(-0.00142259 -0.00408895 0)
(-0.00696365 -0.00660326 0)
(0.00303608 -0.00813568 0)
(-0.00900364 -0.00305108 0)
(0.00938366 -0.00669628 0)
(-0.00483143 -0.00913335 0)
(0.00438198 -0.0513587 0)
(-0.000374364 0.0450562 0)
(-0.00216814 0.0287164 0)
(-0.00577906 0.0278491 0)
(-0.0105402 0.026817 0)
(-0.0120647 0.0161828 0)
(-0.01492 0.00705171 0)
(-0.0136663 -0.00730035 0)
(-0.0112268 -0.0181336 0)
(-0.00770134 -0.0181508 0)
(-0.00333059 -0.00673655 0)
(0.0021676 -0.00788637 0)
(-0.0013507 -0.00137415 0)
(-0.000416168 -0.00114406 0)
(-0.00289571 0.00127969 0)
(-0.00533582 -0.00813687 0)
(-0.000655187 -0.00516644 0)
(-0.00736048 -0.00472623 0)
(0.00129311 -0.0110674 0)
(-0.00593136 -0.00638583 0)
(0.0069982 -0.0532706 0)
(0.00325054 0.045237 0)
(0.00330299 0.0332355 0)
(-0.00161949 0.0321144 0)
(-0.00126677 0.0290335 0)
(0.000940782 0.0237815 0)
(-0.000666684 0.0124554 0)
(0.00179316 -0.0070863 0)
(0.00255742 -0.0201592 0)
(-0.00111838 -0.0256676 0)
(0.00241917 -0.0169404 0)
(0.00811558 -0.0123106 0)
(0.00951171 -0.00474428 0)
(0.00731117 -0.00605958 0)
(0.00811269 0.000342382 0)
(0.00896823 -0.00811833 0)
(0.00247794 -0.00934935 0)
(0.000334648 -0.00592268 0)
(-0.00147733 -0.011412 0)
(-0.00662852 -0.018043 0)
(0.0042442 -0.0525042 0)
(-0.000828392 0.0416313 0)
(0.00745365 0.0344244 0)
(0.00639737 0.034145 0)
(0.00946584 0.0280828 0)
(0.00923384 0.0189271 0)
(0.0148998 0.00585401 0)
(0.0120504 -0.00972186 0)
(0.0177191 -0.0135962 0)
(0.0130632 -0.016857 0)
(0.00497256 -0.0176661 0)
(0.00438658 -0.0158503 0)
(0.00257554 0.000721785 0)
(0.0125492 -0.000779527 0)
(0.00677465 -2.39059e-05 0)
(0.0181046 0.000434188 0)
(0.00778418 0.00339322 0)
(-9.71141e-05 0.002289 0)
(0.00491222 -0.00252528 0)
(-0.00378411 -0.00665203 0)
(0.00740348 -0.0525841 0)
(0.00191885 0.0378539 0)
(0.010794 0.0274378 0)
(0.00776596 0.0292374 0)
(0.0153831 0.0239397 0)
(0.0205186 0.0148572 0)
(0.023781 0.00780378 0)
(0.026316 -0.00489414 0)
(0.0281005 -0.0236961 0)
(0.0281315 -0.0124311 0)
(0.0200823 -0.00408831 0)
(0.00847606 -0.00486291 0)
(-0.00401156 -0.0117063 0)
(0.00115749 -0.010769 0)
(-0.00731024 -0.00821281 0)
(0.00161036 -0.00735652 0)
(0.00287895 0.0047506 0)
(0.000916724 -0.00369629 0)
(0.0143433 -0.010456 0)
(-0.00526515 -0.0259214 0)
(0.00454554 -0.0521096 0)
(0.00440044 0.0303223 0)
(0.0179485 0.0289318 0)
(0.0159977 0.0301086 0)
(0.0240601 0.0191604 0)
(0.0278755 0.00991649 0)
(0.0353194 0.00350998 0)
(0.033108 -0.0118052 0)
(0.0402925 -0.0153768 0)
(0.0234011 -0.0138925 0)
(0.0348869 -0.00287148 0)
(0.0315077 0.00403259 0)
(0.0413545 0.00849804 0)
(0.0239991 0.00201529 0)
(0.0246926 0.00329398 0)
(0.00654513 -0.007476 0)
(0.00600929 0.00570685 0)
(-0.00215565 -0.00455513 0)
(0.00968406 0.00333233 0)
(-0.00511528 0.0109096 0)
(0.0104908 -0.0496596 0)
(0.00640781 0.0111182 0)
(0.0222158 0.0177212 0)
(0.0195672 0.0241302 0)
(0.0280869 0.00885864 0)
(0.0281886 0.00550807 0)
(0.0347297 -0.000217472 0)
(0.0234311 -0.00739137 0)
(0.0140497 -0.0110668 0)
(-0.00239331 -0.00998256 0)
(0.00264661 -0.00967154 0)
(-0.00496493 -0.00804661 0)
(0.00229943 -0.000769963 0)
(0.00204627 0.00250092 0)
(-0.00350291 0.00554567 0)
(0.00104246 0.0108108 0)
(-0.0031901 0.008341 0)
(-0.00355502 -0.0105 0)
(0.00582474 -0.0105989 0)
(-0.00815774 -0.0319283 0)
(0.00617747 -0.0535651 0)
(-0.00121551 -0.00150854 0)
(0.0145193 0.0161615 0)
(0.0255822 0.0179193 0)
(0.0243348 0.0107597 0)
(0.0291081 0.00580393 0)
(0.0315789 0.00583558 0)
(0.029994 0.0067351 0)
(0.0295796 0.00559248 0)
(0.0259934 0.00172939 0)
(0.0226032 -0.000476604 0)
(0.0159503 0.0050679 0)
(0.0150971 0.000829107 0)
(0.0124575 0.00740203 0)
(0.0169514 0.00834029 0)
(0.0108746 -0.0075944 0)
(0.020443 0.0132522 0)
(0.013488 -0.00812658 0)
(0.0170541 0.00845384 0)
(-0.00206401 0.0177322 0)
(0.0151624 -0.0444965 0)
(-0.0153061 -0.00333536 0)
(-0.00544237 -0.00102182 0)
(-0.0050894 0.0112373 0)
(0.00196542 0.00304354 0)
(-0.00431279 0.00192169 0)
(0.0012485 -0.00144826 0)
(-0.00643848 -0.00438905 0)
(-0.000538384 -0.00532915 0)
(-0.0105682 -0.00454615 0)
(-0.00634031 -0.00242288 0)
(-0.0144555 -0.000867868 0)
(-0.00186993 0.000192492 0)
(-0.0175095 -0.000175697 0)
(0.00858351 0.00651157 0)
(-0.0115077 0.00309172 0)
(0.000259452 0.00763813 0)
(0.00331059 -0.00575 0)
(-0.016757 -0.00187877 0)
(0.01831 -0.0311578 0)
(0.0130035 -0.0542808 0)
(0.00156053 0.0165157 0)
(0.0131444 0.0101789 0)
(0.0108325 0.00823501 0)
(0.0277225 0.00933031 0)
(0.0290492 0.00688349 0)
(0.0345797 0.00592056 0)
(0.0351258 0.00780555 0)
(0.0384235 0.00784206 0)
(0.0394689 0.00813936 0)
(0.0408089 0.00515279 0)
(0.0423459 0.0037624 0)
(0.0424111 0.00187616 0)
(0.0446234 0.00238057 0)
(0.0450919 -0.000592942 0)
(0.0481535 0.00376481 0)
(0.0498197 -0.00200188 0)
(0.0529387 0.00385856 0)
(0.0514822 3.59517e-05 0)
(0.0448248 -0.00436864 0)
(0.0241655 0.00246203 0)
)
;

boundaryField
{
    movingWall
    {
        type            fixedValue;
        value           uniform (1 0 0);
    }
    fixedWalls
    {
        type            noSlip;
    }
    frontAndBack
    {
        type            empty;
    }
}


// ************************************************************************* //
