/*--------------------------------*- C++ -*----------------------------------*\
| =========                 |                                                 |
| \\      /  F ield         | OpenFOAM: The Open Source CFD Toolbox           |
|  \\    /   O peration     | Version:  5.x                                   |
|   \\  /    A nd           | Web:      www.OpenFOAM.org                      |
|    \\/     M anipulation  |                                                 |
\*---------------------------------------------------------------------------*/
FoamFile
{
    version     2.0;
    format      ascii;
    class       volScalarField;
    location    "15.5";
    object      p;
}
// * * * * * * * * * * * * * * * * * * * * * * * * * * * * * * * * * * * * * //

dimensions      [0 2 -2 0 0 0 0];

internalField   nonuniform List<scalar> 
400
(
2.34315e-10
-0.000471375
-0.000817901
-0.00103851
-0.00113194
-0.00119634
-0.00122493
-0.0012461
-0.00126591
-0.00128796
-0.00130644
-0.00130984
-0.00131443
-0.00130803
-0.00129594
-0.00121816
-0.00103384
-0.000713406
-0.00040273
0.000860346
-0.000510511
-0.000842833
-0.00103967
-0.00114969
-0.00118392
-0.00121099
-0.00123878
-0.00124919
-0.00127426
-0.00129142
-0.00131181
-0.0013323
-0.00132419
-0.00133529
-0.00132319
-0.0013097
-0.00130525
-0.00108753
-0.00106172
-0.00013035
-0.000834724
-0.00107716
-0.00114869
-0.00120275
-0.00121707
-0.00123076
-0.00125167
-0.00126027
-0.00128083
-0.00129316
-0.00131155
-0.00131693
-0.00132665
-0.00130672
-0.00132398
-0.00126016
-0.00128837
-0.00116857
-0.0010647
-0.000695964
-0.00103769
-0.00116734
-0.00118703
-0.00121052
-0.00122156
-0.0012361
-0.00125579
-0.00127065
-0.00128805
-0.00130081
-0.0013122
-0.00131593
-0.00132521
-0.0013111
-0.00132367
-0.00129332
-0.00129396
-0.00120183
-0.00127306
-0.00103882
-0.00112473
-0.00119364
-0.00120568
-0.00122122
-0.00123317
-0.00124908
-0.00126518
-0.00128015
-0.00129899
-0.0013045
-0.00132375
-0.00131498
-0.00132737
-0.00131401
-0.0013195
-0.00127981
-0.00129456
-0.00124511
-0.0012167
-0.00117393
-0.0011813
-0.00120904
-0.00122488
-0.00123504
-0.00124642
-0.00126098
-0.00127755
-0.00129304
-0.0013115
-0.00131797
-0.00132711
-0.00131641
-0.00132759
-0.00131581
-0.00132974
-0.00130235
-0.00132037
-0.0012843
-0.00129767
-0.00128178
-0.00120794
-0.00124469
-0.00122319
-0.00124972
-0.0012498
-0.00127017
-0.00128576
-0.00130343
-0.00133231
-0.00133934
-0.00136363
-0.00132442
-0.00133458
-0.00133149
-0.00133441
-0.00132368
-0.00133129
-0.00131856
-0.00128858
-0.00132784
-0.0012249
-0.00124089
-0.00124509
-0.00125028
-0.00126492
-0.00128042
-0.00130159
-0.00132355
-0.00134922
-0.00136963
-0.00138302
-0.0013569
-0.00133689
-0.00133069
-0.00133462
-0.001331
-0.00134993
-0.00135064
-0.00132465
-0.00136874
-0.00125299
-0.00126668
-0.00126427
-0.00127198
-0.0012742
-0.0012873
-0.00131122
-0.00134276
-0.00139133
-0.00143553
-0.00142783
-0.00137544
-0.00135417
-0.00136427
-0.00138881
-0.00138848
-0.00142541
-0.00139286
-0.00137881
-0.00133902
-0.00126461
-0.00128011
-0.00126423
-0.00126454
-0.00127708
-0.00129373
-0.00131599
-0.00135299
-0.00141239
-0.0014741
-0.00145791
-0.00143405
-0.00138192
-0.00131274
-0.00136792
-0.00132722
-0.00137963
-0.00134314
-0.00138116
-0.00129718
-0.00127973
-0.00128424
-0.00128075
-0.00129085
-0.00130681
-0.00131322
-0.00136447
-0.00143554
-0.00149925
-0.00148415
-0.00144945
-0.00145265
-0.00140138
-0.0013709
-0.0014059
-0.00140392
-0.00138276
-0.00133561
-0.00138612
-0.00131454
-0.00126441
-0.00126092
-0.00126632
-0.00127657
-0.00130346
-0.00131793
-0.00142394
-0.00153708
-0.00167537
-0.00160877
-0.00152593
-0.0014425
-0.00139159
-0.00137005
-0.00137201
-0.00137079
-0.0013758
-0.00132849
-0.0014065
-0.0013439
-0.00123578
-0.00127109
-0.00126501
-0.00128587
-0.00130689
-0.00134338
-0.00150013
-0.00164317
-0.00184708
-0.00174413
-0.00163109
-0.00159431
-0.00152747
-0.00138926
-0.0014582
-0.00138245
-0.00145227
-0.00137548
-0.00144605
-0.00133598
-0.00123378
-0.00125615
-0.00124463
-0.001251
-0.00128684
-0.00131342
-0.00147462
-0.00164712
-0.00184907
-0.00178093
-0.00168304
-0.00167936
-0.00133251
-0.00136514
-0.00135199
-0.00133663
-0.0014343
-0.00127103
-0.00140777
-0.00127588
-0.00117514
-0.00120617
-0.00121439
-0.00121564
-0.0012404
-0.0012595
-0.00141112
-0.00152769
-0.00174613
-0.00173776
-0.00167163
-0.00162921
-0.0013031
-0.00136287
-0.00140383
-0.00131151
-0.00145313
-0.00133743
-0.00137327
-0.00120151
-0.00113516
-0.00117754
-0.00120833
-0.00118229
-0.00122088
-0.00121287
-0.00131636
-0.00140204
-0.00151193
-0.00158685
-0.00157847
-0.00153637
-0.00142582
-0.00149372
-0.00140461
-0.00120458
-0.00124101
-0.00115951
-0.00121516
-0.00115437
-0.00103228
-0.00112057
-0.00116601
-0.00115712
-0.00119249
-0.00117833
-0.00122664
-0.00129799
-0.00138844
-0.00148064
-0.00152789
-0.00128698
-0.00139122
-0.00170477
-0.00138696
-0.0013164
-0.00139434
-0.00131817
-0.00134889
-0.00111214
-0.000856623
-0.00101763
-0.00110321
-0.00112762
-0.00114465
-0.00117701
-0.00120097
-0.00123453
-0.00132753
-0.0015267
-0.00174667
-0.00166601
-0.00149837
-0.00135967
-0.00129289
-0.00139482
-0.00126607
-0.00117274
-0.00103413
-0.000752191
-0.000591214
-0.000835094
-0.00103192
-0.0010605
-0.00110344
-0.00110469
-0.00113769
-0.00114674
-0.00133804
-0.00172939
-0.00212297
-0.00172677
-0.00140509
-0.00121389
-0.00123698
-0.00137254
-0.00112294
-0.0013997
-0.00108886
-0.000248958
-0.000295003
-0.000560198
-0.000900822
-0.00105163
-0.00109646
-0.00114277
-0.00119036
-0.00135833
-0.00150279
-0.00155236
-0.00144543
-0.00129989
-0.00121212
-0.00119122
-0.00120157
-0.00124481
-0.00117362
-0.000864068
-9.69673e-05
0.00182003
)
;

boundaryField
{
    movingWall
    {
        type            zeroGradient;
    }
    fixedWalls
    {
        type            zeroGradient;
    }
    frontAndBack
    {
        type            empty;
    }
}


// ************************************************************************* //
