/*--------------------------------*- C++ -*----------------------------------*\
| =========                 |                                                 |
| \\      /  F ield         | OpenFOAM: The Open Source CFD Toolbox           |
|  \\    /   O peration     | Version:  5.x                                   |
|   \\  /    A nd           | Web:      www.OpenFOAM.org                      |
|    \\/     M anipulation  |                                                 |
\*---------------------------------------------------------------------------*/
FoamFile
{
    version     2.0;
    format      ascii;
    class       volVectorField;
    location    "15.5";
    object      U;
}
// * * * * * * * * * * * * * * * * * * * * * * * * * * * * * * * * * * * * * //

dimensions      [0 1 -1 0 0 0 0];

internalField   nonuniform List<vector> 
400
(
(-0.0133395 0.0064148 0)
(-0.0315874 0.00669264 0)
(-0.0394411 0.00142199 0)
(-0.0434173 0.00185493 0)
(-0.0462769 0.000688958 0)
(-0.047331 0.000248049 0)
(-0.0491812 0.00129006 0)
(-0.0495692 -0.000273216 0)
(-0.0515932 0.0016048 0)
(-0.0520671 -0.000162887 0)
(-0.0546081 0.00151186 0)
(-0.0540877 -0.000258495 0)
(-0.0566597 0.000756753 0)
(-0.0558826 -0.000675516 0)
(-0.0578032 -0.000906094 0)
(-0.0560068 -0.00163542 0)
(-0.0540147 -0.00335379 0)
(-0.0492166 -0.00699965 0)
(-0.0450824 -0.0100756 0)
(-0.00671459 -0.0214978 0)
(-0.00917632 0.0312267 0)
(-0.0177857 0.0205339 0)
(-0.018246 0.00895547 0)
(-0.0234501 0.00588437 0)
(-0.0182563 0.00143469 0)
(-0.0236519 0.00284547 0)
(-0.0206997 0.000601875 0)
(-0.0224967 0.00219041 0)
(-0.0227398 0.00112574 0)
(-0.0227002 0.00218143 0)
(-0.0227235 0.00128688 0)
(-0.0241925 0.00170323 0)
(-0.0199826 0.000776809 0)
(-0.0258885 0.00037195 0)
(-0.0193581 0.000802857 0)
(-0.0271658 -0.00177165 0)
(-0.0236574 -0.000891994 0)
(-0.0215959 -0.0135245 0)
(-0.032959 -0.0221046 0)
(-0.00161401 -0.0449341 0)
(-0.00552948 0.0361123 0)
(-0.00847216 0.02214 0)
(-0.00638935 0.00871305 0)
(-0.00704995 0.00361611 0)
(-0.00396892 0.000388881 0)
(-0.0079155 0.0016129 0)
(-0.00388852 0.00114042 0)
(-0.00873596 0.000962807 0)
(-0.00512764 0.0017845 0)
(-0.00895839 0.000661358 0)
(-0.00700279 0.00158819 0)
(-0.00971302 -0.000574086 0)
(-0.00970748 0.00068959 0)
(-0.00900724 -0.000469803 0)
(-0.0123923 0.00159314 0)
(-0.00415881 0.000430024 0)
(-0.0144489 -0.00175614 0)
(0.00493313 -0.00213738 0)
(-0.0111416 -0.0105018 0)
(0.0020183 -0.052522 0)
(-0.00203062 0.0433082 0)
(-0.00381798 0.0251586 0)
(-0.00156665 0.00614807 0)
(-0.00267304 0.00436167 0)
(-0.000924335 0.00241717 0)
(-0.00528588 0.00261572 0)
(-0.00278068 0.00235131 0)
(-0.00632302 0.0029014 0)
(-0.00394682 0.00207777 0)
(-0.00581912 0.00318736 0)
(-0.00401917 0.00286239 0)
(-0.00414519 0.00323975 0)
(-0.00599379 0.00152863 0)
(-0.00246479 0.00098213 0)
(-0.00769039 -0.00191816 0)
(0.000613217 -0.00320709 0)
(-0.00722046 -0.008704 0)
(-0.00102666 -0.0192363 0)
(-0.0119561 -0.0231226 0)
(0.00402335 -0.0587094 0)
(-0.00231918 0.0419101 0)
(-0.000755582 0.0228098 0)
(-0.00187889 0.00631367 0)
(-0.00200615 0.00286127 0)
(-0.00211108 0.00258723 0)
(-0.00374511 0.00280451 0)
(-0.00356264 0.00228937 0)
(-0.00440584 0.00187266 0)
(-0.00434473 0.00138719 0)
(-0.00325823 0.000862641 0)
(-0.003058 -0.00011595 0)
(-0.000971673 0.000902723 0)
(-0.00505093 -0.000277665 0)
(0.00082772 0.000209517 0)
(-0.00703099 -0.000194135 0)
(-0.00072468 -0.000421501 0)
(-0.0091542 0.00224812 0)
(0.00419277 -0.0012768 0)
(-0.00597774 -0.00711507 0)
(0.0052679 -0.058966 0)
(-0.000363316 0.0446465 0)
(-0.00104729 0.0242331 0)
(-0.00138922 0.00656292 0)
(-0.00213721 0.00471747 0)
(-0.00369307 0.00388214 0)
(-0.00413801 0.00420205 0)
(-0.00501251 0.00313153 0)
(-0.00509276 0.00310656 0)
(-0.0054125 0.00167652 0)
(-0.00379343 0.00102839 0)
(-0.00330262 0.00159159 0)
(-0.00146227 0.00471272 0)
(-0.00574295 0.0005072 0)
(0.000170207 0.00239721 0)
(-0.00727783 0.000513162 0)
(0.000245419 -0.00308895 0)
(-0.00782434 -0.0131333 0)
(-0.00090765 -0.0225141 0)
(-0.00952891 -0.0282834 0)
(0.0041311 -0.0642718 0)
(-0.00249566 0.0437942 0)
(0.00113506 0.023139 0)
(-0.0015706 0.00816366 0)
(-0.00136474 0.00523208 0)
(-0.00245894 0.00488642 0)
(-0.00318564 0.00431171 0)
(-0.00430522 0.00381946 0)
(-0.00536449 0.0021483 0)
(-0.00439922 0.000451658 0)
(0.000238554 -0.0017608 0)
(-0.00194208 -0.00209613 0)
(-0.00186688 0.00258858 0)
(-0.00622752 -0.0012176 0)
(0.00137266 0.000529365 0)
(-0.00757107 0.000810952 0)
(0.00313438 -0.00101616 0)
(-0.00754755 0.00543328 0)
(0.00180423 -0.00103342 0)
(-0.00367746 -0.00782938 0)
(0.00408763 -0.0617712 0)
(0.000780247 0.0447342 0)
(-0.00186116 0.0261009 0)
(-0.00143764 0.00750007 0)
(-0.00212391 0.00686338 0)
(-0.00400466 0.00453279 0)
(-0.00597721 0.00609513 0)
(-0.00561809 0.00497086 0)
(-0.00599095 0.00222977 0)
(-0.00472801 -0.00289137 0)
(-0.00128563 -0.00179792 0)
(-0.00333886 0.0047637 0)
(-0.00771091 0.00749602 0)
(-0.00871961 -0.00175567 0)
(-0.00491191 0.00376265 0)
(-0.00787261 -0.000617607 0)
(-0.00579548 -0.00309174 0)
(-0.0101615 -0.0112889 0)
(-0.000612518 -0.025829 0)
(-0.00634213 -0.0320591 0)
(0.00281802 -0.067417 0)
(-0.00169812 0.0446779 0)
(0.00052338 0.022931 0)
(-0.00119089 0.00890728 0)
(-0.00135965 0.00644583 0)
(-0.00220171 0.00957272 0)
(-0.00586014 0.00591767 0)
(-0.00553243 0.00458575 0)
(-0.00491381 0.00110649 0)
(-0.00379267 -0.00462346 0)
(-0.00528894 -0.00413299 0)
(-0.00631132 0.00444636 0)
(-0.00859752 0.00833791 0)
(-0.00652506 -0.00419462 0)
(-0.00227781 -0.00138084 0)
(-0.00730957 0.00202943 0)
(-0.00201083 -0.000632015 0)
(-0.00377514 -0.000517929 0)
(0.0022785 -0.00600166 0)
(-0.00354828 -0.0141046 0)
(0.0025227 -0.0629891 0)
(0.00027768 0.0460825 0)
(-0.00123401 0.0277131 0)
(-0.000372298 0.00984714 0)
(-0.00157339 0.00946186 0)
(-0.00660544 0.00898477 0)
(-0.00574741 0.00945056 0)
(-0.0110382 0.00461303 0)
(-0.0105874 0.000404934 0)
(-0.0138258 -0.00196782 0)
(-0.0147418 0.00165752 0)
(-0.00957527 0.00947113 0)
(-0.0153121 0.00535411 0)
(-0.00690765 -0.0082553 0)
(-0.00551268 0.00534887 0)
(-0.00462332 0.00080216 0)
(0.000222553 -0.00619656 0)
(-0.00347903 -0.0126987 0)
(0.0100823 -0.0237455 0)
(-0.0042874 -0.0305308 0)
(0.00376118 -0.0668283 0)
(-0.000728076 0.0448057 0)
(0.00107668 0.0229298 0)
(0.000331826 0.00787011 0)
(-0.0050067 0.0109388 0)
(-0.00597112 0.0128179 0)
(-0.00476666 0.00969511 0)
(-0.00917307 0.00865978 0)
(-0.0164971 0.00316049 0)
(-0.0191725 -0.00209587 0)
(-0.0182301 -0.00595039 0)
(-0.0113476 0.0050503 0)
(-0.00473294 0.00697604 0)
(0.000839032 -0.0134735 0)
(0.00492931 -0.00647084 0)
(0.000744357 -0.00273312 0)
(0.00417782 -0.00507823 0)
(-0.00723312 -0.0110301 0)
(0.000887253 -0.0088192 0)
(-0.0045271 -0.00602104 0)
(0.00430587 -0.0644972 0)
(0.00096602 0.0470902 0)
(0.000595412 0.0279443 0)
(-8.34775e-05 0.0169205 0)
(-0.00138429 0.0175113 0)
(0.00266637 0.0109821 0)
(-0.000450443 0.0125434 0)
(-0.00632971 0.0167212 0)
(-0.0119569 0.00972153 0)
(-0.0176623 0.00193986 0)
(-0.0170712 -0.00781268 0)
(-0.0185719 -0.00689573 0)
(-0.00385816 -0.0056561 0)
(-0.00110506 -0.0158276 0)
(0.00397014 0.00506997 0)
(0.000845944 0.00272134 0)
(0.0104533 0.00322407 0)
(-0.000942482 -0.00718951 0)
(-0.00317138 -0.0258591 0)
(-0.00682651 -0.0332514 0)
(0.00588178 -0.0693838 0)
(-0.00121915 0.0417857 0)
(0.00135555 0.0217811 0)
(-0.00151329 0.00856356 0)
(0.00414897 0.00616697 0)
(0.00556129 0.010995 0)
(0.000838707 0.0162771 0)
(-0.000360558 0.0195692 0)
(0.000145713 0.0116992 0)
(-0.00722598 0.00585761 0)
(-0.00108089 -0.00662669 0)
(-0.00726219 -0.00824986 0)
(-0.0043398 -0.0130989 0)
(-1.69552e-06 -0.0260442 0)
(0.00285094 -0.00907865 0)
(-0.000536242 -0.0101071 0)
(0.00904208 -0.0043663 0)
(-0.00421258 0.00210956 0)
(0.00311298 -0.00748423 0)
(-0.00677193 -0.0159981 0)
(0.00591104 -0.066245 0)
(0.00219842 0.0463173 0)
(0.00152027 0.0304144 0)
(0.0034547 0.0149907 0)
(0.00360018 0.0124797 0)
(0.0021104 0.0155633 0)
(0.0093574 0.019526 0)
(0.00815471 0.0201352 0)
(0.0125352 0.0165288 0)
(0.00484611 0.00682156 0)
(0.0123753 -0.00701997 0)
(0.00139221 -0.00419032 0)
(0.00565062 -0.0119244 0)
(0.00688642 -0.0157463 0)
(-0.00654973 0.00499054 0)
(0.00269695 0.000642699 0)
(-0.00798195 0.00540652 0)
(-0.00124996 0.00118898 0)
(0.0102034 -0.0204845 0)
(-0.00629719 -0.031877 0)
(0.0085444 -0.0689075 0)
(-0.00047981 0.0404989 0)
(0.000239842 0.0212895 0)
(0.00163697 0.00628944 0)
(0.0017872 0.00610544 0)
(0.00906736 0.00666753 0)
(0.0116459 0.00804943 0)
(0.0166546 0.0171331 0)
(0.0231632 0.0145054 0)
(0.0154472 0.00809407 0)
(0.0311688 -0.00458714 0)
(0.0122355 -0.00366112 0)
(0.0288926 -0.0134474 0)
(0.0199999 -0.019837 0)
(0.0189554 -0.00429135 0)
(0.0230966 -0.0109451 0)
(0.0146015 -0.00270284 0)
(0.016326 -0.0151513 0)
(0.0177344 -0.00967368 0)
(-0.00936732 -0.0159455 0)
(0.00893056 -0.0654706 0)
(0.00237225 0.0428146 0)
(0.00250885 0.0266043 0)
(0.00266197 0.0123881 0)
(0.00661654 0.00499607 0)
(0.00111019 0.00613757 0)
(0.0197764 0.00911986 0)
(0.0084899 0.0120199 0)
(0.030579 0.0129906 0)
(0.0184574 0.00490025 0)
(0.038315 -0.00328389 0)
(0.0186684 -0.00479296 0)
(0.0426038 -0.0157149 0)
(0.0108254 -0.0145053 0)
(0.0259584 0.00336533 0)
(0.0128793 0.00972989 0)
(0.00969814 0.00805529 0)
(-0.00179976 0.00653475 0)
(0.00777972 0.00508438 0)
(-0.00712435 -0.016618 0)
(0.0119728 -0.0672134 0)
(0.00070999 0.0381495 0)
(0.00338802 0.0219133 0)
(0.00543724 0.00449804 0)
(0.00950623 0.00598886 0)
(0.00471006 -0.00434987 0)
(0.0134754 -0.00190518 0)
(0.0160593 0.00808257 0)
(0.0197746 0.00240598 0)
(0.0296232 0.000122431 0)
(0.0297254 -0.00429146 0)
(0.0327896 -0.00743092 0)
(0.0268784 0.000311459 0)
(-0.00851503 -0.0043587 0)
(-0.0141913 -0.00294741 0)
(-0.00816351 0.0052998 0)
(0.00245524 0.00664382 0)
(-0.00698645 -0.0142943 0)
(0.020549 -0.00765932 0)
(-0.0113119 -0.0256916 0)
(0.0105238 -0.0675616 0)
(0.00255917 0.0361813 0)
(0.00898902 0.0226153 0)
(0.00960578 0.00624781 0)
(0.00981474 0.00377668 0)
(0.0170421 0.00415836 0)
(0.00741336 -0.00440047 0)
(0.0208712 0.00377261 0)
(0.0168864 -0.000977449 0)
(0.0259748 -0.00522459 0)
(0.022989 -0.00903295 0)
(0.0280849 0.00327159 0)
(0.0274899 0.0144812 0)
(0.0274222 0.0216574 0)
(0.0232127 0.0113636 0)
(0.01419 -0.00975338 0)
(0.0215501 0.007183 0)
(0.0168059 -0.00630453 0)
(0.00403411 0.00781651 0)
(0.00427967 0.00244928 0)
(0.0148014 -0.0610327 0)
(0.00594182 0.027905 0)
(0.0116138 0.0157234 0)
(0.0191991 0.00409063 0)
(0.0126021 -0.0012938 0)
(0.0118867 -0.00266341 0)
(0.00920547 -0.00303451 0)
(-0.00182285 -0.000438139 0)
(0.00386723 -0.00111322 0)
(-0.0122028 -0.00820739 0)
(-0.0166183 -0.00930133 0)
(-0.0312811 -0.00750468 0)
(-0.0119384 0.0015932 0)
(-0.0173308 0.0026009 0)
(0.00727339 0.00742558 0)
(-0.00201317 0.00286813 0)
(-0.00442064 0.0102393 0)
(0.0146115 -0.00069248 0)
(-0.0141742 0.00202212 0)
(0.0329513 -0.0420406 0)
(0.0150361 -0.0626082 0)
(0.00882729 0.0181346 0)
(0.0325221 0.0126504 0)
(0.0341005 0.00957358 0)
(0.0500592 0.00795037 0)
(0.0410811 0.00891611 0)
(0.0552523 0.00651209 0)
(0.0466118 0.00866448 0)
(0.0594291 0.00675203 0)
(0.0551088 0.0121499 0)
(0.0643802 0.0100187 0)
(0.0594024 0.00959797 0)
(0.0631427 -0.00151063 0)
(0.0601462 0.00195393 0)
(0.0643101 -0.00459978 0)
(0.06278 0.00132276 0)
(0.0676721 -0.00624803 0)
(0.0651705 -0.000555815 0)
(0.0662895 -0.00517213 0)
(0.057704 -0.00875217 0)
(0.0246847 0.00215521 0)
)
;

boundaryField
{
    movingWall
    {
        type            fixedValue;
        value           uniform (1 0 0);
    }
    fixedWalls
    {
        type            noSlip;
    }
    frontAndBack
    {
        type            empty;
    }
}


// ************************************************************************* //
