/*--------------------------------*- C++ -*----------------------------------*\
| =========                 |                                                 |
| \\      /  F ield         | OpenFOAM: The Open Source CFD Toolbox           |
|  \\    /   O peration     | Version:  5.x                                   |
|   \\  /    A nd           | Web:      www.OpenFOAM.org                      |
|    \\/     M anipulation  |                                                 |
\*---------------------------------------------------------------------------*/
FoamFile
{
    version     2.0;
    format      ascii;
    class       surfaceScalarField;
    location    "14.7";
    object      phi;
}
// * * * * * * * * * * * * * * * * * * * * * * * * * * * * * * * * * * * * * //

dimensions      [0 3 -1 0 0 0 0];

internalField   nonuniform List<scalar> 
760
(
-1.06297e-06
1.06297e-06
-1.7751e-06
7.1213e-07
-2.08518e-06
3.10079e-07
-2.24335e-06
1.58167e-07
-2.31662e-06
7.32732e-08
-2.33855e-06
2.19296e-08
-2.35688e-06
1.83252e-08
-2.357e-06
1.26722e-10
-2.36442e-06
7.41598e-09
-2.38338e-06
1.89591e-08
-2.39018e-06
6.80061e-09
-2.42833e-06
3.81496e-08
-2.43668e-06
8.35422e-09
-2.45661e-06
1.99295e-08
-2.45618e-06
-4.29397e-10
-2.42366e-06
-3.25166e-08
-2.37632e-06
-4.73484e-08
-2.05156e-06
-3.24758e-07
-1.39564e-06
-6.55914e-07
-1.39564e-06
-5.935e-07
1.65647e-06
-9.41441e-07
1.06007e-06
-1.01127e-06
3.79912e-07
-1.06294e-06
2.09831e-07
-1.01496e-06
2.52965e-08
-1.02891e-06
3.58795e-08
-1.03166e-06
2.10778e-08
-1.04163e-06
1.0089e-08
-1.05596e-06
2.1749e-08
-1.03921e-06
2.20628e-09
-1.0633e-06
3.08949e-08
-1.05076e-06
2.56107e-08
-1.07038e-06
2.79762e-08
-1.03474e-06
-1.57134e-08
-1.04153e-06
6.36262e-09
-1.05337e-06
-2.06739e-08
-1.10563e-06
4.90658e-09
-1.16507e-06
-2.65318e-07
-1.03603e-06
-7.84951e-07
-2.43168e-06
-3.06215e-07
1.96269e-06
-3.84631e-07
1.13849e-06
-3.42748e-07
3.38029e-07
-2.89858e-07
1.5694e-07
-2.96771e-07
3.22099e-08
-2.88534e-07
2.76428e-08
-3.04035e-07
3.65788e-08
-3.2636e-07
3.24133e-08
-3.26723e-07
2.21127e-08
-3.61379e-07
3.68622e-08
-3.59716e-07
2.92318e-08
-4.22117e-07
8.80113e-08
-4.29003e-07
3.48627e-08
-4.67912e-07
2.31957e-08
-4.24574e-07
-3.69754e-08
-3.95624e-07
-4.96244e-08
-3.17564e-07
-7.3153e-08
-1.71128e-07
-4.11755e-07
-2.73028e-07
-6.83051e-07
-2.7047e-06
-1.53753e-07
2.11644e-06
-2.03796e-07
1.18853e-06
-1.87056e-07
3.21289e-07
-1.6105e-07
1.30934e-07
-2.03209e-07
7.43693e-08
-2.55895e-07
8.03285e-08
-2.81611e-07
6.22947e-08
-3.15945e-07
6.67475e-08
-3.05263e-07
1.14307e-08
-3.02643e-07
3.42427e-08
-2.43823e-07
-2.95883e-08
-2.4032e-07
8.45075e-08
-2.16175e-07
1.07181e-08
-2.11893e-07
1.89139e-08
-2.13404e-07
-3.5465e-08
-1.29737e-07
-1.33291e-07
-1.90524e-07
-1.23669e-08
-2.61201e-07
-3.41077e-07
-2.33953e-07
-7.10299e-07
-2.93866e-06
-8.65655e-08
2.203e-06
-1.48656e-07
1.25062e-06
-1.6843e-07
3.41063e-07
-1.74844e-07
1.37348e-07
-2.08109e-07
1.07635e-07
-2.48474e-07
1.20693e-07
-2.75526e-07
8.93471e-08
-2.86117e-07
7.73384e-08
-2.8236e-07
7.67375e-09
-2.36968e-07
-1.11497e-08
-1.38306e-07
-1.2825e-07
-1.44938e-07
9.11395e-08
-1.08588e-07
-2.56322e-08
-9.64573e-08
6.78365e-09
-1.4405e-07
1.21281e-08
-1.50958e-07
-1.26383e-07
-5.5272e-08
-1.08053e-07
7.02474e-08
-4.66596e-07
1.54684e-08
-6.5552e-07
-2.92319e-06
-5.60378e-08
2.25904e-06
-5.49627e-08
1.24955e-06
-6.54797e-08
3.5158e-07
-1.54482e-07
2.2635e-07
-2.23384e-07
1.76536e-07
-2.75418e-07
1.72727e-07
-3.28414e-07
1.42343e-07
-3.43602e-07
9.25266e-08
-3.42831e-07
6.90288e-09
-2.68843e-07
-8.51377e-08
-1.57553e-07
-2.3954e-07
-1.74035e-07
1.07621e-07
-1.58201e-07
-4.1466e-08
-1.40961e-07
-1.04565e-08
-1.84058e-07
5.5225e-08
-1.70712e-07
-1.39729e-07
-1.31416e-07
-1.47349e-07
-1.03837e-07
-4.94174e-07
-8.16797e-08
-6.77678e-07
-3.00487e-06
-4.40458e-09
2.26345e-06
-1.49349e-08
1.26008e-06
-5.13747e-08
3.8802e-07
-1.11987e-07
2.86962e-07
-1.9594e-07
2.60489e-07
-2.65818e-07
2.42606e-07
-3.34282e-07
2.10807e-07
-3.77063e-07
1.35308e-07
-3.28296e-07
-4.18643e-08
-1.76772e-07
-2.36662e-07
-7.21906e-08
-3.44122e-07
-1.46005e-07
1.81436e-07
-1.2391e-07
-6.35606e-08
-1.17524e-07
-1.68431e-08
-4.43399e-08
-1.79589e-08
-6.3089e-09
-1.7776e-07
-5.70064e-08
-9.66518e-08
-1.00318e-08
-5.41149e-07
1.72504e-08
-7.0496e-07
-2.98762e-06
8.26562e-09
2.25518e-06
1.65497e-09
1.26669e-06
-5.02545e-08
4.3993e-07
-1.30971e-07
3.67679e-07
-2.74858e-07
4.04376e-07
-3.88609e-07
3.56356e-07
-4.37006e-07
2.59204e-07
-4.50913e-07
1.49214e-07
-3.7365e-07
-1.19127e-07
-1.5586e-07
-4.54452e-07
-1.79209e-07
-3.20773e-07
-2.96032e-07
2.98259e-07
-3.10721e-07
-4.88713e-08
-2.95573e-07
-3.19915e-08
-2.54714e-07
-5.88174e-08
-3.46829e-07
-8.56455e-08
-2.52692e-07
-1.90788e-07
-1.12176e-07
-6.81665e-07
-4.98152e-08
-7.67321e-07
-3.03743e-06
2.77069e-08
2.22747e-06
5.72536e-08
1.23714e-06
-1.63999e-08
5.13583e-07
-1.65506e-07
5.16785e-07
-2.4784e-07
4.8671e-07
-3.56255e-07
4.64772e-07
-4.8377e-07
3.86718e-07
-4.93852e-07
1.59297e-07
-3.50228e-07
-2.62752e-07
-1.60583e-07
-6.44096e-07
-1.84232e-07
-2.97124e-07
-2.64987e-07
3.79014e-07
-2.23119e-07
-9.07387e-08
-2.63507e-07
8.39651e-09
-3.41638e-07
1.93131e-08
-3.15018e-07
-1.12266e-07
-2.85952e-07
-2.19854e-07
-2.24216e-07
-7.43401e-07
-3.77906e-08
-9.53747e-07
-3.07522e-06
-5.68038e-09
2.23315e-06
-3.15521e-08
1.26301e-06
-1.14348e-07
5.96379e-07
-2.6491e-07
6.67347e-07
-3.36368e-07
5.58168e-07
-3.92763e-07
5.21167e-07
-5.9055e-07
5.84505e-07
-6.94833e-07
2.6358e-07
-6.46035e-07
-3.1155e-07
-5.5404e-07
-7.36091e-07
-4.56521e-07
-3.94643e-07
-4.4212e-07
3.64613e-07
-3.71202e-07
-1.61657e-07
-3.10887e-07
-5.19183e-08
-3.21306e-07
2.97326e-08
-2.08591e-07
-2.24981e-07
-8.4403e-08
-3.44042e-07
-1.99621e-07
-6.28183e-07
-7.3733e-08
-1.07963e-06
-3.14896e-06
-3.27976e-08
2.26595e-06
-3.77268e-08
1.26794e-06
-1.22567e-07
6.81219e-07
-4.72653e-08
5.92045e-07
-1.19084e-07
6.29986e-07
-3.6813e-07
7.70214e-07
-5.97268e-07
8.13643e-07
-7.33911e-07
4.00223e-07
-8.33844e-07
-2.11618e-07
-8.21344e-07
-7.48591e-07
-4.74137e-07
-7.4185e-07
-3.78447e-08
-7.16789e-08
9.2703e-08
-2.92205e-07
2.19488e-08
1.88359e-08
2.04559e-08
3.12254e-08
7.86972e-10
-2.05312e-07
1.37391e-07
-4.80646e-07
1.07809e-07
-5.98601e-07
-4.45997e-09
-9.67366e-07
-3.15342e-06
1.23674e-08
2.25359e-06
-5.27551e-08
1.33306e-06
8.63966e-08
5.42068e-07
1.18264e-07
5.60178e-07
-9.41467e-08
8.42397e-07
-3.74746e-07
1.05081e-06
-5.64413e-07
1.00331e-06
-6.50217e-07
4.86027e-07
-7.54958e-07
-1.06876e-07
-7.93918e-07
-7.09632e-07
-6.04433e-07
-9.31335e-07
-3.99288e-08
-6.36183e-07
1.40335e-07
-4.72468e-07
2.01668e-07
-4.24968e-08
3.16795e-07
-8.39023e-08
1.60794e-07
-4.93108e-08
1.20242e-07
-4.40094e-07
1.43677e-07
-6.22036e-07
8.00117e-08
-9.03701e-07
-3.07341e-06
-3.19061e-09
2.25678e-06
8.76716e-08
1.2422e-06
4.99299e-08
5.79809e-07
-4.20875e-08
6.52195e-07
-7.4877e-08
8.75187e-07
-1.08597e-07
1.08453e-06
-1.93295e-07
1.08801e-06
-2.34429e-07
5.2716e-07
-2.08229e-07
-1.33076e-07
-1.41054e-07
-7.76806e-07
-1.86774e-07
-8.85615e-07
7.31775e-08
-8.96135e-07
3.00552e-07
-6.99843e-07
3.40667e-07
-8.26116e-08
3.6211e-07
-1.05345e-07
1.55641e-07
1.57158e-07
-1.23571e-07
-1.60881e-07
-1.21639e-07
-6.23969e-07
-1.9373e-08
-1.00597e-06
-3.09278e-06
4.49704e-08
2.21181e-06
9.78258e-08
1.18935e-06
9.93479e-08
5.78287e-07
1.2638e-07
6.25163e-07
2.39898e-07
7.61668e-07
2.75199e-07
1.04923e-06
3.23766e-07
1.03944e-06
3.65419e-07
4.85508e-07
3.30076e-07
-9.77329e-08
2.70467e-07
-7.17198e-07
5.81356e-08
-6.73283e-07
6.26431e-08
-9.00642e-07
-1.27278e-07
-5.09922e-07
-2.98168e-07
8.8278e-08
-3.14443e-07
-8.90696e-08
-4.71241e-07
3.13956e-07
-2.75747e-07
-3.56376e-07
-1.66586e-07
-7.33129e-07
3.05353e-08
-1.20309e-06
-3.06224e-06
8.99859e-08
2.12182e-06
1.07284e-07
1.17205e-06
1.88532e-07
4.97039e-07
3.55921e-07
4.57774e-07
4.14781e-07
7.02808e-07
5.44402e-07
9.19611e-07
8.13303e-07
7.7054e-07
9.84045e-07
3.14766e-07
9.83513e-07
-9.72008e-08
9.41262e-07
-6.74946e-07
9.35954e-07
-6.67975e-07
8.62706e-07
-8.27394e-07
8.37252e-07
-4.84467e-07
5.81448e-07
3.44082e-07
4.14977e-07
7.74014e-08
5.05306e-07
2.23627e-07
3.84933e-07
-2.36003e-07
1.41782e-08
-3.62375e-07
-7.10054e-08
-1.1179e-06
-3.13325e-06
1.83081e-07
1.93874e-06
2.95555e-07
1.05957e-06
3.43066e-07
4.49528e-07
2.81514e-07
5.19326e-07
6.18007e-07
3.66314e-07
8.97954e-07
6.39664e-07
1.17727e-06
4.91223e-07
1.38632e-06
1.05721e-07
1.51619e-06
-2.27071e-07
1.55138e-06
-7.10136e-07
1.40162e-06
-5.18217e-07
9.46355e-07
-3.72132e-07
8.14626e-07
-3.52738e-07
7.11322e-07
4.47385e-07
4.50037e-07
3.38687e-07
5.26507e-07
1.47157e-07
3.94749e-07
-1.04245e-07
2.27763e-07
-1.95389e-07
2.15375e-07
-1.10552e-06
-2.91787e-06
1.08826e-07
1.82991e-06
2.45181e-07
9.23218e-07
3.63195e-07
3.31514e-07
4.66852e-07
4.1567e-07
7.19114e-07
1.14052e-07
1.03256e-06
3.26218e-07
1.2574e-06
2.66387e-07
1.47698e-06
-1.13865e-07
1.64283e-06
-3.92918e-07
1.51996e-06
-5.87261e-07
9.24185e-07
7.75532e-08
3.32531e-08
5.188e-07
-6.59813e-07
3.40328e-07
-4.01958e-07
1.8953e-07
-4.05226e-08
-2.27479e-08
-1.12401e-07
2.19035e-07
3.88603e-07
-6.05248e-07
4.60501e-07
-2.67287e-07
-6.75058e-08
-5.77509e-07
-2.98538e-06
3.55291e-07
1.47462e-06
4.05248e-07
8.73262e-07
4.54714e-07
2.82048e-07
5.82737e-07
2.87647e-07
5.58484e-07
1.38304e-07
8.72129e-07
1.25727e-08
1.17774e-06
-3.92204e-08
1.40525e-06
-3.41375e-07
1.5204e-06
-5.08071e-07
1.34435e-06
-4.11213e-07
1.29409e-06
1.27811e-07
1.33011e-06
4.82782e-07
9.70674e-07
6.99764e-07
6.90242e-07
4.69962e-07
8.09658e-07
-1.42164e-07
7.30586e-07
2.98106e-07
6.20993e-07
-4.95655e-07
4.18748e-07
-6.50424e-08
3.46288e-07
-5.05049e-07
-2.63909e-06
4.39764e-07
1.03486e-06
6.97547e-07
6.15479e-07
6.52434e-07
3.27161e-07
6.73796e-07
2.66285e-07
5.8791e-07
2.2419e-07
4.2193e-07
1.78553e-07
2.46267e-07
1.36443e-07
-1.74602e-07
7.94942e-08
-8.24793e-07
1.4212e-07
-1.24119e-06
5.18703e-09
-1.17863e-06
6.52436e-08
-6.72674e-07
-2.31691e-08
-1.58828e-07
1.85918e-07
1.4618e-07
1.64954e-07
-7.95632e-08
8.35794e-08
2.22706e-07
-4.16301e-09
-1.67897e-07
-1.05052e-07
-1.72491e-08
-2.15691e-07
7.09889e-07
-1.23219e-06
-1.9292e-06
1.03486e-06
1.65034e-06
1.9775e-06
2.24378e-06
2.46797e-06
2.64653e-06
2.78297e-06
2.86246e-06
3.00458e-06
3.00977e-06
3.07501e-06
3.05184e-06
3.23776e-06
3.40272e-06
3.48629e-06
3.48213e-06
3.37708e-06
3.16139e-06
1.9292e-06
)
;

boundaryField
{
    movingWall
    {
        type            calculated;
        value           uniform 0;
    }
    fixedWalls
    {
        type            calculated;
        value           uniform 0;
    }
    frontAndBack
    {
        type            empty;
        value           nonuniform 0();
    }
}


// ************************************************************************* //
