/*--------------------------------*- C++ -*----------------------------------*\
| =========                 |                                                 |
| \\      /  F ield         | OpenFOAM: The Open Source CFD Toolbox           |
|  \\    /   O peration     | Version:  5.x                                   |
|   \\  /    A nd           | Web:      www.OpenFOAM.org                      |
|    \\/     M anipulation  |                                                 |
\*---------------------------------------------------------------------------*/
FoamFile
{
    version     2.0;
    format      ascii;
    class       volScalarField;
    location    "17.9";
    object      p;
}
// * * * * * * * * * * * * * * * * * * * * * * * * * * * * * * * * * * * * * //

dimensions      [0 2 -2 0 0 0 0];

internalField   nonuniform List<scalar> 
400
(
3.75138e-10
-0.000792118
-0.0013966
-0.00177833
-0.00195987
-0.00205425
-0.00208462
-0.00210294
-0.00211176
-0.00211519
-0.0021006
-0.00206517
-0.00202912
-0.00200783
-0.00197177
-0.00189049
-0.00166666
-0.00132543
-0.000945738
0.000447213
-0.000856119
-0.00141875
-0.00178037
-0.00197987
-0.00206448
-0.00209745
-0.00210488
-0.00210608
-0.00211142
-0.00211976
-0.00211726
-0.00209621
-0.00205362
-0.00203956
-0.00203797
-0.00201922
-0.00196373
-0.00182013
-0.00165217
-0.000617819
-0.0014275
-0.00177887
-0.00195842
-0.00205301
-0.00208123
-0.00209775
-0.00209574
-0.00210196
-0.00210801
-0.0021139
-0.00211056
-0.00208436
-0.00205727
-0.00203437
-0.00203573
-0.00197789
-0.0019931
-0.00193285
-0.00178347
-0.00135162
-0.00175161
-0.0019876
-0.00204429
-0.00209383
-0.00209806
-0.00210543
-0.00210549
-0.00210894
-0.00211381
-0.00211727
-0.00211743
-0.00210295
-0.00208041
-0.0020619
-0.00209412
-0.00209716
-0.00210461
-0.00199601
-0.00199496
-0.00178652
-0.00194704
-0.00206991
-0.00208905
-0.00210191
-0.00210088
-0.00210234
-0.00209932
-0.00210226
-0.00210664
-0.00210614
-0.00210445
-0.00209107
-0.00208028
-0.00209089
-0.00213362
-0.00214176
-0.00213111
-0.00207171
-0.0020477
-0.0019625
-0.00203269
-0.00211876
-0.00209376
-0.00211121
-0.00209929
-0.0021021
-0.00210222
-0.00210501
-0.00210854
-0.00210991
-0.00211731
-0.0021179
-0.00210864
-0.00207026
-0.00213105
-0.00211397
-0.00217116
-0.00209505
-0.00212876
-0.00205665
-0.00208365
-0.00213994
-0.00212988
-0.00212312
-0.00211331
-0.00210635
-0.00210833
-0.00210401
-0.00211592
-0.00210807
-0.00211274
-0.00209851
-0.00211916
-0.00207734
-0.00211323
-0.00212018
-0.002183
-0.00211593
-0.00211231
-0.00210536
-0.00211023
-0.00214742
-0.00210885
-0.00211517
-0.00209913
-0.00209451
-0.00209172
-0.00210047
-0.00209734
-0.00209845
-0.00214024
-0.00211793
-0.00213792
-0.00214422
-0.00213148
-0.00210165
-0.00214907
-0.0021154
-0.00216232
-0.00208505
-0.00211963
-0.00214324
-0.00212868
-0.00211607
-0.00211052
-0.00209238
-0.00210805
-0.00209647
-0.00214014
-0.00214431
-0.00215277
-0.00210513
-0.00219476
-0.00209739
-0.00210781
-0.002124
-0.00213237
-0.00209572
-0.00209721
-0.00202117
-0.00211138
-0.0021277
-0.00211826
-0.00209868
-0.00208967
-0.00208226
-0.00208465
-0.00208547
-0.00210338
-0.00213056
-0.00211101
-0.00212443
-0.00213954
-0.00224491
-0.00216075
-0.00213874
-0.00208589
-0.00207474
-0.00209548
-0.00204581
-0.00209416
-0.00210562
-0.00209763
-0.00208885
-0.00207916
-0.00207187
-0.00208751
-0.00208737
-0.00209027
-0.00213644
-0.00218238
-0.00221732
-0.00221042
-0.00236133
-0.00221845
-0.00216
-0.00220452
-0.00208919
-0.00211316
-0.00209026
-0.00205777
-0.00205749
-0.00204652
-0.00204932
-0.00206286
-0.00206042
-0.00208741
-0.00211675
-0.0020897
-0.00216311
-0.00220173
-0.00223997
-0.00220321
-0.00220051
-0.002152
-0.00207214
-0.00217002
-0.00208471
-0.00215218
-0.00204756
-0.00201078
-0.00203452
-0.00204263
-0.00204551
-0.00205604
-0.00204737
-0.00208078
-0.0020919
-0.00207622
-0.0021362
-0.00216506
-0.00222168
-0.00217552
-0.00218899
-0.00225159
-0.00207858
-0.00216062
-0.00202836
-0.00213336
-0.00191477
-0.00196988
-0.00198847
-0.00200834
-0.00198674
-0.00200545
-0.00206238
-0.00198979
-0.00201179
-0.00202283
-0.0020898
-0.00219363
-0.00224792
-0.00225161
-0.00216449
-0.00224061
-0.00202272
-0.00205517
-0.00190986
-0.00195459
-0.00189166
-0.00189502
-0.00191933
-0.00196639
-0.00197761
-0.00200095
-0.001998
-0.00199141
-0.00204167
-0.00201399
-0.00205668
-0.0021766
-0.00224203
-0.00225426
-0.00220744
-0.00221892
-0.00210702
-0.00205511
-0.00186766
-0.00212033
-0.00193106
-0.00180409
-0.00183778
-0.00191469
-0.00189333
-0.00194783
-0.00197626
-0.00194769
-0.00205736
-0.00204065
-0.00203841
-0.00211407
-0.00211828
-0.00211582
-0.00199719
-0.00200251
-0.00192155
-0.0021244
-0.00190308
-0.00192493
-0.00185292
-0.00165776
-0.00174041
-0.00182705
-0.00188598
-0.00188786
-0.00195513
-0.0019021
-0.00202547
-0.00211044
-0.00214193
-0.00216387
-0.00215747
-0.00209688
-0.00205868
-0.00204167
-0.00210765
-0.00208634
-0.00201501
-0.00204594
-0.00175775
-0.00146005
-0.00165449
-0.00174832
-0.00182307
-0.00184957
-0.00192314
-0.00189825
-0.00203077
-0.002112
-0.00222938
-0.00219498
-0.00205332
-0.00211204
-0.00207769
-0.00199965
-0.00198338
-0.00193318
-0.00178
-0.00159999
-0.0014751
-0.00117636
-0.00144243
-0.00162555
-0.00173883
-0.00177986
-0.00178495
-0.00175946
-0.00201356
-0.00229624
-0.00244863
-0.00225443
-0.00208065
-0.0021856
-0.00201075
-0.00197168
-0.00190074
-0.00192601
-0.00201924
-0.00196363
-0.000955845
-0.000854982
-0.00121
-0.00148532
-0.00168331
-0.00179806
-0.00188449
-0.00192103
-0.00201962
-0.0021352
-0.00220485
-0.00216326
-0.00209096
-0.00199403
-0.00192754
-0.00191531
-0.00176764
-0.00178549
-0.00144351
-0.000800434
0.00112768
)
;

boundaryField
{
    movingWall
    {
        type            zeroGradient;
    }
    fixedWalls
    {
        type            zeroGradient;
    }
    frontAndBack
    {
        type            empty;
    }
}


// ************************************************************************* //
