/*--------------------------------*- C++ -*----------------------------------*\
| =========                 |                                                 |
| \\      /  F ield         | OpenFOAM: The Open Source CFD Toolbox           |
|  \\    /   O peration     | Version:  5.x                                   |
|   \\  /    A nd           | Web:      www.OpenFOAM.org                      |
|    \\/     M anipulation  |                                                 |
\*---------------------------------------------------------------------------*/
FoamFile
{
    version     2.0;
    format      ascii;
    class       surfaceScalarField;
    location    "7.1";
    object      phi;
}
// * * * * * * * * * * * * * * * * * * * * * * * * * * * * * * * * * * * * * //

dimensions      [0 3 -1 0 0 0 0];

internalField   nonuniform List<scalar> 
760
(
-6.03776e-07
6.03776e-07
-1.30546e-06
7.01686e-07
-1.89788e-06
5.92419e-07
-2.22672e-06
3.28841e-07
-2.5519e-06
3.2518e-07
-2.9538e-06
4.01894e-07
-3.06487e-06
1.11075e-07
-3.03526e-06
-2.96138e-08
-3.126e-06
9.07391e-08
-2.93471e-06
-1.91287e-07
-2.53283e-06
-4.01881e-07
-2.34564e-06
-1.8719e-07
-2.33152e-06
-1.41186e-08
-2.24786e-06
-8.3656e-08
-2.15432e-06
-9.35478e-08
-2.09574e-06
-5.85733e-08
-2.04947e-06
-4.62704e-08
-1.79962e-06
-2.49856e-07
-1.24705e-06
-5.52568e-07
-1.24705e-06
-1.75333e-07
7.7911e-07
-3.69556e-07
8.95909e-07
-7.62238e-07
9.85101e-07
-1.39942e-06
9.66018e-07
-1.87609e-06
8.01849e-07
-2.00726e-06
5.33065e-07
-2.13976e-06
2.43575e-07
-2.20462e-06
3.52516e-08
-1.97729e-06
-1.3659e-07
-1.79156e-06
-3.77022e-07
-1.70933e-06
-4.84105e-07
-1.48384e-06
-4.12687e-07
-1.20282e-06
-2.9514e-07
-1.03572e-06
-2.50748e-07
-1.01027e-06
-1.19002e-07
-9.83138e-07
-8.57045e-08
-1.01899e-06
-1.04147e-08
-9.91567e-07
-2.77282e-07
-7.82937e-07
-7.61198e-07
-2.02999e-06
-1.5954e-08
7.95064e-07
3.70103e-09
8.76254e-07
2.14635e-08
9.67339e-07
-4.94939e-09
9.92431e-07
-9.59694e-08
8.92869e-07
-2.52002e-07
6.89098e-07
-4.09031e-07
4.00604e-07
-4.78106e-07
1.04326e-07
-4.68791e-07
-1.45905e-07
-4.77276e-07
-3.68537e-07
-4.85548e-07
-4.75833e-07
-4.42071e-07
-4.56164e-07
-3.75092e-07
-3.62119e-07
-3.21368e-07
-3.04472e-07
-2.78574e-07
-1.61796e-07
-2.14003e-07
-1.50276e-07
-1.80543e-07
-4.38737e-08
-2.04114e-07
-2.53712e-07
-2.86332e-07
-6.7898e-07
-2.31632e-06
4.61073e-08
7.48956e-07
1.25377e-07
7.96984e-07
2.51237e-07
8.41479e-07
3.90778e-07
8.52891e-07
4.89717e-07
7.93929e-07
5.31427e-07
6.47388e-07
5.17389e-07
4.14643e-07
4.71875e-07
1.4984e-07
4.05785e-07
-7.98156e-08
3.0392e-07
-2.66672e-07
1.86227e-07
-3.58139e-07
9.23912e-08
-3.62328e-07
2.06786e-08
-2.90406e-07
-3.35387e-08
-2.50255e-07
-7.05132e-08
-1.24821e-07
-7.01343e-08
-1.50655e-07
-4.8518e-08
-6.549e-08
-6.73264e-08
-2.34903e-07
-1.25823e-07
-6.20483e-07
-2.44214e-06
7.24072e-08
6.76549e-07
1.63465e-07
7.05926e-07
2.86601e-07
7.18343e-07
4.29977e-07
7.09515e-07
5.66014e-07
6.57892e-07
6.65834e-07
5.47568e-07
7.00481e-07
3.79996e-07
6.67586e-07
1.82735e-07
5.77404e-07
1.0366e-08
4.45879e-07
-1.35147e-07
2.94864e-07
-2.07124e-07
1.74158e-07
-2.41623e-07
7.7722e-08
-1.9397e-07
2.37751e-08
-1.96308e-07
8.70232e-09
-1.09749e-07
9.57807e-10
-1.4291e-07
-4.04543e-10
-6.41277e-08
-8.1956e-09
-2.27112e-07
-3.52071e-08
-5.93471e-07
-2.47735e-06
8.01304e-08
5.96419e-07
1.67908e-07
6.18149e-07
2.70686e-07
6.15565e-07
3.84671e-07
5.95529e-07
4.95027e-07
5.47536e-07
5.79527e-07
4.63068e-07
6.13952e-07
3.45571e-07
5.91125e-07
2.05562e-07
5.25367e-07
7.61239e-08
4.32655e-07
-4.24344e-08
3.18606e-07
-9.30757e-08
2.27802e-07
-1.50818e-07
1.42427e-07
-1.08595e-07
9.16838e-08
-1.45565e-07
4.39987e-08
-6.20635e-08
1.92464e-08
-1.18158e-07
3.00414e-09
-4.78855e-08
-1.17871e-08
-2.12321e-07
2.38962e-09
-6.07648e-07
-2.47496e-06
7.96308e-08
5.16788e-07
1.61157e-07
5.36623e-07
2.46811e-07
5.2991e-07
3.33233e-07
5.09108e-07
4.13056e-07
4.67712e-07
4.74001e-07
4.02124e-07
5.03143e-07
3.16429e-07
4.96424e-07
2.1228e-07
4.52916e-07
1.19632e-07
3.86574e-07
2.3908e-08
3.02072e-07
-8.57429e-09
2.31405e-07
-8.01507e-08
1.61392e-07
-3.85825e-08
1.16274e-07
-1.00446e-07
7.20059e-08
-1.77959e-08
4.1502e-08
-8.7654e-08
8.17252e-09
-1.4556e-08
-2.82351e-08
-1.75913e-07
-2.53205e-08
-6.10563e-07
-2.50028e-06
7.67759e-08
4.40012e-07
1.47929e-07
4.6547e-07
2.17016e-07
4.60822e-07
2.83632e-07
4.42493e-07
3.41281e-07
4.10063e-07
3.85332e-07
3.58073e-07
4.06139e-07
2.95622e-07
4.01871e-07
2.16548e-07
3.67677e-07
1.53827e-07
3.20988e-07
7.0597e-08
2.60262e-07
5.21508e-08
2.0556e-07
-2.54488e-08
1.47563e-07
1.94151e-08
1.05382e-07
-5.82657e-08
6.19712e-08
2.56153e-08
2.88012e-08
-5.4484e-08
-3.58392e-09
1.78291e-08
-3.81418e-08
-1.41356e-07
-3.65084e-08
-6.12196e-07
-2.53679e-06
7.53241e-08
3.64688e-07
1.453e-07
3.95494e-07
2.07062e-07
3.99061e-07
2.57461e-07
3.92094e-07
2.98326e-07
3.69198e-07
3.25496e-07
3.30903e-07
3.37804e-07
2.83313e-07
3.34675e-07
2.19677e-07
3.14698e-07
1.73804e-07
2.86352e-07
9.89432e-08
2.46818e-07
9.16846e-08
2.06639e-07
1.47299e-08
1.66436e-07
5.9618e-08
1.29195e-07
-2.10245e-08
9.29211e-08
6.18892e-08
4.78697e-08
-9.43263e-09
1.03808e-08
5.5318e-08
-3.65004e-08
-9.44744e-08
-2.28165e-08
-6.2588e-07
-2.5596e-06
8.28955e-08
2.81793e-07
1.33848e-07
3.44542e-07
1.73659e-07
3.59249e-07
2.10778e-07
3.54975e-07
2.40887e-07
3.3909e-07
2.67625e-07
3.04165e-07
2.78965e-07
2.71973e-07
2.77604e-07
2.21038e-07
2.59707e-07
1.91702e-07
2.31486e-07
1.27164e-07
1.96989e-07
1.26182e-07
1.58394e-07
5.33251e-08
1.25432e-07
9.25801e-08
8.81744e-08
1.62326e-08
6.49156e-08
8.5148e-08
4.67165e-08
8.76643e-09
2.12546e-08
8.07799e-08
-1.06511e-08
-6.25687e-08
2.07459e-09
-6.38606e-07
-2.55753e-06
9.42655e-08
1.87527e-07
1.68061e-07
2.70746e-07
2.17644e-07
3.09667e-07
2.36743e-07
3.35875e-07
2.46692e-07
3.29141e-07
2.43041e-07
3.07816e-07
2.38693e-07
2.76322e-07
2.29819e-07
2.29912e-07
2.21305e-07
2.00215e-07
2.05504e-07
1.42966e-07
1.93447e-07
1.38238e-07
1.72044e-07
7.47288e-08
1.5959e-07
1.05033e-07
1.3768e-07
3.81428e-08
1.13562e-07
1.09266e-07
6.72341e-08
5.50945e-08
4.28346e-08
1.05179e-07
-1.269e-08
-7.04409e-09
-2.82944e-08
-6.23001e-07
-2.58582e-06
1.55651e-07
3.18759e-08
1.50568e-07
2.75829e-07
1.44594e-07
3.15641e-07
1.57742e-07
3.22727e-07
1.79573e-07
3.07309e-07
2.06226e-07
2.81163e-07
2.12693e-07
2.69854e-07
2.08815e-07
2.33791e-07
1.94468e-07
2.14561e-07
1.72148e-07
1.65286e-07
1.48006e-07
1.6238e-07
1.13929e-07
1.08806e-07
9.02966e-08
1.28666e-07
4.03846e-08
8.80547e-08
4.77117e-08
1.01939e-07
6.93898e-09
9.58672e-08
3.2976e-08
7.91424e-08
4.82432e-08
-2.23113e-08
8.69586e-09
-5.83454e-07
-2.57713e-06
2.4933e-07
-2.17454e-07
2.69743e-07
2.55416e-07
2.78685e-07
3.06699e-07
2.23387e-07
3.78025e-07
1.77626e-07
3.5307e-07
1.35932e-07
3.22858e-07
1.27285e-07
2.78501e-07
1.20331e-07
2.40745e-07
1.30749e-07
2.04144e-07
1.21699e-07
1.74335e-07
1.35261e-07
1.48818e-07
1.11816e-07
1.32252e-07
1.43322e-07
9.71598e-08
1.26632e-07
1.04744e-07
1.36444e-07
9.21268e-08
1.15514e-07
1.16797e-07
1.01375e-07
9.32819e-08
3.03794e-08
4.86843e-08
-1.21498e-08
-5.40925e-07
-2.58928e-06
3.62223e-07
-5.79677e-07
2.48476e-07
3.69163e-07
2.6329e-07
2.91885e-07
3.19761e-07
3.21554e-07
3.26366e-07
3.46465e-07
2.94599e-07
3.54625e-07
2.57769e-07
3.15331e-07
2.2147e-07
2.77044e-07
1.9493e-07
2.30683e-07
1.64213e-07
2.05053e-07
1.40619e-07
1.72413e-07
1.07122e-07
1.65748e-07
5.95361e-08
1.44746e-07
1.90671e-08
1.45213e-07
-3.76616e-08
1.48856e-07
-1.62398e-07
2.41533e-07
3.22102e-09
-7.23367e-08
7.49554e-08
-2.30502e-08
4.06053e-08
-5.06575e-07
-2.54867e-06
1.46575e-07
-7.26252e-07
1.74013e-07
3.41725e-07
-6.80689e-08
5.33967e-07
-1.68606e-07
4.2209e-07
-1.90703e-07
3.68563e-07
-1.45524e-07
3.09445e-07
-1.07669e-07
2.77477e-07
-7.07048e-08
2.40079e-07
-3.79042e-08
1.97883e-07
-2.10389e-08
1.88187e-07
-6.90362e-09
1.58278e-07
-2.41104e-08
1.82954e-07
2.79131e-08
9.27226e-08
-6.52021e-08
2.38328e-07
9.95661e-08
-1.59127e-08
1.48522e-07
1.92578e-07
5.08402e-08
2.53446e-08
-5.05171e-08
7.83071e-08
-6.13911e-08
-4.95701e-07
-2.61006e-06
-4.45485e-08
-6.81703e-07
1.34803e-07
1.62374e-07
2.36677e-07
4.32093e-07
3.40299e-07
3.18468e-07
3.8056e-07
3.28302e-07
3.91504e-07
2.98501e-07
4.37564e-07
2.31417e-07
4.2721e-07
2.50433e-07
4.29529e-07
1.95563e-07
3.84634e-07
2.33083e-07
3.75909e-07
1.67002e-07
3.05277e-07
2.53586e-07
3.35895e-07
6.21055e-08
2.3635e-07
3.37873e-07
1.11794e-07
1.08643e-07
2.8243e-08
2.76129e-07
6.87852e-08
-1.51976e-08
6.33356e-08
8.37566e-08
6.62745e-08
-4.98639e-07
-2.54379e-06
-2.23142e-07
-4.58561e-07
-4.85189e-07
4.2442e-07
-2.93772e-07
2.40676e-07
-3.19905e-07
3.44601e-07
-3.05047e-07
3.13444e-07
-2.8237e-07
2.75824e-07
-3.0883e-07
2.57877e-07
-2.85887e-07
2.2749e-07
-3.19588e-07
2.29264e-07
-2.92667e-07
2.06162e-07
-3.07606e-07
1.81941e-07
-2.51402e-07
1.97382e-07
-2.87535e-07
9.8238e-08
-2.43856e-07
2.94194e-07
-1.30574e-07
-4.63891e-09
-2.41456e-07
3.8701e-07
1.36861e-07
-3.93515e-07
1.51184e-07
6.94337e-08
2.55455e-08
-3.73001e-07
-2.51824e-06
-6.06234e-09
-4.52499e-07
3.37817e-07
8.05408e-08
2.64772e-07
3.13721e-07
3.21161e-07
2.88213e-07
3.74935e-07
2.5967e-07
4.26553e-07
2.24206e-07
4.69448e-07
2.14982e-07
5.24635e-07
1.72303e-07
5.63608e-07
1.90292e-07
5.92982e-07
1.76788e-07
6.16109e-07
1.58814e-07
6.41123e-07
1.72368e-07
6.53085e-07
8.62768e-08
5.49012e-07
3.98267e-07
6.39424e-07
-9.50511e-08
5.97594e-07
4.2884e-07
4.24474e-07
-2.20394e-07
1.8849e-07
3.05418e-07
2.39984e-07
-4.24495e-07
-2.27826e-06
-8.27524e-07
3.75025e-07
-9.78072e-07
2.31089e-07
-9.37262e-07
2.72911e-07
-8.12725e-07
1.63675e-07
-7.31845e-07
1.7879e-07
-6.5249e-07
1.44851e-07
-5.98856e-07
1.61348e-07
-5.53991e-07
1.27439e-07
-4.99551e-07
1.35851e-07
-4.46049e-07
1.23286e-07
-3.79005e-07
9.17705e-08
-3.14909e-07
1.08272e-07
-2.96727e-07
6.80941e-08
-7.62225e-08
1.77763e-07
-2.695e-07
9.82268e-08
2.96594e-08
1.29681e-07
-1.0581e-07
-8.49247e-08
1.90269e-07
9.33852e-09
7.39267e-07
-9.73493e-07
-1.53899e-06
3.75025e-07
6.06114e-07
8.79025e-07
1.0427e-06
1.22149e-06
1.36634e-06
1.52769e-06
1.65513e-06
1.79098e-06
1.91427e-06
2.00604e-06
2.11431e-06
2.1824e-06
2.36016e-06
2.45839e-06
2.58807e-06
2.50315e-06
2.51249e-06
1.53899e-06
)
;

boundaryField
{
    movingWall
    {
        type            calculated;
        value           uniform 0;
    }
    fixedWalls
    {
        type            calculated;
        value           uniform 0;
    }
    frontAndBack
    {
        type            empty;
        value           nonuniform 0();
    }
}


// ************************************************************************* //
