/*--------------------------------*- C++ -*----------------------------------*\
| =========                 |                                                 |
| \\      /  F ield         | OpenFOAM: The Open Source CFD Toolbox           |
|  \\    /   O peration     | Version:  5.x                                   |
|   \\  /    A nd           | Web:      www.OpenFOAM.org                      |
|    \\/     M anipulation  |                                                 |
\*---------------------------------------------------------------------------*/
FoamFile
{
    version     2.0;
    format      ascii;
    class       volVectorField;
    location    "7.1";
    object      U;
}
// * * * * * * * * * * * * * * * * * * * * * * * * * * * * * * * * * * * * * //

dimensions      [0 1 -1 0 0 0 0];

internalField   nonuniform List<vector> 
400
(
(-0.00524311 0.00727895 0)
(-0.0178952 0.00798938 0)
(-0.0338914 0.00205745 0)
(-0.0435173 -0.00398702 0)
(-0.0466363 0.00532601 0)
(-0.0566247 0.0139667 0)
(-0.0636933 0.00332507 0)
(-0.0589863 -0.00090589 0)
(-0.0617972 0.00542817 0)
(-0.064095 -0.00255359 0)
(-0.0529291 -0.00978305 0)
(-0.0460339 -0.00199894 0)
(-0.0471165 0.00287289 0)
(-0.0466107 -0.00138283 0)
(-0.0441252 -0.00393087 0)
(-0.0427531 -0.00261831 0)
(-0.0428278 -0.0021399 0)
(-0.0397868 -0.00532296 0)
(-0.0360697 -0.00960768 0)
(-0.00814878 -0.0181459 0)
(-0.00169077 0.015034 0)
(-0.00494809 0.0180035 0)
(-0.0103091 0.0198231 0)
(-0.020687 0.0166326 0)
(-0.0340754 0.00882582 0)
(-0.0412217 0.00267784 0)
(-0.0422026 5.25601e-07 0)
(-0.0433372 -0.000795676 0)
(-0.0427183 -0.0025032 0)
(-0.0376119 -0.00609156 0)
(-0.0339354 -0.00751536 0)
(-0.0317935 -0.00577222 0)
(-0.0272217 -0.00333576 0)
(-0.0217297 -0.0020991 0)
(-0.0204808 -7.56439e-05 0)
(-0.0190218 3.48364e-07 0)
(-0.0218625 -0.000184192 0)
(-0.0187121 -0.00614608 0)
(-0.0236278 -0.0151959 0)
(-0.00387341 -0.0364776 0)
(-0.000255832 0.0160857 0)
(-0.000290346 0.0181826 0)
(0.000437626 0.0204483 0)
(0.000531397 0.0213883 0)
(-0.000839501 0.0203392 0)
(-0.00344611 0.0164661 0)
(-0.0067208 0.00948729 0)
(-0.0089508 0.00247998 0)
(-0.00980975 -0.00276374 0)
(-0.00922117 -0.00789073 0)
(-0.00946644 -0.0108034 0)
(-0.00886298 -0.0105502 0)
(-0.00885982 -0.00863623 0)
(-0.00613043 -0.00761708 0)
(-0.00728807 -0.00436999 0)
(-0.00322205 -0.00320595 0)
(-0.00606695 -7.37442e-05 0)
(-0.000687554 -0.00400987 0)
(-0.00845664 -0.0134892 0)
(-0.00134247 -0.0437322 0)
(0.000403963 0.0156465 0)
(0.0015159 0.0168896 0)
(0.0035837 0.0182257 0)
(0.0063521 0.0188357 0)
(0.00879323 0.0176185 0)
(0.0102315 0.0135818 0)
(0.0104247 0.00798347 0)
(0.00997003 0.00226921 0)
(0.00884006 -0.00264158 0)
(0.00761216 -0.00655739 0)
(0.00479282 -0.00844252 0)
(0.00325992 -0.00815118 0)
(0.000191389 -0.00644631 0)
(0.000747373 -0.00517385 0)
(-0.00229999 -0.00249232 0)
(-0.000158951 -0.00307911 0)
(-0.00307519 -0.00167009 0)
(0.00148799 -0.00580189 0)
(-0.00474209 -0.0132592 0)
(0.000572452 -0.0469806 0)
(0.000702592 0.0144073 0)
(0.00224025 0.0151488 0)
(0.00432946 0.0156566 0)
(0.00702543 0.0156362 0)
(0.00987622 0.0145122 0)
(0.0123489 0.0118971 0)
(0.0137081 0.00806784 0)
(0.0139139 0.00370358 0)
(0.0126188 -0.000307007 0)
(0.0107159 -0.00359133 0)
(0.00730064 -0.00523879 0)
(0.00510397 -0.00573878 0)
(0.00146041 -0.00470304 0)
(0.00199427 -0.00445146 0)
(-0.001295 -0.00241536 0)
(0.00180561 -0.00284724 0)
(-0.0018538 -0.00110218 0)
(0.00193064 -0.0033894 0)
(-0.00245412 -0.0108502 0)
(0.00143525 -0.0487367 0)
(0.000796139 0.0128146 0)
(0.0024202 0.0133011 0)
(0.00427923 0.0133493 0)
(0.00645348 0.013013 0)
(0.00871718 0.0119431 0)
(0.0107785 0.00998656 0)
(0.0119985 0.00715993 0)
(0.0122912 0.00387505 0)
(0.011269 0.000822297 0)
(0.00993483 -0.00173847 0)
(0.00725419 -0.00303457 0)
(0.00602715 -0.00391262 0)
(0.00262051 -0.00309598 0)
(0.00356773 -0.00339024 0)
(-0.000383126 -0.00178086 0)
(0.0025151 -0.00267291 0)
(-0.00201632 -0.00129863 0)
(0.00224854 -0.0054894 0)
(-0.00295101 -0.0131557 0)
(0.00313817 -0.0499802 0)
(0.000797223 0.0111894 0)
(0.0023718 0.0116041 0)
(0.00402623 0.0114608 0)
(0.00574816 0.0109441 0)
(0.00741597 0.00999161 0)
(0.0089029 0.00838804 0)
(0.0097984 0.00635189 0)
(0.010152 0.00397425 0)
(0.00954108 0.00194482 0)
(0.00867282 -9.47634e-05 0)
(0.00662623 -0.000863635 0)
(0.00593128 -0.00229989 0)
(0.00285493 -0.00135936 0)
(0.00412604 -0.00262733 0)
(-1.29757e-05 -0.000852281 0)
(0.00336484 -0.0023091 0)
(-0.00210017 -0.000757385 0)
(0.00261119 -0.00326448 0)
(-0.00407793 -0.010904 0)
(0.0033427 -0.048086 0)
(0.000778032 0.00957638 0)
(0.00224492 0.0099647 0)
(0.00360881 0.00985825 0)
(0.0049863 0.00953811 0)
(0.00622178 0.00877526 0)
(0.00729856 0.00768096 0)
(0.00792288 0.00618639 0)
(0.00822849 0.00442803 0)
(0.0076651 0.00289881 0)
(0.0072789 0.00116382 0)
(0.00531276 0.000566995 0)
(0.00553088 -0.000700491 0)
(0.00220975 -5.08517e-05 0)
(0.00422363 -0.00111539 0)
(-0.000536266 0.000245956 0)
(0.00347002 -0.000898782 0)
(-0.00265353 0.000271814 0)
(0.00263174 -0.00341948 0)
(-0.00456808 -0.0131653 0)
(0.00344302 -0.0511939 0)
(0.00075972 0.00811403 0)
(0.00219111 0.00879935 0)
(0.00354571 0.00869564 0)
(0.00465173 0.00821257 0)
(0.00554758 0.00757621 0)
(0.00628999 0.00645518 0)
(0.00659821 0.00539689 0)
(0.00685664 0.00395899 0)
(0.00640755 0.00298652 0)
(0.00634159 0.00141917 0)
(0.00489407 0.00131667 0)
(0.00535485 -0.000462686 0)
(0.00248572 0.000714869 0)
(0.00466224 -0.00146749 0)
(3.68799e-06 0.00065363 0)
(0.00419217 -0.00155924 0)
(-0.00265417 0.000339492 0)
(0.00326039 -0.00266553 0)
(-0.00510595 -0.0119184 0)
(0.00445742 -0.0512397 0)
(0.000928229 0.00645244 0)
(0.00228107 0.00695223 0)
(0.00301382 0.00729689 0)
(0.00385837 0.00753968 0)
(0.00449177 0.00727897 0)
(0.00513784 0.00692372 0)
(0.00544535 0.00608935 0)
(0.00576931 0.00503116 0)
(0.00516651 0.00419041 0)
(0.005469 0.00280446 0)
(0.00348217 0.0026132 0)
(0.00481538 0.00118662 0)
(0.00106532 0.00189426 0)
(0.00444254 0.00080152 0)
(-0.00138863 0.00203675 0)
(0.00444216 0.00131113 0)
(-0.00299491 0.00205114 0)
(0.00414897 -0.000732407 0)
(-0.00479741 -0.0126313 0)
(0.00495944 -0.050885 0)
(0.00101387 0.00493055 0)
(0.00260596 0.00708185 0)
(0.00404297 0.00724432 0)
(0.00460737 0.00677985 0)
(0.00483787 0.00618462 0)
(0.00497699 0.00500243 0)
(0.00468436 0.00451991 0)
(0.00487818 0.00349651 0)
(0.00422606 0.00316431 0)
(0.00477416 0.00194756 0)
(0.0032514 0.002106 0)
(0.0047704 0.000670611 0)
(0.00177069 0.00150241 0)
(0.00503096 -0.000316729 0)
(1.67415e-05 0.00108567 0)
(0.00501084 -0.00108414 0)
(-0.0027366 0.000965446 0)
(0.00482041 -0.00209212 0)
(-0.00555386 -0.0135715 0)
(0.00471595 -0.052217 0)
(0.00223639 0.00248395 0)
(0.00364649 0.00350089 0)
(0.00257658 0.00500173 0)
(0.00307029 0.00648164 0)
(0.00331366 0.00711244 0)
(0.00396311 0.00761389 0)
(0.00414886 0.00683821 0)
(0.00450212 0.00605569 0)
(0.00366784 0.00517751 0)
(0.00434112 0.00413789 0)
(0.00227145 0.00377496 0)
(0.00398158 0.00265754 0)
(0.000228628 0.00305568 0)
(0.00375435 0.00211373 0)
(-0.00242735 0.00366471 0)
(0.00470106 0.00362783 0)
(-0.00458345 0.0034996 0)
(0.00627611 0.00192061 0)
(-0.00481309 -0.0103354 0)
(0.00532952 -0.050385 0)
(0.00455871 -0.00103433 0)
(0.00489516 0.00815527 0)
(0.00618266 0.00785612 0)
(0.00506465 0.00675483 0)
(0.00386564 0.00507478 0)
(0.003137 0.00326839 0)
(0.00238937 0.00356778 0)
(0.00267018 0.00285389 0)
(0.00216775 0.00300319 0)
(0.00312049 0.00204137 0)
(0.00164584 0.00231616 0)
(0.00393846 0.00127344 0)
(0.000319447 0.00166715 0)
(0.00574144 0.000979934 0)
(-0.00106986 -3.87517e-05 0)
(0.00699746 -0.000271007 0)
(-0.00287643 -0.000585798 0)
(0.00754296 -0.00300509 0)
(-0.00674511 -0.0144027 0)
(0.00651169 -0.0526398 0)
(0.00605787 -0.00770032 0)
(0.00728661 0.00150134 0)
(0.00356632 0.00439741 0)
(0.00634811 0.00801057 0)
(0.00674342 0.00927671 0)
(0.0063388 0.0100577 0)
(0.00533035 0.00796091 0)
(0.00516433 0.00725848 0)
(0.00348132 0.00555805 0)
(0.00453074 0.00539612 0)
(0.00180722 0.00402481 0)
(0.00406406 0.00449612 0)
(-1.87134e-05 0.00259299 0)
(0.00258476 0.00369544 0)
(-0.0019173 0.00424895 0)
(0.000614123 0.0055147 0)
(-0.00775834 0.00471611 0)
(0.0079945 0.00526367 0)
(-0.00545076 -0.00553729 0)
(0.00734095 -0.0506694 0)
(-0.00399872 -0.015098 0)
(0.00903382 0.0125497 0)
(-0.00112088 0.00724801 0)
(-0.00197924 0.00508743 0)
(-0.0048004 0.00420728 0)
(-0.00277381 0.00360131 0)
(-0.0028316 0.00428425 0)
(-0.00168551 0.00329924 0)
(-0.000985248 0.00329906 0)
(-0.000647741 0.00228683 0)
(-0.000101436 0.00248918 0)
(-0.000235421 0.00157461 0)
(-0.000598019 0.00281398 0)
(0.0016151 0.00157772 0)
(-0.00439798 0.000974347 0)
(0.00873247 0.00321772 0)
(-0.00342734 -0.00812307 0)
(0.00596307 -0.00638533 0)
(-0.00854686 -0.0164459 0)
(0.00665032 -0.0522198 0)
(-0.0038734 -0.0162193 0)
(0.00210797 0.00102056 0)
(0.0037752 0.0135644 0)
(0.00508284 0.0110447 0)
(0.00877684 0.0103515 0)
(0.0069027 0.00913459 0)
(0.00832716 0.00696617 0)
(0.00945359 0.00669081 0)
(0.00727335 0.00483277 0)
(0.0103266 0.00572293 0)
(0.00465158 0.00417943 0)
(0.0108142 0.00632444 0)
(0.00109226 0.00112233 0)
(0.0118887 0.00857914 0)
(-0.00198341 -0.00139156 0)
(0.00661285 0.00543729 0)
(-0.00556882 0.00954743 0)
(0.00831153 0.00976908 0)
(-0.00605401 -0.00170299 0)
(0.00902767 -0.0534571 0)
(0.00206772 -0.00836323 0)
(-0.0120422 0.0062611 0)
(-0.00645222 0.00407439 0)
(-0.00449954 0.00255261 0)
(-0.00917154 0.00315311 0)
(-0.0023291 0.00299856 0)
(-0.00938993 0.00252915 0)
(-0.00310491 0.00300853 0)
(-0.00809459 0.00289145 0)
(-0.00499411 0.00307688 0)
(-0.00646244 0.0021037 0)
(-0.00614839 0.00315418 0)
(-0.00337346 0.00117996 0)
(-0.00899524 0.00404599 0)
(0.00018206 0.0053573 0)
(-0.00589498 0.00466483 0)
(-0.00462608 -0.0105009 0)
(0.0110967 -0.00678734 0)
(-0.006322 -0.02028 0)
(0.00787393 -0.0491727 0)
(-0.00835964 -0.011576 0)
(0.00787164 0.0090403 0)
(0.00717494 0.00578256 0)
(0.00359019 0.0107246 0)
(0.00846066 0.00900653 0)
(0.00731111 0.00807942 0)
(0.00905244 0.00745435 0)
(0.0103374 0.0063952 0)
(0.0100064 0.00624418 0)
(0.0130634 0.00559031 0)
(0.010339 0.0056643 0)
(0.0145553 0.00517539 0)
(0.0109064 0.0031287 0)
(0.0151235 0.00845387 0)
(0.00781307 -0.005518 0)
(0.01603 0.0105851 0)
(0.00907872 -0.00394984 0)
(0.00893426 0.010238 0)
(-0.00239257 0.00733555 0)
(0.0132954 -0.0498191 0)
(-0.0215351 -0.0049547 0)
(-0.0137113 -0.00518496 0)
(-0.0241942 0.0058816 0)
(-0.0122388 0.000386862 0)
(-0.0198121 0.00172926 0)
(-0.00970499 0.000713759 0)
(-0.0167047 0.00148285 0)
(-0.00694886 0.000342057 0)
(-0.015798 0.00113838 0)
(-0.00348688 0.00120398 0)
(-0.015252 0.000136274 0)
(0.0012252 0.00171595 0)
(-0.0150663 -0.000269019 0)
(0.00440826 0.00707192 0)
(-0.00776073 0.00140441 0)
(-0.00423756 0.00573956 0)
(0.0059697 -0.00450182 0)
(-0.0112721 -0.000242938 0)
(0.0184312 -0.0271564 0)
(0.0145683 -0.0485585 0)
(0.00198599 0.0182914 0)
(0.0136277 0.0140785 0)
(0.0117895 0.00611821 0)
(0.0213461 0.00634754 0)
(0.0221686 0.00557244 0)
(0.0258213 0.00525635 0)
(0.0288838 0.00486183 0)
(0.031682 0.00476365 0)
(0.0349323 0.00457143 0)
(0.0364821 0.00393092 0)
(0.0396426 0.00394976 0)
(0.0410555 0.00268543 0)
(0.043662 0.00356312 0)
(0.0449193 0.000415067 0)
(0.0477817 0.00292648 0)
(0.0493171 0.000188256 0)
(0.051373 0.000741096 0)
(0.0500758 0.001075 0)
(0.0445422 -0.0066799 0)
(0.0250368 -0.0040261 0)
)
;

boundaryField
{
    movingWall
    {
        type            fixedValue;
        value           uniform (1 0 0);
    }
    fixedWalls
    {
        type            noSlip;
    }
    frontAndBack
    {
        type            empty;
    }
}


// ************************************************************************* //
