/*--------------------------------*- C++ -*----------------------------------*\
| =========                 |                                                 |
| \\      /  F ield         | OpenFOAM: The Open Source CFD Toolbox           |
|  \\    /   O peration     | Version:  5.x                                   |
|   \\  /    A nd           | Web:      www.OpenFOAM.org                      |
|    \\/     M anipulation  |                                                 |
\*---------------------------------------------------------------------------*/
FoamFile
{
    version     2.0;
    format      ascii;
    class       volScalarField;
    location    "5.5";
    object      p;
}
// * * * * * * * * * * * * * * * * * * * * * * * * * * * * * * * * * * * * * //

dimensions      [0 2 -2 0 0 0 0];

internalField   nonuniform List<scalar> 
400
(
-1.4403e-10
2.4668e-06
7.76273e-06
1.63748e-05
2.93341e-05
4.8311e-05
7.60174e-05
0.000116472
0.000174007
0.000240255
0.000254333
5.46444e-05
-0.000333361
-0.000672852
-0.000821574
-0.000790167
-0.000473106
7.5255e-05
0.000683649
0.00134343
-3.12176e-06
-9.75425e-07
3.57419e-06
1.07732e-05
2.10763e-05
3.49423e-05
5.25563e-05
7.27447e-05
9.03911e-05
8.81063e-05
9.92079e-06
-0.000244533
-0.000556151
-0.000717933
-0.000893815
-0.00103088
-0.000851261
-0.000410358
5.42683e-05
0.000589889
-9.21989e-06
-7.63283e-06
-4.33652e-06
6.79025e-07
7.39956e-06
1.55155e-05
2.4019e-05
3.028e-05
2.81638e-05
4.42666e-06
-6.46541e-05
-0.000211388
-0.000425852
-0.000667485
-0.000907084
-0.00101981
-0.000896715
-0.000620623
-0.000319164
5.15276e-05
-1.75204e-05
-1.65866e-05
-1.47067e-05
-1.2055e-05
-8.97119e-06
-6.20252e-06
-5.23046e-06
-8.8684e-06
-2.21879e-05
-5.33171e-05
-0.000116011
-0.000219967
-0.00037281
-0.000537444
-0.000680684
-0.000735157
-0.000700981
-0.000561687
-0.00041141
-0.000223311
-2.72214e-05
-2.69358e-05
-2.64055e-05
-2.5913e-05
-2.5919e-05
-2.72961e-05
-3.15053e-05
-4.09022e-05
-5.93504e-05
-9.06413e-05
-0.000144321
-0.000220823
-0.000322363
-0.00042282
-0.00051141
-0.000548098
-0.000542937
-0.00046227
-0.000407626
-0.000266417
-3.75141e-05
-3.78051e-05
-3.84285e-05
-3.96883e-05
-4.20334e-05
-4.62606e-05
-5.36094e-05
-6.56046e-05
-8.56622e-05
-0.000112903
-0.000157736
-0.000211777
-0.000279133
-0.000340234
-0.000397219
-0.000410853
-0.000412315
-0.00035385
-0.000317528
-0.000292396
-4.77045e-05
-4.84994e-05
-5.0056e-05
-5.26713e-05
-5.66442e-05
-6.26224e-05
-7.16686e-05
-8.38866e-05
-0.000104108
-0.000127076
-0.000162238
-0.000200795
-0.000247794
-0.000284802
-0.000324411
-0.000327974
-0.000336145
-0.000297632
-0.000324502
-0.000285972
-5.72166e-05
-5.84634e-05
-6.07599e-05
-6.43648e-05
-6.94148e-05
-7.62075e-05
-8.62279e-05
-9.69713e-05
-0.000115903
-0.000135323
-0.000163005
-0.000189767
-0.000224591
-0.000244641
-0.000276125
-0.000262788
-0.00028366
-0.00021606
-0.000211902
-0.000163262
-6.5588e-05
-6.7343e-05
-7.03505e-05
-7.49104e-05
-8.06373e-05
-8.76e-05
-9.8237e-05
-0.000107664
-0.000123898
-0.000139814
-0.000162286
-0.000180372
-0.000207774
-0.000216886
-0.000243379
-0.000223629
-0.000238497
-0.000181291
-0.000178442
-0.000165407
-7.24703e-05
-7.50222e-05
-7.86936e-05
-8.35716e-05
-8.96497e-05
-9.64908e-05
-0.000106035
-0.00011532
-0.000129076
-0.000141351
-0.000160143
-0.000170992
-0.000194853
-0.000193461
-0.000222588
-0.000193162
-0.000235302
-0.000169669
-0.000266616
-0.000184402
-7.70249e-05
-8.05565e-05
-8.59063e-05
-9.19916e-05
-9.86096e-05
-0.000105935
-0.000114404
-0.000122977
-0.000134435
-0.000143813
-0.00015958
-0.000166075
-0.000186929
-0.000183133
-0.000209579
-0.000181866
-0.000220361
-0.000145568
-0.000217225
-0.000130001
-8.03284e-05
-8.78037e-05
-9.27823e-05
-9.89851e-05
-0.000104951
-0.000110758
-0.000118684
-0.00012547
-0.000135757
-0.000142093
-0.000156269
-0.000157372
-0.000177533
-0.000164368
-0.000195541
-0.000154105
-0.000207923
-0.000123775
-0.000204195
-0.000126329
-7.63585e-05
-8.55743e-05
-9.73494e-05
-0.000106903
-0.000113925
-0.000121425
-0.000127936
-0.000134095
-0.000141996
-0.000146782
-0.000158415
-0.000158608
-0.000175914
-0.000166617
-0.000192663
-0.000166738
-0.000203253
-0.000145953
-0.000219662
-0.000132646
-7.75118e-05
-0.000105366
-0.000108005
-0.000117283
-0.000119746
-0.000122829
-0.000128525
-0.000131993
-0.000139618
-0.000141951
-0.00015285
-0.000149341
-0.000164876
-0.000150769
-0.000172855
-0.000143278
-0.000188158
-0.000137247
-0.000208352
-0.000152464
-6.73347e-05
-0.000100775
-0.000112951
-0.000124889
-0.000132704
-0.000140889
-0.000141059
-0.000144811
-0.000148575
-0.000151142
-0.00015823
-0.000158213
-0.000167555
-0.000162841
-0.000183086
-0.000168779
-0.000205656
-0.00016169
-0.000243401
-0.000169158
-0.000167073
-0.000201538
-0.000128913
-0.000164841
-0.000141205
-0.000131398
-0.000133397
-0.000135333
-0.000141524
-0.000142544
-0.000150711
-0.000146448
-0.000158286
-0.000148556
-0.000156269
-0.000136423
-0.000142402
-0.000154319
-0.000169186
-0.000136447
-5.71306e-05
-0.000202436
-0.000200185
-0.000166075
-0.000143522
-0.000150393
-0.000140696
-0.000151909
-0.000150561
-0.000156566
-0.000158867
-0.00016344
-0.000157145
-0.000174793
-0.000156621
-0.000173486
-0.000253504
-0.000156542
-0.000247352
-5.96583e-05
-8.83216e-05
-0.000265642
-0.000160686
-0.00012455
-0.000143907
-0.00013301
-0.000143892
-0.000146154
-0.000151745
-0.000152523
-0.000154119
-0.000148824
-0.000152977
-0.000142925
-0.000164823
-0.000212223
-0.000121694
-6.05934e-05
-1.74361e-05
0.000120125
-2.18894e-05
-0.000130692
-0.000146204
-0.00015268
-0.000137084
-0.000133067
-0.000146757
-0.000149012
-0.000153495
-0.000154604
-0.000161231
-0.000167879
-0.000186877
-0.00014467
-0.000161885
-0.000219854
-0.000121504
-0.000184733
-0.000114436
0.000388193
-0.000175606
-0.000135311
-0.000100787
-0.000162583
-0.000110474
-0.000125739
-0.000126162
-0.000130445
-0.000128266
-0.000123673
-0.000134598
-0.00013829
-0.000141888
-0.000130972
-0.000122811
-9.96671e-05
-0.000115095
8.21649e-05
0.000507616
0.00170373
)
;

boundaryField
{
    movingWall
    {
        type            zeroGradient;
    }
    fixedWalls
    {
        type            zeroGradient;
    }
    frontAndBack
    {
        type            empty;
    }
}


// ************************************************************************* //
