/*--------------------------------*- C++ -*----------------------------------*\
| =========                 |                                                 |
| \\      /  F ield         | OpenFOAM: The Open Source CFD Toolbox           |
|  \\    /   O peration     | Version:  5.x                                   |
|   \\  /    A nd           | Web:      www.OpenFOAM.org                      |
|    \\/     M anipulation  |                                                 |
\*---------------------------------------------------------------------------*/
FoamFile
{
    version     2.0;
    format      ascii;
    class       volVectorField;
    location    "5.5";
    object      U;
}
// * * * * * * * * * * * * * * * * * * * * * * * * * * * * * * * * * * * * * //

dimensions      [0 1 -1 0 0 0 0];

internalField   nonuniform List<vector> 
400
(
(-0.000263267 0.000267603 0)
(-0.000830491 0.000295541 0)
(-0.00146057 0.000328472 0)
(-0.0021711 0.000386036 0)
(-0.00302911 0.000482258 0)
(-0.00412378 0.000647809 0)
(-0.00561411 0.000950741 0)
(-0.00778955 0.00155027 0)
(-0.0111672 0.00283384 0)
(-0.0166783 0.00547771 0)
(-0.0263788 0.00861098 0)
(-0.0426124 0.00545597 0)
(-0.0574661 -0.00569647 0)
(-0.06112 -0.00892285 0)
(-0.0622945 -0.00141646 0)
(-0.0641866 0.000398987 0)
(-0.058513 -0.00522496 0)
(-0.0469091 -0.00850618 0)
(-0.034737 -0.00908211 0)
(-0.0116756 -0.0126897 0)
(-0.000268509 0.000818078 0)
(-0.000845414 0.000901136 0)
(-0.0014788 0.000995282 0)
(-0.00217519 0.00115689 0)
(-0.00297985 0.00141684 0)
(-0.00393303 0.00183606 0)
(-0.00508118 0.00253327 0)
(-0.00645063 0.00373971 0)
(-0.0079818 0.00589108 0)
(-0.00933211 0.0096361 0)
(-0.00984921 0.0151864 0)
(-0.0110907 0.0201177 0)
(-0.0167346 0.0199493 0)
(-0.0271279 0.0136595 0)
(-0.0379056 0.00409484 0)
(-0.0413014 -0.00352336 0)
(-0.0373533 -0.0104712 0)
(-0.0307473 -0.0190822 0)
(-0.026754 -0.0280446 0)
(-0.00818107 -0.0428231 0)
(-0.000241812 0.00134987 0)
(-0.000761187 0.00148241 0)
(-0.00132414 0.00162226 0)
(-0.00192509 0.00185606 0)
(-0.00258836 0.00221543 0)
(-0.00332136 0.00275548 0)
(-0.00411746 0.0035658 0)
(-0.00492554 0.00478441 0)
(-0.00559356 0.00660847 0)
(-0.0057807 0.00926702 0)
(-0.00490891 0.0127644 0)
(-0.00276505 0.0158552 0)
(-0.000853127 0.0166579 0)
(-0.000554584 0.0147149 0)
(-0.00226651 0.0100779 0)
(-0.00428924 0.00130061 0)
(-0.00663676 -0.00859592 0)
(-0.0076896 -0.0161249 0)
(-0.0116918 -0.0273973 0)
(-0.000182249 -0.0474788 0)
(-0.000204409 0.0018109 0)
(-0.000644526 0.00198444 0)
(-0.00111529 0.00215104 0)
(-0.00160045 0.00242274 0)
(-0.00210736 0.00282395 0)
(-0.00262229 0.00339616 0)
(-0.00311259 0.00419837 0)
(-0.00350622 0.00530667 0)
(-0.00366609 0.0068021 0)
(-0.00334239 0.00871728 0)
(-0.00223487 0.0109981 0)
(0.000105474 0.0130515 0)
(0.00323855 0.0142064 0)
(0.00661564 0.0132176 0)
(0.00804542 0.0096403 0)
(0.00823645 0.00257744 0)
(0.00561363 -0.00556812 0)
(0.00184394 -0.0138202 0)
(-0.00215773 -0.0297272 0)
(-0.0023417 -0.0535431 0)
(-0.000161578 0.00219127 0)
(-0.000513101 0.00239824 0)
(-0.000885355 0.00257582 0)
(-0.00125503 0.0028576 0)
(-0.00161916 0.00325777 0)
(-0.00195344 0.00380088 0)
(-0.00221712 0.00451825 0)
(-0.00233931 0.00543976 0)
(-0.0022201 0.00659076 0)
(-0.00165971 0.00790336 0)
(-0.000600466 0.00936484 0)
(0.00137064 0.0104533 0)
(0.00384991 0.0110743 0)
(0.00696504 0.0100594 0)
(0.00889574 0.00778895 0)
(0.0101914 0.00283569 0)
(0.00843224 -0.00278454 0)
(0.00725686 -0.0103147 0)
(0.00107213 -0.0257274 0)
(0.00231973 -0.0515041 0)
(-0.000116568 0.00248298 0)
(-0.000377365 0.00271947 0)
(-0.000654136 0.00289836 0)
(-0.000919388 0.00317402 0)
(-0.00116519 0.00354796 0)
(-0.00136346 0.00403243 0)
(-0.00147622 0.00463801 0)
(-0.00143756 0.00536177 0)
(-0.00121247 0.00622691 0)
(-0.000584361 0.00705652 0)
(0.000278172 0.0080178 0)
(0.00186627 0.00843805 0)
(0.00349806 0.00876273 0)
(0.00590872 0.00754734 0)
(0.00700784 0.0063939 0)
(0.00907076 0.00250216 0)
(0.00660368 -0.00101388 0)
(0.00735348 -0.00767114 0)
(-0.000373013 -0.0204994 0)
(-0.00136625 -0.0511668 0)
(-6.9358e-05 0.00268382 0)
(-0.000240508 0.00294726 0)
(-0.000429106 0.00312318 0)
(-0.000606135 0.00338091 0)
(-0.000761774 0.00371903 0)
(-0.000864779 0.00413123 0)
(-0.000890437 0.00463037 0)
(-0.000753254 0.00515549 0)
(-0.000535134 0.00582365 0)
(0.00012287 0.00626965 0)
(0.000753581 0.00694422 0)
(0.00208804 0.0068838 0)
(0.00303918 0.00716781 0)
(0.00499292 0.00571529 0)
(0.00529795 0.00539331 0)
(0.00723708 0.0019172 0)
(0.00511194 5.5822e-05 0)
(0.00613443 -0.00559179 0)
(0.00153916 -0.0211037 0)
(0.00342015 -0.0575684 0)
(-2.14575e-05 0.0027908 0)
(-0.000105809 0.00309646 0)
(-0.000219037 0.00327431 0)
(-0.000323785 0.00354137 0)
(-0.0004144 0.00384096 0)
(-0.000451686 0.00419523 0)
(-0.000452108 0.00459991 0)
(-0.000241726 0.00495039 0)
(-0.000100646 0.00547405 0)
(0.0005433 0.00567259 0)
(0.000896762 0.00618961 0)
(0.00208951 0.00586931 0)
(0.00239561 0.00626764 0)
(0.00422843 0.00475586 0)
(0.00355629 0.00511235 0)
(0.00620964 0.00189521 0)
(0.00300964 0.00133319 0)
(0.00687398 -0.0044512 0)
(-0.000290328 -0.014535 0)
(0.00501426 -0.0432873 0)
(4.51612e-05 0.00280873 0)
(5.09876e-05 0.0031525 0)
(1.51057e-05 0.00333546 0)
(-4.08284e-05 0.00354653 0)
(-0.000111717 0.00382423 0)
(-0.000108851 0.00406657 0)
(-0.000141884 0.00443615 0)
(0.000118217 0.00464113 0)
(0.000176058 0.00506332 0)
(0.000831593 0.00507651 0)
(0.000937631 0.00549457 0)
(0.00213622 0.00492974 0)
(0.00194999 0.00542147 0)
(0.00384136 0.00361145 0)
(0.0025419 0.00453016 0)
(0.00522068 0.000985836 0)
(0.00141623 0.0014221 0)
(0.00420615 -0.00407094 0)
(-0.00192817 -0.0168163 0)
(-0.00179429 -0.0535826 0)
(0.000111319 0.00267648 0)
(0.000203744 0.00313026 0)
(0.000177456 0.00339629 0)
(0.000165666 0.00378453 0)
(0.000113352 0.00403006 0)
(0.000167192 0.00434639 0)
(0.000129994 0.00455863 0)
(0.00039615 0.00471856 0)
(0.0003429 0.00495991 0)
(0.000985461 0.00487694 0)
(0.000779836 0.00520946 0)
(0.00201243 0.00462715 0)
(0.00118106 0.00520087 0)
(0.00336586 0.00372097 0)
(0.00097866 0.00482269 0)
(0.00466229 0.00213967 0)
(-0.000106189 0.0029996 0)
(0.00512967 -0.00245619 0)
(-0.00238155 -0.0115162 0)
(0.00429302 -0.0502966 0)
(0.000272144 0.00254337 0)
(0.000534389 0.00321973 0)
(0.00065806 0.00335281 0)
(0.000591437 0.00346421 0)
(0.000435939 0.00367956 0)
(0.000408068 0.00375726 0)
(0.00021296 0.00403107 0)
(0.000503883 0.00409298 0)
(0.000316138 0.00434738 0)
(0.00105816 0.00419907 0)
(0.000661121 0.00449935 0)
(0.00207811 0.0038053 0)
(0.00100169 0.00440082 0)
(0.00345977 0.00257467 0)
(0.000865765 0.00406085 0)
(0.00481696 0.000445556 0)
(-0.000853655 0.00262926 0)
(0.00533722 -0.00305121 0)
(-0.00407568 -0.0120718 0)
(0.00501814 -0.0494455 0)
(0.000539345 0.00170645 0)
(0.000705893 0.00249231 0)
(0.000430771 0.00330714 0)
(0.000495455 0.00419172 0)
(0.000437952 0.00445637 0)
(0.000539231 0.004886 0)
(0.000483434 0.00482483 0)
(0.000733973 0.00490496 0)
(0.00046819 0.00484064 0)
(0.00115419 0.00468869 0)
(0.000435016 0.00478523 0)
(0.00189629 0.00426038 0)
(9.84085e-05 0.00474757 0)
(0.00295646 0.00363421 0)
(-0.00106435 0.00486227 0)
(0.00430529 0.00320975 0)
(-0.00305078 0.00402368 0)
(0.005577 -0.000117711 0)
(-0.00527177 -0.0107877 0)
(0.0052235 -0.0500788 0)
(0.000967445 0.00147011 0)
(0.00187383 0.00392724 0)
(0.00228342 0.00369 0)
(0.00171179 0.00334959 0)
(0.00104062 0.00337852 0)
(0.000701329 0.00319207 0)
(0.000180979 0.00349874 0)
(0.000468502 0.00351705 0)
(6.79894e-05 0.00365424 0)
(0.000939814 0.00355166 0)
(0.00016864 0.00365357 0)
(0.00193537 0.00322131 0)
(0.00013852 0.00345226 0)
(0.00351672 0.00240829 0)
(-0.000350093 0.00302054 0)
(0.0053889 0.000782158 0)
(-0.00214868 0.00201819 0)
(0.00609674 -0.00226441 0)
(-0.00728783 -0.012297 0)
(0.00600723 -0.0499724 0)
(0.00298872 -0.00139882 0)
(0.00190962 0.000544661 0)
(0.000217569 0.00316428 0)
(0.000920526 0.00556991 0)
(0.000908772 0.00574399 0)
(0.000998378 0.00635796 0)
(0.000938056 0.00561437 0)
(0.00103768 0.00554889 0)
(0.000590311 0.00499196 0)
(0.00129352 0.0049753 0)
(0.000207158 0.0045568 0)
(0.00182179 0.00449682 0)
(-0.000539886 0.00425799 0)
(0.00246743 0.00413228 0)
(-0.00217131 0.0046297 0)
(0.00295877 0.00482584 0)
(-0.00567989 0.00508689 0)
(0.00682182 0.00459685 0)
(-0.00667629 -0.00841044 0)
(0.00715533 -0.0512948 0)
(0.00500256 -0.00321017 0)
(0.00533558 0.00828636 0)
(0.00446758 0.0048655 0)
(0.00135549 0.00316332 0)
(-0.000773127 0.00283121 0)
(-0.00093061 0.00227656 0)
(-0.00135552 0.00293302 0)
(-0.000773708 0.00297495 0)
(-0.000873648 0.00297819 0)
(-3.81083e-06 0.00302756 0)
(-0.000619596 0.00286816 0)
(0.00100778 0.00290404 0)
(-0.000693421 0.00264228 0)
(0.0028591 0.00284534 0)
(-0.0018208 0.00197412 0)
(0.00699609 0.00254278 0)
(-0.00287918 -0.00193729 0)
(0.00773094 -0.00232348 0)
(-0.00823537 -0.014407 0)
(0.00787544 -0.0518482 0)
(0.00316547 -0.0143674 0)
(0.00562102 0.000188547 0)
(0.00504322 0.00697968 0)
(0.00711415 0.00997946 0)
(0.00677073 0.0082416 0)
(0.00465658 0.00809868 0)
(0.00386918 0.00604794 0)
(0.00347514 0.00592206 0)
(0.00225807 0.00499858 0)
(0.00311729 0.00536229 0)
(0.0012008 0.00426725 0)
(0.00355327 0.00526325 0)
(9.13332e-05 0.00320995 0)
(0.00469692 0.00583098 0)
(-0.001628 0.00195922 0)
(0.0023371 0.00623801 0)
(-0.005044 0.00674196 0)
(0.00770061 0.00976021 0)
(-0.0065681 -0.00510763 0)
(0.00855732 -0.0507207 0)
(-0.0032276 -0.0091797 0)
(-0.00467048 0.010085 0)
(-0.0145418 4.01299e-05 0)
(-0.00441695 0.00347624 0)
(-0.0109573 0.0044347 0)
(-0.00532291 0.00375339 0)
(-0.00736554 0.00373562 0)
(-0.00565868 0.00340324 0)
(-0.00524882 0.00299729 0)
(-0.00521146 0.00289447 0)
(-0.00390923 0.0022622 0)
(-0.00444543 0.00256716 0)
(-0.00252583 0.0016606 0)
(-0.00459962 0.00280439 0)
(-0.00233268 0.00416099 0)
(-0.000441707 0.00434691 0)
(-0.00727356 -0.00824667 0)
(0.0121749 -0.00209748 0)
(-0.00596615 -0.0186898 0)
(0.00850489 -0.0512112 0)
(-0.0125089 -0.0110423 0)
(0.0116061 0.0109892 0)
(0.00614854 0.00743688 0)
(0.00486343 0.00754546 0)
(0.00905233 0.00829611 0)
(0.00897341 0.00675015 0)
(0.0107085 0.00589697 0)
(0.0119817 0.00535487 0)
(0.0117343 0.00454646 0)
(0.0138277 0.00502315 0)
(0.0110786 0.00386537 0)
(0.0146724 0.00536698 0)
(0.0083555 0.00306587 0)
(0.0154195 0.00789559 0)
(0.00502682 -0.00239329 0)
(0.0184699 0.0103261 0)
(0.00381942 -0.00217519 0)
(0.00825415 0.00781431 0)
(-0.00133874 0.0050054 0)
(0.0126025 -0.0466081 0)
(-0.0207784 -0.00542327 0)
(-0.0132299 -0.00379125 0)
(-0.0226031 0.00358134 0)
(-0.0140276 -0.00113554 0)
(-0.020975 0.00151399 0)
(-0.0115713 0.000126552 0)
(-0.0205544 0.00103381 0)
(-0.00931806 0.00146203 0)
(-0.0191488 0.000773634 0)
(-0.00768975 0.00266873 0)
(-0.0161889 0.00136219 0)
(-0.00617442 0.00320444 0)
(-0.012918 0.00135515 0)
(-0.00248601 0.00376195 0)
(-0.0063338 0.000139291 0)
(-0.00722533 0.00761535 0)
(0.00721488 -0.00167281 0)
(-0.00976964 0.000202707 0)
(0.0171036 -0.0266835 0)
(0.0130763 -0.0481061 0)
(0.00122762 0.0178291 0)
(0.0133116 0.0139929 0)
(0.012898 0.00759251 0)
(0.0208475 0.00733948 0)
(0.0230855 0.00622655 0)
(0.0248481 0.00590547 0)
(0.0309056 0.00522746 0)
(0.0299082 0.00404966 0)
(0.0364323 0.00362307 0)
(0.0341942 0.00309625 0)
(0.0407016 0.00290918 0)
(0.039463 0.0024398 0)
(0.044594 0.0020788 0)
(0.0439221 0.000826334 0)
(0.0475076 0.00194446 0)
(0.0481164 -3.87543e-05 0)
(0.0488967 0.000245377 0)
(0.0508959 -0.000453615 0)
(0.0423087 -0.00510526 0)
(0.027043 -0.00496913 0)
)
;

boundaryField
{
    movingWall
    {
        type            fixedValue;
        value           uniform (1 0 0);
    }
    fixedWalls
    {
        type            noSlip;
    }
    frontAndBack
    {
        type            empty;
    }
}


// ************************************************************************* //
