/*--------------------------------*- C++ -*----------------------------------*\
| =========                 |                                                 |
| \\      /  F ield         | OpenFOAM: The Open Source CFD Toolbox           |
|  \\    /   O peration     | Version:  5.x                                   |
|   \\  /    A nd           | Web:      www.OpenFOAM.org                      |
|    \\/     M anipulation  |                                                 |
\*---------------------------------------------------------------------------*/
FoamFile
{
    version     2.0;
    format      ascii;
    class       volVectorField;
    location    "6.1";
    object      U;
}
// * * * * * * * * * * * * * * * * * * * * * * * * * * * * * * * * * * * * * //

dimensions      [0 1 -1 0 0 0 0];

internalField   nonuniform List<vector> 
400
(
(-0.000598348 0.000617173 0)
(-0.00190621 0.000719236 0)
(-0.00348121 0.000932876 0)
(-0.00555663 0.00139214 0)
(-0.00859248 0.00240036 0)
(-0.0133428 0.00461311 0)
(-0.0214629 0.00793332 0)
(-0.035809 0.00653284 0)
(-0.0506117 -0.00442452 0)
(-0.0544206 -0.00868976 0)
(-0.0564301 0.00342795 0)
(-0.0644211 0.00924455 0)
(-0.0655148 -0.000932597 0)
(-0.0591276 -0.00405552 0)
(-0.0567054 0.00158488 0)
(-0.0540778 5.70609e-05 0)
(-0.0484944 -0.00438373 0)
(-0.0424828 -0.00630625 0)
(-0.0334396 -0.00950578 0)
(-0.00923068 -0.0159651 0)
(-0.00054555 0.00181054 0)
(-0.00171005 0.00206736 0)
(-0.00299959 0.00254776 0)
(-0.00443412 0.00347356 0)
(-0.00601241 0.00518698 0)
(-0.00749204 0.00825501 0)
(-0.00819266 0.0130791 0)
(-0.00894163 0.0180831 0)
(-0.0134486 0.0192688 0)
(-0.0230386 0.0155374 0)
(-0.0348114 0.00714311 0)
(-0.0402304 -0.000309184 0)
(-0.0402333 -0.00397605 0)
(-0.0404739 -0.00524362 0)
(-0.0380839 -0.00689604 0)
(-0.0311737 -0.009372 0)
(-0.0274642 -0.00997337 0)
(-0.0251673 -0.0123163 0)
(-0.0215664 -0.0194812 0)
(-0.00660677 -0.0357659 0)
(-0.000429813 0.00282613 0)
(-0.00133549 0.00316124 0)
(-0.00228092 0.00370114 0)
(-0.0032141 0.00463368 0)
(-0.00404252 0.00610862 0)
(-0.00450132 0.00832469 0)
(-0.00409475 0.011362 0)
(-0.00245662 0.0143719 0)
(-0.000581825 0.0156505 0)
(0.000184782 0.0156018 0)
(0.000102212 0.0146576 0)
(-0.000773099 0.0106896 0)
(-0.00355094 0.00389105 0)
(-0.00570199 -0.00279239 0)
(-0.00692332 -0.00726934 0)
(-0.00603736 -0.0100818 0)
(-0.00769657 -0.00924752 0)
(-0.00699716 -0.010472 0)
(-0.00908889 -0.0191507 0)
(-0.00302002 -0.0436953 0)
(-0.000301769 0.0035771 0)
(-0.000934385 0.00394654 0)
(-0.00155485 0.00446291 0)
(-0.00208475 0.00530387 0)
(-0.00243005 0.00652254 0)
(-0.00239367 0.00815537 0)
(-0.00169556 0.0101523 0)
(1.52351e-05 0.0121552 0)
(0.00266408 0.0134806 0)
(0.0056618 0.013492 0)
(0.00799252 0.0119075 0)
(0.00949064 0.00743397 0)
(0.00927783 0.00208332 0)
(0.00880092 -0.00262113 0)
(0.0062623 -0.0059001 0)
(0.00460557 -0.00842471 0)
(-4.99159e-05 -0.00926194 0)
(0.00133248 -0.0123319 0)
(-0.00436591 -0.0211479 0)
(0.0013157 -0.0469922 0)
(-0.000182279 0.00407714 0)
(-0.000569772 0.00445344 0)
(-0.000924285 0.00489971 0)
(-0.00116368 0.00559062 0)
(-0.00121099 0.00653001 0)
(-0.000920816 0.00768694 0)
(-0.000152845 0.00898411 0)
(0.0013008 0.0101723 0)
(0.0033937 0.010905 0)
(0.00596524 0.0106731 0)
(0.00827757 0.0093656 0)
(0.0103441 0.0066744 0)
(0.0107993 0.00349673 0)
(0.0106115 -0.000374055 0)
(0.00799642 -0.00279441 0)
(0.00700739 -0.00548257 0)
(0.00240805 -0.00642772 0)
(0.00408089 -0.00759522 0)
(-0.00247121 -0.0164786 0)
(-0.000145175 -0.0478582 0)
(-7.98722e-05 0.00435209 0)
(-0.000263096 0.00472894 0)
(-0.000414597 0.00509824 0)
(-0.000456532 0.00564501 0)
(-0.000338247 0.00634119 0)
(4.89859e-05 0.00713559 0)
(0.000763096 0.00794775 0)
(0.00192709 0.00858201 0)
(0.00342327 0.00886659 0)
(0.00528174 0.00842883 0)
(0.00687975 0.00740856 0)
(0.00847466 0.00532466 0)
(0.00860166 0.00320026 0)
(0.00899618 -3.15505e-05 0)
(0.006665 -0.0013017 0)
(0.00677606 -0.00400689 0)
(0.00239778 -0.00459316 0)
(0.00320874 -0.00789597 0)
(-0.00095747 -0.0177182 0)
(-0.000160707 -0.0506702 0)
(8.97107e-06 0.00443831 0)
(-6.94894e-06 0.00481594 0)
(-6.10424e-06 0.00511781 0)
(7.7612e-05 0.00553244 0)
(0.000275588 0.00604098 0)
(0.000680061 0.00655903 0)
(0.00128131 0.0070667 0)
(0.00220342 0.00734679 0)
(0.00324354 0.00743279 0)
(0.00459216 0.00688513 0)
(0.00559021 0.00618268 0)
(0.00683701 0.00438475 0)
(0.00679191 0.00333424 0)
(0.00744971 0.000404851 0)
(0.00528456 0.000302405 0)
(0.00611308 -0.00292573 0)
(0.00179044 -0.00257893 0)
(0.00435412 -0.00589899 0)
(-0.00193951 -0.0134239 0)
(0.00249828 -0.0484486 0)
(8.35277e-05 0.0043592 0)
(0.000202501 0.00476526 0)
(0.000304321 0.00503869 0)
(0.000467083 0.00541716 0)
(0.000690604 0.00579293 0)
(0.00107597 0.00617147 0)
(0.00155126 0.00646086 0)
(0.00229015 0.00654465 0)
(0.00296716 0.00653124 0)
(0.00400844 0.00593726 0)
(0.00446506 0.00551769 0)
(0.00558138 0.00392703 0)
(0.00488497 0.00353142 0)
(0.00616296 0.0009256 0)
(0.00326941 0.00140835 0)
(0.00550257 -0.00158255 0)
(0.000342884 -0.00075719 0)
(0.00406933 -0.0051786 0)
(-0.00248772 -0.0135797 0)
(0.0036039 -0.0536203 0)
(0.000174691 0.00416095 0)
(0.000428995 0.00462456 0)
(0.000640705 0.00485823 0)
(0.000828753 0.00508563 0)
(0.00102065 0.00536723 0)
(0.00134054 0.00552751 0)
(0.00164461 0.00574885 0)
(0.0022611 0.00567205 0)
(0.00263886 0.00568017 0)
(0.00354489 0.00504044 0)
(0.00362714 0.00487284 0)
(0.00477392 0.00328942 0)
(0.00389865 0.00348443 0)
(0.00542331 0.000622003 0)
(0.00260452 0.00198098 0)
(0.00522718 -0.00175354 0)
(-0.0003123 -0.000101618 0)
(0.00419788 -0.00460851 0)
(-0.00300952 -0.0132618 0)
(0.00386596 -0.0450055 0)
(0.000282393 0.00371666 0)
(0.000625824 0.00424804 0)
(0.000770031 0.00467317 0)
(0.000977887 0.00515741 0)
(0.00114599 0.00542405 0)
(0.00146754 0.00571423 0)
(0.00170759 0.00575671 0)
(0.00222761 0.00566096 0)
(0.00235736 0.00555283 0)
(0.00317578 0.00493383 0)
(0.00278732 0.00485166 0)
(0.00409616 0.00351796 0)
(0.00233139 0.00387864 0)
(0.00473154 0.00174261 0)
(0.000541971 0.00301887 0)
(0.00493626 0.000401329 0)
(-0.00178726 0.00175222 0)
(0.00418161 -0.00288351 0)
(-0.00496876 -0.0112289 0)
(0.00246571 -0.0527895 0)
(0.000449708 0.00332018 0)
(0.00109476 0.00438166 0)
(0.00152558 0.00454796 0)
(0.00158146 0.00457483 0)
(0.00155632 0.00471058 0)
(0.0016549 0.0045935 0)
(0.00157499 0.00475615 0)
(0.00203013 0.0045489 0)
(0.00191316 0.00458929 0)
(0.00280551 0.00398399 0)
(0.00222576 0.00406214 0)
(0.00375813 0.00273559 0)
(0.00206113 0.00331222 0)
(0.0046699 0.000903401 0)
(0.000930367 0.00258642 0)
(0.00511371 -0.000943869 0)
(-0.00206007 0.00142812 0)
(0.00462248 -0.00314152 0)
(-0.00543931 -0.0130018 0)
(0.00692074 -0.0516819 0)
(0.000996315 0.00201315 0)
(0.00142769 0.00283481 0)
(0.000951964 0.00407424 0)
(0.00115819 0.0052464 0)
(0.00124069 0.00559719 0)
(0.00156575 0.00606461 0)
(0.00168805 0.00582482 0)
(0.00208444 0.00567058 0)
(0.00181653 0.00535039 0)
(0.00263603 0.00482532 0)
(0.00161014 0.00469365 0)
(0.00322908 0.00371401 0)
(0.000666351 0.00411393 0)
(0.00382981 0.0026678 0)
(-0.00145553 0.00406096 0)
(0.00471086 0.00275815 0)
(-0.00410976 0.0035038 0)
(0.00586427 0.000657929 0)
(-0.00643606 -0.0102208 0)
(0.00582341 -0.0469789 0)
(0.00157851 0.000914381 0)
(0.00281703 0.00512989 0)
(0.00375911 0.00502933 0)
(0.00294256 0.00440602 0)
(0.00208825 0.00405906 0)
(0.00164937 0.00351798 0)
(0.00105912 0.00386675 0)
(0.00143572 0.0036673 0)
(0.00103109 0.00375271 0)
(0.00204117 0.00331943 0)
(0.00105493 0.00337311 0)
(0.00305005 0.00254574 0)
(0.000629769 0.00278193 0)
(0.0046093 0.00157855 0)
(-0.000392665 0.00187473 0)
(0.00612266 0.000209355 0)
(-0.00242617 0.000772708 0)
(0.00594935 -0.0021279 0)
(-0.00720786 -0.0146739 0)
(0.00590236 -0.0560268 0)
(0.00554937 -0.00247666 0)
(0.00377487 0.000209017 0)
(0.000896652 0.00374079 0)
(0.00213876 0.00648667 0)
(0.00212486 0.00714474 0)
(0.00230705 0.00784254 0)
(0.00218422 0.00663506 0)
(0.002321 0.00634081 0)
(0.00165695 0.00548257 0)
(0.00252647 0.00527372 0)
(0.000988248 0.00457491 0)
(0.00283073 0.00444778 0)
(-0.000132638 0.00375197 0)
(0.00286525 0.00381983 0)
(-0.00204949 0.00421156 0)
(0.00249128 0.00486037 0)
(-0.00603338 0.00512414 0)
(0.00777981 0.00525841 0)
(-0.00569962 -0.00770589 0)
(0.00775237 -0.0474779 0)
(0.0044399 -0.00849311 0)
(0.00723085 0.0113077 0)
(0.00437205 0.0065948 0)
(0.000138014 0.00431824 0)
(-0.00203873 0.00328308 0)
(-0.00174108 0.00244102 0)
(-0.00182966 0.00329791 0)
(-0.000882391 0.00307819 0)
(-0.000716463 0.00311051 0)
(0.000151447 0.00288192 0)
(-0.000232314 0.00279524 0)
(0.00108861 0.00244339 0)
(-0.000495154 0.00251387 0)
(0.00304388 0.00220728 0)
(-0.00256707 0.00149474 0)
(0.00817437 0.00235051 0)
(-0.00312418 -0.00434101 0)
(0.00746796 -0.00383899 0)
(-0.00780007 -0.0157626 0)
(0.00692449 -0.0550267 0)
(-0.00201505 -0.0180044 0)
(0.00440769 0.000376328 0)
(0.00569953 0.0101213 0)
(0.00810055 0.0113325 0)
(0.00920001 0.0091731 0)
(0.00685327 0.00879213 0)
(0.00649775 0.00632539 0)
(0.00612765 0.00639402 0)
(0.00432428 0.0051012 0)
(0.00559803 0.00574608 0)
(0.00234895 0.00429901 0)
(0.00576746 0.00562775 0)
(0.000470633 0.00248978 0)
(0.00697147 0.00673794 0)
(-0.00158617 0.000430923 0)
(0.00333981 0.00603261 0)
(-0.00522476 0.00789805 0)
(0.00791518 0.00963301 0)
(-0.00623503 -0.00421892 0)
(0.00876539 -0.0495098 0)
(-0.00289767 -0.00642809 0)
(-0.00947483 0.00715446 0)
(-0.0131787 -0.000583323 0)
(-0.00345174 0.00476584 0)
(-0.0117619 0.0042508 0)
(-0.00354569 0.00403277 0)
(-0.00862252 0.00389366 0)
(-0.00519782 0.00372816 0)
(-0.00640715 0.00344144 0)
(-0.00594525 0.00332197 0)
(-0.00468958 0.00254484 0)
(-0.00600597 0.00273542 0)
(-0.00261373 0.00143026 0)
(-0.00733971 0.00256422 0)
(-0.00157776 0.00475942 0)
(-0.0031626 0.00432554 0)
(-0.00706955 -0.0103693 0)
(0.0119941 -0.00366819 0)
(-0.00596035 -0.0195837 0)
(0.00814014 -0.052041 0)
(-0.0100863 -0.0109006 0)
(0.0107798 0.00990917 0)
(0.00651101 0.00588787 0)
(0.00387814 0.00797619 0)
(0.00874621 0.00889524 0)
(0.00785023 0.00729089 0)
(0.0105264 0.00706474 0)
(0.011528 0.0062122 0)
(0.0115945 0.00547732 0)
(0.0144518 0.00583122 0)
(0.0110657 0.00417984 0)
(0.0163887 0.00540819 0)
(0.00921375 0.00299312 0)
(0.0170459 0.00857762 0)
(0.0054109 -0.00389135 0)
(0.018814 0.0102575 0)
(0.00680677 -0.00294624 0)
(0.00797564 0.00751548 0)
(-0.00141599 0.00584444 0)
(0.0127873 -0.0468605 0)
(-0.0206709 -0.00479641 0)
(-0.0130886 -0.00475551 0)
(-0.0234837 0.00363886 0)
(-0.0146972 -0.000156696 0)
(-0.0203041 0.00185884 0)
(-0.0115228 4.56446e-05 0)
(-0.0188317 0.00148154 0)
(-0.00815965 0.000799356 0)
(-0.0179394 0.00095341 0)
(-0.00543639 0.0021668 0)
(-0.0159146 0.000718029 0)
(-0.00249849 0.00301644 0)
(-0.0137805 0.000884853 0)
(0.00120511 0.00536085 0)
(-0.0064296 0.000187895 0)
(-0.00557378 0.00643378 0)
(0.00640759 -0.00238688 0)
(-0.0102232 0.000369204 0)
(0.0172451 -0.0274909 0)
(0.0130186 -0.0486863 0)
(0.00214804 0.0179826 0)
(0.0132245 0.0141267 0)
(0.0127597 0.00760247 0)
(0.0205854 0.00753521 0)
(0.0233365 0.00588232 0)
(0.024791 0.0054498 0)
(0.0306262 0.00511406 0)
(0.0299728 0.00483915 0)
(0.0362228 0.00445649 0)
(0.0357217 0.00371859 0)
(0.0406944 0.00329839 0)
(0.0405063 0.00216045 0)
(0.0443222 0.00244196 0)
(0.044849 0.000485432 0)
(0.0478084 0.00271164 0)
(0.0495948 -0.000104696 0)
(0.0496347 0.00117772 0)
(0.0507862 -0.00090229 0)
(0.0433667 -0.00505719 0)
(0.0268002 -0.00485341 0)
)
;

boundaryField
{
    movingWall
    {
        type            fixedValue;
        value           uniform (1 0 0);
    }
    fixedWalls
    {
        type            noSlip;
    }
    frontAndBack
    {
        type            empty;
    }
}


// ************************************************************************* //
