/*--------------------------------*- C++ -*----------------------------------*\
| =========                 |                                                 |
| \\      /  F ield         | OpenFOAM: The Open Source CFD Toolbox           |
|  \\    /   O peration     | Version:  5.x                                   |
|   \\  /    A nd           | Web:      www.OpenFOAM.org                      |
|    \\/     M anipulation  |                                                 |
\*---------------------------------------------------------------------------*/
FoamFile
{
    version     2.0;
    format      ascii;
    class       volScalarField;
    location    "4.5";
    object      p;
}
// * * * * * * * * * * * * * * * * * * * * * * * * * * * * * * * * * * * * * //

dimensions      [0 2 -2 0 0 0 0];

internalField   nonuniform List<scalar> 
400
(
-4.00757e-11
2.92352e-08
1.82528e-07
4.53766e-07
8.97831e-07
1.58149e-06
2.60817e-06
4.12939e-06
6.37319e-06
9.67806e-06
1.45501e-05
2.17533e-05
3.24374e-05
4.81208e-05
7.04834e-05
0.000103396
0.000148226
0.000183677
0.000280094
0.00172676
-2.87193e-07
-2.80864e-07
-1.82281e-07
-2.23049e-09
3.01338e-07
7.74199e-07
1.48477e-06
2.52552e-06
4.01802e-06
6.11986e-06
9.01732e-06
1.28832e-05
1.77434e-05
2.28269e-05
2.41912e-05
1.29098e-05
-1.48699e-05
-5.88938e-05
-0.0003964
0.000625757
-9.51641e-07
-9.9379e-07
-1.0025e-06
-9.97953e-07
-9.62238e-07
-8.87963e-07
-7.7068e-07
-6.22585e-07
-4.9235e-07
-5.08601e-07
-9.75188e-07
-2.57176e-06
-6.74451e-06
-1.66551e-05
-3.98229e-05
-9.4082e-05
-0.000195986
-0.000264572
-0.00047414
-0.000101541
-1.88893e-06
-1.99833e-06
-2.15328e-06
-2.38399e-06
-2.70072e-06
-3.13978e-06
-3.7682e-06
-4.7113e-06
-6.19556e-06
-8.62884e-06
-1.27548e-05
-1.99381e-05
-3.26727e-05
-5.54576e-05
-9.57869e-05
-0.000169254
-0.000317204
-0.000462434
-0.000516882
-0.000445973
-2.99866e-06
-3.18696e-06
-3.50944e-06
-4.00341e-06
-4.70361e-06
-5.68431e-06
-7.07391e-06
-9.09233e-06
-1.21063e-05
-1.67251e-05
-2.39592e-05
-3.55155e-05
-5.42357e-05
-8.48171e-05
-0.000137501
-0.000211916
-0.000375749
-0.000574944
-0.000707647
-0.000655442
-4.15486e-06
-4.42893e-06
-4.92496e-06
-5.68221e-06
-6.74922e-06
-8.2232e-06
-1.02706e-05
-1.31641e-05
-1.73382e-05
-2.34805e-05
-3.26457e-05
-4.64737e-05
-6.80224e-05
-9.84764e-05
-0.00015614
-0.000215239
-0.000352797
-0.00051234
-0.000598681
-0.000556019
-5.2247e-06
-5.59569e-06
-6.26458e-06
-7.2722e-06
-8.65741e-06
-1.05233e-05
-1.30431e-05
-1.65013e-05
-2.13277e-05
-2.81882e-05
-3.80887e-05
-5.17819e-05
-7.44747e-05
-9.65062e-05
-0.000155639
-0.000194676
-0.000289529
-0.000356321
-0.000374608
-0.000352557
-6.07086e-06
-6.55838e-06
-7.39905e-06
-8.63771e-06
-1.02769e-05
-1.24013e-05
-1.51707e-05
-1.88378e-05
-2.3773e-05
-3.04567e-05
-4.03773e-05
-5.03608e-05
-7.50555e-05
-8.62454e-05
-0.000136395
-0.000160959
-0.000228248
-0.000262962
-0.000317596
-0.000291585
-6.54845e-06
-7.24361e-06
-8.26148e-06
-9.80815e-06
-1.16239e-05
-1.39058e-05
-1.66901e-05
-2.02483e-05
-2.48897e-05
-3.02593e-05
-4.07299e-05
-4.55112e-05
-7.01613e-05
-7.37132e-05
-0.00011257
-0.000122687
-0.00017372
-0.000181488
-0.000239867
-0.000200381
-6.49805e-06
-7.50226e-06
-8.68379e-06
-1.05445e-05
-1.24822e-05
-1.47604e-05
-1.74556e-05
-2.06219e-05
-2.49349e-05
-2.78764e-05
-3.88001e-05
-3.85923e-05
-6.01701e-05
-5.74753e-05
-8.80546e-05
-7.91564e-05
-0.000118289
-8.43696e-05
-9.99089e-05
-6.56396e-05
-5.68182e-06
-7.34746e-06
-8.80202e-06
-1.18703e-05
-1.36503e-05
-1.62821e-05
-1.84578e-05
-2.088e-05
-2.48856e-05
-2.51103e-05
-3.53677e-05
-3.22725e-05
-4.99129e-05
-4.14611e-05
-6.73466e-05
-4.65207e-05
-7.80415e-05
-2.81904e-05
-4.48523e-05
1.4986e-06
-3.98469e-06
-7.05678e-06
-8.72794e-06
-1.13697e-05
-1.33269e-05
-1.52212e-05
-1.75033e-05
-1.85512e-05
-2.28025e-05
-2.07735e-05
-3.00213e-05
-2.37649e-05
-3.90902e-05
-2.31471e-05
-4.93443e-05
-1.27178e-05
-5.36466e-05
1.10135e-05
-5.20859e-05
1.93144e-05
1.29318e-07
-3.95835e-06
-8.52127e-06
-1.32237e-05
-1.59887e-05
-1.90599e-05
-2.01089e-05
-2.11102e-05
-2.3157e-05
-2.0336e-05
-2.68879e-05
-1.83962e-05
-3.16223e-05
-1.29654e-05
-3.6148e-05
-6.75065e-08
-3.49381e-05
3.67202e-05
-3.25195e-05
6.48913e-05
3.84327e-06
-9.20313e-06
-9.60643e-06
-1.39e-05
-1.51718e-05
-1.60179e-05
-1.71637e-05
-1.66077e-05
-1.8039e-05
-1.4515e-05
-1.95934e-05
-9.1448e-06
-2.08943e-05
4.19837e-06
-2.08572e-05
3.40599e-05
-1.41468e-05
8.34346e-05
2.18214e-05
0.000111768
1.8629e-05
1.88419e-06
-7.54789e-06
-1.85081e-05
-2.20824e-05
-2.6066e-05
-2.45049e-05
-2.36308e-05
-2.1826e-05
-1.76726e-05
-2.07348e-05
-9.3114e-06
-1.87306e-05
3.36965e-06
-1.72751e-05
2.33935e-05
-9.85088e-06
6.33154e-05
-3.29549e-06
0.000104372
7.3809e-06
-3.48892e-05
-1.38865e-05
-2.6215e-05
-2.32383e-05
-1.89188e-05
-1.76185e-05
-1.57669e-05
-1.35366e-05
-9.54802e-06
-9.79785e-06
-1.61746e-07
-5.49651e-06
1.6624e-05
2.35852e-06
4.59158e-05
2.64356e-05
6.59966e-05
1.42928e-05
9.41917e-05
2.94458e-05
-5.88618e-05
-3.19969e-05
-4.67082e-05
-3.73534e-05
-3.8927e-05
-3.09547e-05
-2.78226e-05
-2.12553e-05
-1.84004e-05
-1.54543e-05
-9.03813e-06
-5.66283e-06
3.63335e-07
9.82166e-07
1.72387e-05
-3.25283e-05
4.41363e-05
-4.98137e-05
0.000116947
-1.8818e-05
-0.000172154
-5.33306e-05
-3.61669e-05
-3.34406e-05
-2.57931e-05
-2.21014e-05
-1.91104e-05
-1.1738e-05
-6.95134e-06
-5.77254e-07
4.92831e-06
7.175e-06
1.87417e-05
-8.16952e-07
1.04719e-05
6.93824e-05
7.53489e-05
0.00015551
0.00028602
6.61336e-05
-6.65658e-05
-3.49682e-05
-2.31049e-05
-1.55145e-05
-1.16216e-05
-2.53447e-05
-3.06531e-05
-1.61424e-05
-1.76448e-05
-1.6796e-05
-1.78756e-05
-7.64206e-06
7.28127e-06
1.63945e-06
-3.49075e-05
2.17232e-05
5.08847e-05
2.23558e-05
0.000586333
-7.156e-05
-4.99177e-05
2.13119e-05
-4.86927e-05
1.49751e-06
3.72406e-06
-3.53137e-06
-8.00533e-07
6.18972e-06
7.9121e-06
7.63287e-06
7.19501e-06
1.43764e-05
3.57922e-05
5.04071e-05
6.99679e-05
4.495e-05
0.000296284
0.000697012
0.00188585
)
;

boundaryField
{
    movingWall
    {
        type            zeroGradient;
    }
    fixedWalls
    {
        type            zeroGradient;
    }
    frontAndBack
    {
        type            empty;
    }
}


// ************************************************************************* //
