/*--------------------------------*- C++ -*----------------------------------*\
| =========                 |                                                 |
| \\      /  F ield         | OpenFOAM: The Open Source CFD Toolbox           |
|  \\    /   O peration     | Version:  5.x                                   |
|   \\  /    A nd           | Web:      www.OpenFOAM.org                      |
|    \\/     M anipulation  |                                                 |
\*---------------------------------------------------------------------------*/
FoamFile
{
    version     2.0;
    format      ascii;
    class       surfaceScalarField;
    location    "4.5";
    object      phi;
}
// * * * * * * * * * * * * * * * * * * * * * * * * * * * * * * * * * * * * * //

dimensions      [0 3 -1 0 0 0 0];

internalField   nonuniform List<scalar> 
760
(
-1.72175e-08
1.72175e-08
-3.57987e-08
1.85812e-08
-5.5288e-08
1.94893e-08
-7.62187e-08
2.09308e-08
-9.91909e-08
2.29722e-08
-1.24934e-07
2.57427e-08
-1.54372e-07
2.94384e-08
-1.88726e-07
3.43542e-08
-2.29638e-07
4.09118e-08
-2.79384e-07
4.97461e-08
-3.41211e-07
6.18271e-08
-4.19868e-07
7.86571e-08
-5.22495e-07
1.02627e-07
-6.6033e-07
1.37835e-07
-8.52345e-07
1.92016e-07
-1.12694e-06
2.74593e-07
-1.49211e-06
3.65169e-07
-1.84111e-06
3.49002e-07
-1.77921e-06
-6.18959e-08
-1.77921e-06
-1.79997e-08
3.52172e-08
-3.73856e-08
3.79671e-08
-5.76486e-08
3.97522e-08
-7.9293e-08
4.25752e-08
-1.0288e-07
4.6559e-08
-1.29081e-07
5.19435e-08
-1.58733e-07
5.90906e-08
-1.92913e-07
6.85349e-08
-2.3306e-07
8.10585e-08
-2.81132e-07
9.7818e-08
-3.39856e-07
1.20551e-07
-4.13121e-07
1.51922e-07
-5.06596e-07
1.96102e-07
-6.28552e-07
2.5979e-07
-7.90307e-07
3.53771e-07
-1.00327e-06
4.87557e-07
-1.24537e-06
6.07267e-07
-1.31384e-06
4.17476e-07
-8.77761e-07
-4.97978e-07
-2.65697e-06
-1.71875e-08
5.24047e-08
-3.5723e-08
5.65026e-08
-5.50505e-08
5.90798e-08
-7.56091e-08
6.31338e-08
-9.78723e-08
6.88221e-08
-1.2239e-07
7.64611e-08
-1.49827e-07
8.65282e-08
-1.81016e-07
9.97231e-08
-2.17016e-07
1.17058e-07
-2.59199e-07
1.40001e-07
-3.09346e-07
1.70698e-07
-3.69763e-07
2.12339e-07
-4.43367e-07
2.69705e-07
-5.33241e-07
3.49664e-07
-6.38235e-07
4.58766e-07
-7.45592e-07
5.94914e-07
-8.34983e-07
6.96658e-07
-8.1456e-07
3.97052e-07
-3.17744e-07
-9.94794e-07
-2.97472e-06
-1.59062e-08
6.83109e-08
-3.31074e-08
7.37038e-08
-5.09905e-08
7.69629e-08
-6.99042e-08
8.20475e-08
-9.02027e-08
8.91205e-08
-1.12273e-07
9.85315e-08
-1.36557e-07
1.10812e-07
-1.63569e-07
1.26735e-07
-1.93916e-07
1.47406e-07
-2.28297e-07
1.74382e-07
-2.67457e-07
2.09858e-07
-3.12077e-07
2.56958e-07
-3.62403e-07
3.20032e-07
-4.17959e-07
4.0522e-07
-4.76884e-07
5.17691e-07
-5.14765e-07
6.32795e-07
-5.25385e-07
7.07278e-07
-4.80716e-07
3.52384e-07
-2.97619e-07
-1.17789e-06
-3.27234e-06
-1.42731e-08
8.2584e-08
-2.97937e-08
8.92243e-08
-4.58836e-08
9.30528e-08
-6.27892e-08
9.89531e-08
-8.07263e-08
1.07058e-07
-9.98994e-08
1.17705e-07
-1.20505e-07
1.31417e-07
-1.42726e-07
1.48956e-07
-1.66696e-07
1.71376e-07
-1.92438e-07
2.00124e-07
-2.19702e-07
2.37122e-07
-2.47788e-07
2.85044e-07
-2.75149e-07
3.47394e-07
-2.96677e-07
4.26747e-07
-3.13396e-07
5.3441e-07
-2.96233e-07
6.15632e-07
-2.42782e-07
6.53827e-07
-1.42527e-07
2.52129e-07
-5.19265e-08
-1.26849e-06
-3.32426e-06
-1.2341e-08
9.4925e-08
-2.59115e-08
1.02795e-07
-3.99667e-08
1.07108e-07
-5.4645e-08
1.13631e-07
-7.00191e-08
1.22432e-07
-8.61027e-08
1.33788e-07
-1.02855e-07
1.4817e-07
-1.20154e-07
1.66254e-07
-1.37738e-07
1.88961e-07
-1.55125e-07
2.17511e-07
-1.71378e-07
2.53375e-07
-1.84437e-07
2.98103e-07
-1.93483e-07
3.5644e-07
-1.82846e-07
4.16111e-07
-1.68793e-07
5.20357e-07
-1.09955e-07
5.56794e-07
-1.68723e-08
5.60744e-07
1.02815e-07
1.32442e-07
2.09725e-07
-1.3754e-06
-3.11454e-06
-1.01231e-08
1.05048e-07
-2.15515e-08
1.14223e-07
-3.34257e-08
1.18982e-07
-4.58142e-08
1.2602e-07
-5.8602e-08
1.3522e-07
-7.16236e-08
1.4681e-07
-8.46042e-08
1.61151e-07
-9.7162e-08
1.78812e-07
-1.087e-07
2.00498e-07
-1.18308e-07
2.2712e-07
-1.25038e-07
2.60104e-07
-1.23489e-07
2.96554e-07
-1.20393e-07
3.53344e-07
-9.21448e-08
3.87862e-07
-5.61864e-08
4.84399e-07
9.52677e-09
4.91081e-07
1.00897e-07
4.69374e-07
1.70045e-07
6.32933e-08
1.04048e-07
-1.3094e-06
-3.01049e-06
-7.62976e-09
1.12678e-07
-1.67842e-08
1.23378e-07
-2.64341e-08
1.28632e-07
-3.65794e-08
1.36165e-07
-4.69446e-08
1.45585e-07
-5.71448e-08
1.5701e-07
-6.67572e-08
1.70763e-07
-7.523e-08
1.87285e-07
-8.18796e-08
2.07148e-07
-8.51214e-08
2.30362e-07
-8.63547e-08
2.61338e-07
-7.51469e-08
2.85347e-07
-6.40749e-08
3.42272e-07
-3.1963e-08
3.5575e-07
1.68789e-08
4.35557e-07
8.34905e-08
4.24469e-07
1.50416e-07
4.02449e-07
1.98098e-07
1.56109e-08
4.84641e-08
-1.15977e-06
-2.96203e-06
-4.5542e-09
1.17232e-07
-1.14449e-08
1.30268e-07
-1.87302e-08
1.35917e-07
-2.71786e-08
1.44614e-07
-3.54038e-08
1.5381e-07
-4.33191e-08
1.64925e-07
-5.00238e-08
1.77468e-07
-5.49552e-08
1.92216e-07
-5.759e-08
2.09783e-07
-5.44328e-08
2.27204e-07
-5.05863e-08
2.57491e-07
-3.50073e-08
2.69768e-07
-1.28748e-08
3.20139e-07
1.92406e-08
3.23635e-07
6.70974e-08
3.877e-07
1.34768e-07
3.56799e-07
1.968e-07
3.40417e-07
2.31099e-07
-1.86881e-08
1.60665e-07
-1.08934e-06
-2.80136e-06
-1.31752e-09
1.1855e-07
-5.87799e-09
1.34829e-07
-1.11542e-08
1.41194e-07
-1.7772e-08
1.51231e-07
-2.4236e-08
1.60274e-07
-3.01603e-08
1.7085e-07
-3.47771e-08
1.82084e-07
-3.70491e-08
1.94488e-07
-3.76605e-08
2.10394e-07
-3.25669e-08
2.22111e-07
-2.55482e-08
2.50472e-07
-1.20048e-08
2.56224e-07
1.16497e-08
2.96485e-07
4.09285e-08
2.94356e-07
8.46488e-08
3.4398e-07
1.40278e-07
3.01169e-07
1.93046e-07
2.87649e-07
2.17096e-07
-4.27373e-08
1.31794e-07
-1.00404e-06
-2.66957e-06
5.42965e-09
1.1312e-07
3.59536e-09
1.36663e-07
-6.3334e-12
1.44795e-07
-7.41952e-09
1.58645e-07
-1.36147e-08
1.66469e-07
-2.01629e-08
1.77398e-07
-2.32682e-08
1.8519e-07
-2.33361e-08
1.94556e-07
-2.04671e-08
2.07525e-07
-1.34279e-08
2.15072e-07
9.25817e-10
2.36119e-07
1.57752e-08
2.41375e-07
4.14902e-08
2.7077e-07
7.4168e-08
2.61679e-07
1.10156e-07
3.07992e-07
1.56646e-07
2.54679e-07
1.82875e-07
2.6142e-07
1.67982e-07
-2.78438e-08
1.17896e-08
-8.47843e-07
-2.65778e-06
9.73004e-09
1.0339e-07
6.89089e-09
1.39502e-07
3.10213e-09
1.48584e-07
-4.04434e-10
1.62151e-07
-4.49513e-09
1.7056e-07
-7.25276e-09
1.80155e-07
-9.09378e-09
1.87031e-07
-9.34342e-09
1.94806e-07
-5.62539e-09
2.03807e-07
-1.77182e-09
2.11218e-07
9.96168e-09
2.24385e-07
2.06087e-08
2.30728e-07
4.10289e-08
2.5035e-07
5.82374e-08
2.4447e-07
9.09582e-08
2.75271e-07
1.17075e-07
2.28563e-07
1.46214e-07
2.3228e-07
1.56042e-07
-3.76718e-08
3.2492e-08
-7.24293e-07
-2.62529e-06
3.40198e-08
6.93701e-08
4.00177e-08
1.33504e-07
3.55367e-08
1.53065e-07
1.82367e-08
1.79451e-07
5.18808e-09
1.83608e-07
-6.36025e-09
1.91704e-07
-9.87434e-09
1.90545e-07
-9.21369e-09
1.94145e-07
-1.64072e-09
1.96234e-07
6.99514e-09
2.02582e-07
2.37061e-08
2.07674e-07
4.07975e-08
2.13636e-07
6.66672e-08
2.2448e-07
9.44828e-08
2.16654e-07
1.26906e-07
2.42848e-07
1.57599e-07
1.9787e-07
1.77809e-07
2.1207e-07
1.29455e-07
1.06819e-08
6.77918e-08
-6.6263e-07
-2.55749e-06
4.35621e-08
2.5808e-08
1.60048e-08
1.61062e-07
8.41515e-09
1.60655e-07
1.19872e-08
1.75879e-07
1.05854e-08
1.8501e-07
1.02908e-08
1.91998e-07
1.01189e-08
1.90717e-07
1.06846e-08
1.9358e-07
1.54056e-08
1.91513e-07
2.07671e-08
1.97221e-07
2.99316e-08
1.9851e-07
3.659e-08
2.06978e-07
5.16251e-08
2.09445e-07
4.7895e-08
2.20384e-07
7.32347e-08
2.17508e-07
5.18153e-08
2.19289e-07
1.07345e-07
1.56541e-07
1.10845e-07
7.18191e-09
4.83503e-08
-6.00135e-07
-2.50914e-06
1.31413e-07
-1.05605e-07
1.29869e-07
1.62606e-07
9.79379e-08
1.92586e-07
3.3449e-08
2.40368e-07
-4.6763e-09
2.23135e-07
-2.58095e-08
2.13132e-07
-2.75735e-08
1.92481e-07
-2.2045e-08
1.88051e-07
-9.31939e-09
1.78788e-07
2.72561e-09
1.85176e-07
2.44489e-08
1.76786e-07
3.99517e-08
1.91475e-07
6.94206e-08
1.79976e-07
8.68907e-08
2.02914e-07
1.34151e-07
1.70247e-07
1.43387e-07
2.10054e-07
1.60403e-07
1.39525e-07
3.00021e-08
1.37583e-07
-3.75566e-08
-5.32576e-07
-2.5467e-06
2.25886e-07
-3.31491e-07
1.21447e-07
2.67045e-07
1.30629e-07
1.83403e-07
1.28857e-07
2.42141e-07
1.00096e-07
2.51896e-07
7.44378e-08
2.3879e-07
6.26264e-08
2.04292e-07
5.61625e-08
1.94515e-07
5.87247e-08
1.76226e-07
6.39378e-08
1.79963e-07
7.10521e-08
1.69672e-07
7.58897e-08
1.86638e-07
8.75561e-08
1.68309e-07
6.82174e-08
2.22253e-07
5.54299e-08
1.83035e-07
-1.2834e-08
2.78318e-07
9.42615e-08
3.24292e-08
5.32468e-08
1.78598e-07
3.51753e-08
-5.14505e-07
-2.51153e-06
1.34179e-07
-4.6567e-07
-1.26636e-07
5.2786e-07
-2.77426e-07
3.34194e-07
-2.9693e-07
2.61645e-07
-2.91796e-07
2.46762e-07
-2.51308e-07
1.98302e-07
-2.11961e-07
1.64945e-07
-1.76956e-07
1.5951e-07
-1.39142e-07
1.38411e-07
-1.12867e-07
1.53688e-07
-8.11484e-08
1.37954e-07
-5.47814e-08
1.60271e-07
-2.56532e-08
1.39181e-07
-1.90979e-08
2.15698e-07
6.75567e-08
9.63803e-08
-6.72808e-09
3.52602e-07
1.42224e-07
-1.16522e-07
1.16696e-07
2.04125e-07
3.96027e-08
-4.37411e-07
-2.47192e-06
2.81794e-09
-4.68488e-07
3.99405e-07
1.31272e-07
4.14231e-07
3.19368e-07
4.5886e-07
2.17015e-07
5.20623e-07
1.84999e-07
5.30654e-07
1.88271e-07
5.53168e-07
1.42431e-07
5.26992e-07
1.85686e-07
5.3054e-07
1.34863e-07
4.92568e-07
1.91659e-07
4.77013e-07
1.5351e-07
4.452e-07
1.92083e-07
4.33827e-07
1.50555e-07
4.29792e-07
2.19732e-07
4.5113e-07
7.50421e-08
3.20058e-07
4.83675e-07
2.53962e-07
-5.04272e-08
1.57708e-07
3.0038e-07
2.52388e-07
-5.32092e-07
-2.21953e-06
-8.51554e-07
3.83066e-07
-9.69505e-07
2.49223e-07
-8.83074e-07
2.32938e-07
-8.50732e-07
1.84673e-07
-8.1591e-07
1.50178e-07
-7.8696e-07
1.59321e-07
-7.90487e-07
1.45958e-07
-7.43781e-07
1.3898e-07
-7.09395e-07
1.00477e-07
-6.49003e-07
1.31268e-07
-6.11223e-07
1.15729e-07
-5.25572e-07
1.06431e-07
-4.62021e-07
8.70046e-08
-3.36081e-07
9.37918e-08
-3.32442e-07
7.14037e-08
-2.86635e-08
1.79896e-07
1.09158e-08
-9.00065e-08
3.01461e-07
9.8344e-09
6.63867e-07
-8.94498e-07
-1.55567e-06
3.83066e-07
6.32289e-07
8.65227e-07
1.0499e-06
1.20008e-06
1.3594e-06
1.50536e-06
1.64434e-06
1.74481e-06
1.87608e-06
1.99181e-06
2.09824e-06
2.18525e-06
2.27904e-06
2.35044e-06
2.53034e-06
2.44033e-06
2.45017e-06
1.55567e-06
)
;

boundaryField
{
    movingWall
    {
        type            calculated;
        value           uniform 0;
    }
    fixedWalls
    {
        type            calculated;
        value           uniform 0;
    }
    frontAndBack
    {
        type            empty;
        value           nonuniform 0();
    }
}


// ************************************************************************* //
