/*--------------------------------*- C++ -*----------------------------------*\
| =========                 |                                                 |
| \\      /  F ield         | OpenFOAM: The Open Source CFD Toolbox           |
|  \\    /   O peration     | Version:  5.x                                   |
|   \\  /    A nd           | Web:      www.OpenFOAM.org                      |
|    \\/     M anipulation  |                                                 |
\*---------------------------------------------------------------------------*/
FoamFile
{
    version     2.0;
    format      ascii;
    class       volVectorField;
    location    "4.5";
    object      U;
}
// * * * * * * * * * * * * * * * * * * * * * * * * * * * * * * * * * * * * * //

dimensions      [0 1 -1 0 0 0 0];

internalField   nonuniform List<vector> 
400
(
(-0.00016825 0.00017016 0)
(-0.000525867 0.000183728 0)
(-0.000908616 0.000192893 0)
(-0.00131078 0.000207425 0)
(-0.00174839 0.000227982 0)
(-0.0022335 0.000255829 0)
(-0.00278269 0.000292877 0)
(-0.00341704 0.000341997 0)
(-0.0041647 0.000407605 0)
(-0.00506408 0.000496256 0)
(-0.00616919 0.000617777 0)
(-0.00755781 0.000787287 0)
(-0.00934344 0.00102858 0)
(-0.0117025 0.00138168 0)
(-0.0149501 0.00192063 0)
(-0.0195064 0.0027468 0)
(-0.0257857 0.00378582 0)
(-0.0351061 0.00424296 0)
(-0.0448643 0.00061422 0)
(-0.0166677 -0.02347 0)
(-0.000175913 0.000523256 0)
(-0.000549475 0.000564338 0)
(-0.000948197 0.000591424 0)
(-0.00136526 0.000634345 0)
(-0.00181624 0.000695001 0)
(-0.00231219 0.000777099 0)
(-0.00286825 0.000886219 0)
(-0.00350321 0.00103065 0)
(-0.00424176 0.00122272 0)
(-0.00511711 0.00148071 0)
(-0.00617493 0.00183211 0)
(-0.00747923 0.00231929 0)
(-0.00911894 0.00300911 0)
(-0.0112195 0.00401347 0)
(-0.0140148 0.00553152 0)
(-0.0178433 0.00777534 0)
(-0.0222112 0.0100084 0)
(-0.0252455 0.00834847 0)
(-0.0338693 -0.00425793 0)
(0.00531232 -0.054355 0)
(-0.000167761 0.000877979 0)
(-0.000524788 0.000946447 0)
(-0.000905719 0.00099019 0)
(-0.00130268 0.00105921 0)
(-0.00172969 0.00115636 0)
(-0.00219573 0.00128727 0)
(-0.00271303 0.00146044 0)
(-0.0032962 0.00168835 0)
(-0.00396376 0.00198916 0)
(-0.00473929 0.00238942 0)
(-0.00565317 0.00292851 0)
(-0.00674461 0.00366599 0)
(-0.00805927 0.00469354 0)
(-0.00963177 0.00615252 0)
(-0.0115246 0.00823905 0)
(-0.0140246 0.0110571 0)
(-0.0167792 0.0133002 0)
(-0.0145287 0.00838133 0)
(-0.0217188 -0.0138088 0)
(0.0114847 -0.0556071 0)
(-0.000154924 0.00120918 0)
(-0.000485892 0.00130406 0)
(-0.000839127 0.00136257 0)
(-0.00120535 0.00145429 0)
(-0.00159643 0.00158247 0)
(-0.00201857 0.00175384 0)
(-0.0024801 0.00197862 0)
(-0.00299027 0.00227172 0)
(-0.00355987 0.0026546 0)
(-0.00420114 0.00315803 0)
(-0.0049272 0.00382635 0)
(-0.00575082 0.00472423 0)
(-0.00667945 0.0059459 0)
(-0.00769939 0.00762225 0)
(-0.00873547 0.0098743 0)
(-0.00984806 0.0124717 0)
(-0.0117143 0.0142171 0)
(-0.00890399 0.00729049 0)
(-0.0112262 -0.0235865 0)
(0.000302413 -0.0607257 0)
(-0.000138527 0.00151157 0)
(-0.000436457 0.00163179 0)
(-0.000755068 0.00170278 0)
(-0.00108344 0.00181294 0)
(-0.00143102 0.00196532 0)
(-0.00180075 0.00216685 0)
(-0.00219671 0.0024282 0)
(-0.00262231 0.00276485 0)
(-0.00308035 0.00319862 0)
(-0.00357178 0.00375982 0)
(-0.00409357 0.00449014 0)
(-0.00463589 0.00544768 0)
(-0.00517505 0.00671367 0)
(-0.00565993 0.00837783 0)
(-0.00606382 0.0105806 0)
(-0.00581928 0.0126088 0)
(-0.00669987 0.0137408 0)
(-0.00354108 0.00599465 0)
(-0.0025936 -0.0260977 0)
(0.00105061 -0.0699512 0)
(-0.000119049 0.00177826 0)
(-0.000378257 0.00192323 0)
(-0.00065718 0.00200469 0)
(-0.000943087 0.00212929 0)
(-0.0012429 0.00229889 0)
(-0.00155621 0.00251991 0)
(-0.00188285 0.0028023 0)
(-0.00222095 0.0031607 0)
(-0.00256656 0.00361517 0)
(-0.00291223 0.00419297 0)
(-0.00324353 0.00492949 0)
(-0.00353379 0.00586858 0)
(-0.00375504 0.00709367 0)
(-0.003748 0.00853343 0)
(-0.00381111 0.0106549 0)
(-0.00239232 0.0119085 0)
(-0.00243561 0.0123945 0)
(0.00154443 0.00412617 0)
(0.0022381 -0.0257741 0)
(0.00696369 -0.0631997 0)
(-9.64493e-05 0.0020037 0)
(-0.000312188 0.00217324 0)
(-0.000548207 0.00226388 0)
(-0.000789525 0.00239914 0)
(-0.00104077 0.00257978 0)
(-0.00129788 0.00281002 0)
(-0.00155671 0.00309878 0)
(-0.00181066 0.00345815 0)
(-0.00205003 0.0039046 0)
(-0.00226082 0.0044588 0)
(-0.00242436 0.00515058 0)
(-0.00248035 0.00596765 0)
(-0.0025255 0.00710845 0)
(-0.00198872 0.00808185 0)
(-0.00203669 0.0100431 0)
(0.000127923 0.0105175 0)
(0.000157496 0.0103887 0)
(0.0037865 0.0018343 0)
(0.00281521 -0.0266698 0)
(0.00177199 -0.0583604 0)
(-7.0721e-05 0.00218162 0)
(-0.00023877 0.00238122 0)
(-0.000430582 0.00248082 0)
(-0.000627466 0.00262911 0)
(-0.000832311 0.00281475 0)
(-0.00103766 0.00304657 0)
(-0.00123536 0.00332785 0)
(-0.00141605 0.00367157 0)
(-0.00156711 0.00408981 0)
(-0.00166729 0.00459388 0)
(-0.00173739 0.00523997 0)
(-0.00156692 0.00587034 0)
(-0.00164431 0.00701852 0)
(-0.000650022 0.00756695 0)
(-0.000842964 0.00937875 0)
(0.00165745 0.00937204 0)
(0.00133061 0.00889931 0)
(0.00503107 0.00073507 0)
(0.00235517 -0.0251752 0)
(-0.000118693 -0.060864 0)
(-3.59723e-05 0.0023075 0)
(-0.000152 0.00253577 0)
(-0.000299965 0.00264572 0)
(-0.000455999 0.00279633 0)
(-0.000624097 0.00298724 0)
(-0.000785681 0.00320968 0)
(-0.000933001 0.00347845 0)
(-0.0010504 0.00379318 0)
(-0.00113074 0.00417114 0)
(-0.001114 0.00457989 0)
(-0.00116111 0.00518542 0)
(-0.000700411 0.00554768 0)
(-0.000873079 0.00659257 0)
(0.00048556 0.00671919 0)
(0.000137218 0.00812062 0)
(0.00284381 0.00762771 0)
(0.00208457 0.00727714 0)
(0.00636173 -0.00022893 0)
(0.00206856 -0.0225144 0)
(0.00499235 -0.0584502 0)
(1.03871e-06 0.00235931 0)
(-5.86074e-05 0.00267066 0)
(-0.000169429 0.00278767 0)
(-0.000286196 0.00302484 0)
(-0.000417444 0.00319127 0)
(-0.000545541 0.00342753 0)
(-0.000650437 0.00364475 0)
(-0.000722138 0.00391587 0)
(-0.000779637 0.00423949 0)
(-0.00064592 0.00453798 0)
(-0.000768697 0.005134 0)
(-0.000120808 0.00533688 0)
(-0.000467553 0.0063018 0)
(0.00104547 0.00636372 0)
(0.000353742 0.00760339 0)
(0.00341089 0.00696095 0)
(0.00162448 0.00657688 0)
(0.0067874 -0.000384535 0)
(0.00119736 -0.0205156 0)
(0.00459495 -0.0531419 0)
(0.000101924 0.00236405 0)
(0.000101758 0.00270027 0)
(5.16007e-05 0.00283454 0)
(-5.35441e-05 0.00294889 0)
(-0.00022651 0.00315119 0)
(-0.000336754 0.00331121 0)
(-0.000450863 0.00355919 0)
(-0.00046127 0.00377766 0)
(-0.000518027 0.00410711 0)
(-0.000225287 0.00429341 0)
(-0.000393067 0.00480527 0)
(0.000453768 0.00486647 0)
(5.76576e-05 0.00553513 0)
(0.00182278 0.0052942 0)
(0.000801945 0.00618797 0)
(0.00406635 0.00487435 0)
(0.00155444 0.00508545 0)
(0.00648844 -0.00136578 0)
(-0.000405246 -0.0187916 0)
(0.00105689 -0.0526929 0)
(0.000153953 0.00210768 0)
(0.000206862 0.00272149 0)
(8.55228e-05 0.00299468 0)
(2.97657e-05 0.00350613 0)
(-4.32692e-05 0.00362305 0)
(-0.000130414 0.00394101 0)
(-0.000173201 0.00398525 0)
(-0.000162614 0.00416502 0)
(-0.000252978 0.00431802 0)
(7.30234e-05 0.00445349 0)
(-0.000175348 0.00478041 0)
(0.000658869 0.00491923 0)
(1.90533e-05 0.00545205 0)
(0.0018654 0.00540116 0)
(0.00011615 0.00629228 0)
(0.00402535 0.00566419 0)
(4.06343e-06 0.00544962 0)
(0.00666525 0.000241161 0)
(-0.00131369 -0.0155212 0)
(0.00295752 -0.0536674 0)
(0.000515308 0.00209208 0)
(0.000797681 0.00302674 0)
(0.000813096 0.0029472 0)
(0.000571776 0.00287 0)
(0.00018494 0.00305582 0)
(7.93432e-06 0.00306343 0)
(-0.000245535 0.00331638 0)
(-0.000147028 0.00341925 0)
(-0.000253542 0.00366081 0)
(0.000209398 0.00380753 0)
(1.20758e-05 0.00404042 0)
(0.00106727 0.00414431 0)
(0.00035702 0.00439804 0)
(0.00262082 0.00412778 0)
(0.000724111 0.00455022 0)
(0.00492402 0.00303149 0)
(0.000634911 0.00365538 0)
(0.00741439 -0.00191502 0)
(-0.00313377 -0.014292 0)
(0.00643942 -0.0518726 0)
(0.000935986 0.000562307 0)
(0.000660192 0.00206098 0)
(5.15712e-05 0.00308086 0)
(0.000251603 0.00444642 0)
(0.00025168 0.00448725 0)
(0.000181878 0.00487731 0)
(0.000211337 0.00454602 0)
(0.000219464 0.00461016 0)
(0.000170555 0.00442304 0)
(0.000508877 0.00453142 0)
(0.000222974 0.00448831 0)
(0.00112331 0.00463182 0)
(0.000132876 0.00480542 0)
(0.00223137 0.00485481 0)
(-0.000671086 0.0054095 0)
(0.00412163 0.00539408 0)
(-0.00256551 0.00506473 0)
(0.00767879 0.00248126 0)
(-0.00409086 -0.0111595 0)
(0.0065275 -0.0497393 0)
(0.00213653 0.000610826 0)
(0.00288104 0.00482935 0)
(0.00245193 0.00353463 0)
(0.00133923 0.00250251 0)
(6.91383e-05 0.00269217 0)
(-0.00027924 0.00246609 0)
(-0.0006971 0.0027827 0)
(-0.000436367 0.00281794 0)
(-0.000452292 0.00295601 0)
(0.000118873 0.00307729 0)
(-4.62527e-05 0.00317376 0)
(0.00115619 0.00337762 0)
(0.000236082 0.00328889 0)
(0.00286251 0.00359644 0)
(0.000184656 0.00294953 0)
(0.005787 0.0027964 0)
(-0.000777753 0.00082044 0)
(0.00808829 -0.00230522 0)
(-0.00733292 -0.0138445 0)
(0.00628063 -0.0511537 0)
(0.00506404 -0.00516743 0)
(0.00329296 0.00123578 0)
(0.00203819 0.00408409 0)
(0.00284769 0.00733333 0)
(0.00247651 0.00652415 0)
(0.00160827 0.00649031 0)
(0.00130936 0.00527636 0)
(0.00120937 0.00506086 0)
(0.00100842 0.0045116 0)
(0.00141506 0.00465349 0)
(0.00101296 0.00421202 0)
(0.00201328 0.00459865 0)
(0.000770533 0.00421019 0)
(0.00306514 0.00493389 0)
(-0.000698419 0.00421731 0)
(0.00328895 0.00620287 0)
(-0.00397323 0.00535718 0)
(0.00828317 0.00816823 0)
(-0.00664344 -0.00631632 0)
(0.00843034 -0.051204 0)
(0.00196589 -0.00730336 0)
(0.00265591 0.0101934 0)
(-0.00711108 0.00336253 0)
(-0.00456805 0.00190563 0)
(-0.00687435 0.00315571 0)
(-0.00512523 0.00252729 0)
(-0.00466486 0.00248029 0)
(-0.00396837 0.00232846 0)
(-0.00298873 0.00219398 0)
(-0.0026804 0.00217634 0)
(-0.00186842 0.00222071 0)
(-0.00127334 0.00248499 0)
(-0.00100315 0.0022154 0)
(3.93402e-05 0.00343403 0)
(-0.00088852 0.00281441 0)
(0.00394091 0.00429574 0)
(-0.00436225 -0.00447101 0)
(0.0109805 -0.00155491 0)
(-0.00731492 -0.016187 0)
(0.00947899 -0.0518515 0)
(-0.00972202 -0.0126639 0)
(0.00962206 0.00911973 0)
(0.0080837 0.0094287 0)
(0.00764476 0.0089035 0)
(0.0102951 0.00686983 0)
(0.0107382 0.0057709 0)
(0.010554 0.00446094 0)
(0.0113192 0.00440628 0)
(0.0100385 0.00363654 0)
(0.0109627 0.00434173 0)
(0.0088597 0.0036774 0)
(0.0102181 0.00435474 0)
(0.00732788 0.0036904 0)
(0.0105717 0.0057099 0)
(0.00591124 0.00111408 0)
(0.0120033 0.0104524 0)
(0.00156637 0.000654243 0)
(0.00779576 0.0103768 0)
(-0.00124354 0.00100196 0)
(0.0123001 -0.0476132 0)
(-0.0226898 -0.00427149 0)
(-0.0136286 -0.00297365 0)
(-0.0232588 0.00349297 0)
(-0.0123462 0.000202892 0)
(-0.0216386 0.000755892 0)
(-0.0112173 0.00159846 0)
(-0.0205922 0.000901815 0)
(-0.0111159 0.00254973 0)
(-0.0179591 0.00143226 0)
(-0.0110597 0.00283763 0)
(-0.0144828 0.00199003 0)
(-0.0102831 0.00277032 0)
(-0.0106857 0.00189386 0)
(-0.00741784 0.00252644 0)
(-0.00571442 0.00162468 0)
(-0.00847115 0.00755409 0)
(0.00758477 -0.003142 0)
(-0.00706075 0.000244698 0)
(0.0171322 -0.0257808 0)
(0.0133411 -0.0473434 0)
(-0.000272397 0.017939 0)
(0.0152101 0.0123814 0)
(0.0116102 0.00648722 0)
(0.0209075 0.00670809 0)
(0.0229367 0.0054772 0)
(0.0240507 0.00502451 0)
(0.0302565 0.00530681 0)
(0.0304705 0.0034482 0)
(0.0349139 0.00289798 0)
(0.0350199 0.00282373 0)
(0.039946 0.00302676 0)
(0.0394254 0.00187286 0)
(0.0446098 0.00190638 0)
(0.0428403 0.00158702 0)
(0.0481427 0.00160117 0)
(0.0472227 0.000593519 0)
(0.049974 -4.39933e-05 0)
(0.0501874 0.000468554 0)
(0.0422226 -0.00485316 0)
(0.027838 -0.00643937 0)
)
;

boundaryField
{
    movingWall
    {
        type            fixedValue;
        value           uniform (1 0 0);
    }
    fixedWalls
    {
        type            noSlip;
    }
    frontAndBack
    {
        type            empty;
    }
}


// ************************************************************************* //
