/*--------------------------------*- C++ -*----------------------------------*\
| =========                 |                                                 |
| \\      /  F ield         | OpenFOAM: The Open Source CFD Toolbox           |
|  \\    /   O peration     | Version:  5.x                                   |
|   \\  /    A nd           | Web:      www.OpenFOAM.org                      |
|    \\/     M anipulation  |                                                 |
\*---------------------------------------------------------------------------*/
FoamFile
{
    version     2.0;
    format      ascii;
    class       volScalarField;
    location    "15.6";
    object      p;
}
// * * * * * * * * * * * * * * * * * * * * * * * * * * * * * * * * * * * * * //

dimensions      [0 2 -2 0 0 0 0];

internalField   nonuniform List<scalar> 
400
(
4.52854e-10
-0.00047428
-0.000823813
-0.00104787
-0.00114497
-0.0012126
-0.00124214
-0.00126801
-0.00129271
-0.00131728
-0.00133316
-0.00133465
-0.00133415
-0.00132179
-0.00130502
-0.00122294
-0.00103327
-0.000701692
-0.000396812
0.000875892
-0.000516781
-0.000846877
-0.001047
-0.00116229
-0.0011982
-0.00122934
-0.00125962
-0.00127124
-0.00130246
-0.00132033
-0.00134135
-0.00135633
-0.00134659
-0.00135134
-0.00133401
-0.00131993
-0.00129735
-0.0010782
-0.0010489
-0.000114447
-0.000839723
-0.00108536
-0.00115878
-0.0012172
-0.00123118
-0.0012483
-0.00127124
-0.00128165
-0.00130639
-0.00131916
-0.00133759
-0.00133925
-0.00134621
-0.00132256
-0.00133695
-0.00126981
-0.00128913
-0.00116475
-0.00105929
-0.000688172
-0.00104854
-0.00117999
-0.00120146
-0.00122575
-0.00123755
-0.00125387
-0.00127533
-0.00129143
-0.00131124
-0.00132464
-0.00133611
-0.0013374
-0.00134393
-0.00132958
-0.00133801
-0.00131133
-0.0013011
-0.00121074
-0.00127639
-0.00104637
-0.00113892
-0.00121027
-0.00121935
-0.00123648
-0.00124884
-0.00126628
-0.00128385
-0.00129991
-0.00132055
-0.00132687
-0.00134487
-0.00133524
-0.00134513
-0.00133185
-0.00133486
-0.00129639
-0.00130805
-0.00126342
-0.00122819
-0.00120222
-0.00119339
-0.00122189
-0.00123882
-0.00124893
-0.00126179
-0.00127761
-0.0012956
-0.00131213
-0.00133176
-0.00133996
-0.00134875
-0.00133676
-0.00134504
-0.00133452
-0.00134749
-0.00132415
-0.00134066
-0.00130709
-0.00132416
-0.00131112
-0.00122161
-0.00125385
-0.00123642
-0.00126341
-0.00126454
-0.00128649
-0.00130307
-0.00132203
-0.00135101
-0.001358
-0.00137426
-0.00133894
-0.00134935
-0.00134966
-0.00135241
-0.00134337
-0.00135457
-0.0013413
-0.00131408
-0.00134822
-0.00123364
-0.00125226
-0.00125362
-0.00126229
-0.00127802
-0.00129514
-0.00131761
-0.00134117
-0.00136762
-0.00138593
-0.00139622
-0.00137268
-0.00135159
-0.00134666
-0.00135435
-0.00135083
-0.00137171
-0.00137098
-0.001361
-0.00137994
-0.00125872
-0.00127315
-0.00127187
-0.0012829
-0.00128682
-0.00130038
-0.00132644
-0.00136036
-0.00141266
-0.00144773
-0.00143551
-0.00138891
-0.00136761
-0.00138132
-0.0014092
-0.00140457
-0.00145133
-0.00139049
-0.00141308
-0.00134349
-0.00126932
-0.00128545
-0.00127095
-0.00127385
-0.00128623
-0.00130247
-0.0013271
-0.00136849
-0.00143219
-0.00149185
-0.00147301
-0.00145213
-0.00139621
-0.00132484
-0.00138769
-0.00134201
-0.00140039
-0.00134807
-0.00140385
-0.0013143
-0.00128599
-0.00129922
-0.00129226
-0.00130093
-0.00131649
-0.00132183
-0.00136845
-0.00144036
-0.00150746
-0.00149146
-0.00147137
-0.00147734
-0.00142394
-0.001393
-0.00142818
-0.00142403
-0.00141301
-0.00135322
-0.00142043
-0.0013454
-0.00128293
-0.00127491
-0.00127945
-0.00128634
-0.00131341
-0.00131879
-0.00142011
-0.00152858
-0.00166127
-0.00160643
-0.00153011
-0.00146903
-0.00142378
-0.0013895
-0.00139578
-0.00139006
-0.00140761
-0.00134893
-0.00144743
-0.00137111
-0.00125013
-0.00127921
-0.00127521
-0.00129384
-0.00131538
-0.00134138
-0.00149714
-0.00162792
-0.00183523
-0.00173856
-0.00163065
-0.00162632
-0.00155155
-0.00139576
-0.00148924
-0.0013832
-0.00147846
-0.00139163
-0.00147171
-0.00134573
-0.00124787
-0.0012722
-0.00125766
-0.00126037
-0.00129757
-0.00131272
-0.0014661
-0.00163059
-0.00183419
-0.00177766
-0.00168074
-0.00171159
-0.00136677
-0.00137419
-0.0013805
-0.00133467
-0.00144395
-0.0012729
-0.00141171
-0.00127271
-0.00119263
-0.00121785
-0.00122494
-0.00122482
-0.00124912
-0.00125515
-0.00140508
-0.00151499
-0.00173353
-0.00173352
-0.00167095
-0.00164975
-0.0013343
-0.00137871
-0.00143299
-0.00132455
-0.00144779
-0.00133279
-0.0013497
-0.00120781
-0.0011438
-0.00118784
-0.00121915
-0.00119353
-0.00123576
-0.00121604
-0.0013205
-0.0013997
-0.00149886
-0.00158015
-0.00157912
-0.00154784
-0.00143526
-0.00151385
-0.00143272
-0.0012159
-0.00124772
-0.00118797
-0.00120998
-0.0011858
-0.00104308
-0.00113171
-0.00118389
-0.00117362
-0.00120819
-0.00119326
-0.0012433
-0.0013024
-0.00138371
-0.00147438
-0.00153273
-0.00130257
-0.00135358
-0.00171564
-0.00141421
-0.0013417
-0.00139332
-0.00132918
-0.00135062
-0.00112425
-0.000866206
-0.00102993
-0.00111956
-0.00114872
-0.00116538
-0.00119394
-0.00122496
-0.00124869
-0.00133077
-0.0015081
-0.00173783
-0.00167931
-0.0015019
-0.00137027
-0.0012927
-0.00140057
-0.00127736
-0.00115405
-0.00098722
-0.000720364
-0.000602706
-0.000842822
-0.00105368
-0.00107982
-0.00111803
-0.00112232
-0.00115861
-0.00117317
-0.00134062
-0.00170139
-0.00210394
-0.00173764
-0.00142147
-0.00120422
-0.00122753
-0.00138982
-0.00111842
-0.00141788
-0.0010817
-0.000197147
-0.000303612
-0.000565172
-0.000914562
-0.00107901
-0.0011194
-0.00116213
-0.0011972
-0.00135236
-0.00150195
-0.00155999
-0.00147098
-0.00131595
-0.00121524
-0.00119667
-0.0011946
-0.00124734
-0.00115767
-0.000840558
-0.000131658
0.00179235
)
;

boundaryField
{
    movingWall
    {
        type            zeroGradient;
    }
    fixedWalls
    {
        type            zeroGradient;
    }
    frontAndBack
    {
        type            empty;
    }
}


// ************************************************************************* //
