/*--------------------------------*- C++ -*----------------------------------*\
| =========                 |                                                 |
| \\      /  F ield         | OpenFOAM: The Open Source CFD Toolbox           |
|  \\    /   O peration     | Version:  5.x                                   |
|   \\  /    A nd           | Web:      www.OpenFOAM.org                      |
|    \\/     M anipulation  |                                                 |
\*---------------------------------------------------------------------------*/
FoamFile
{
    version     2.0;
    format      ascii;
    class       surfaceScalarField;
    location    "15.6";
    object      phi;
}
// * * * * * * * * * * * * * * * * * * * * * * * * * * * * * * * * * * * * * //

dimensions      [0 3 -1 0 0 0 0];

internalField   nonuniform List<scalar> 
760
(
-1.0414e-06
1.0414e-06
-1.79014e-06
7.48741e-07
-2.09261e-06
3.02474e-07
-2.32027e-06
2.27651e-07
-2.38016e-06
5.98908e-08
-2.47504e-06
9.48797e-08
-2.52569e-06
5.06537e-08
-2.58398e-06
5.82917e-08
-2.65965e-06
7.56694e-08
-2.71166e-06
5.20071e-08
-2.78137e-06
6.97108e-08
-2.81434e-06
3.29678e-08
-2.84488e-06
3.05473e-08
-2.82581e-06
-1.90723e-08
-2.81594e-06
-9.86746e-09
-2.73839e-06
-7.75554e-08
-2.64724e-06
-9.11519e-08
-2.19157e-06
-4.55663e-07
-1.50305e-06
-6.88523e-07
-1.50305e-06
-6.07852e-07
1.64925e-06
-9.33599e-07
1.07449e-06
-1.06756e-06
4.36433e-07
-1.07569e-06
2.35783e-07
-1.07607e-06
6.02767e-08
-1.1084e-06
1.27207e-07
-1.1094e-06
5.16501e-08
-1.14474e-06
9.36287e-08
-1.14591e-06
7.68432e-08
-1.16369e-06
6.979e-08
-1.15748e-06
6.35035e-08
-1.14077e-06
1.62509e-08
-1.14127e-06
3.10529e-08
-1.15154e-06
-8.80544e-09
-1.21387e-06
5.2466e-08
-1.23436e-06
-5.70663e-08
-1.21566e-06
-1.09855e-07
-1.24197e-06
-4.29351e-07
-1.01617e-06
-9.14325e-07
-2.51922e-06
-3.12599e-07
1.96185e-06
-3.96244e-07
1.15813e-06
-3.29451e-07
3.69639e-07
-2.90397e-07
1.96729e-07
-3.04445e-07
7.43254e-08
-2.88973e-07
1.11735e-07
-3.2654e-07
8.92167e-08
-3.38709e-07
1.05798e-07
-3.62562e-07
1.00696e-07
-3.96077e-07
1.03305e-07
-4.38114e-07
1.05541e-07
-4.82471e-07
6.0608e-08
-5.01819e-07
5.04006e-08
-5.20239e-07
9.61446e-09
-4.57309e-07
-1.04643e-08
-4.44391e-07
-6.9984e-08
-2.73326e-07
-2.8092e-07
-1.53123e-07
-5.49553e-07
-2.9216e-07
-7.75288e-07
-2.81138e-06
-1.33705e-07
2.09555e-06
-1.51966e-07
1.17639e-06
-9.39587e-08
3.11632e-07
-8.67424e-08
1.89513e-07
-1.48152e-07
1.35735e-07
-1.83993e-07
1.47575e-07
-2.19681e-07
1.24905e-07
-2.39343e-07
1.2546e-07
-2.36014e-07
9.7367e-08
-2.36629e-07
1.03921e-07
-2.10388e-07
7.92989e-08
-2.48699e-07
9.89196e-08
-2.28499e-07
3.02004e-08
-2.46981e-07
2.80962e-08
-1.97877e-07
-5.95684e-08
-1.72448e-07
-9.5413e-08
-2.67429e-07
-1.85939e-07
-3.14824e-07
-5.02158e-07
-2.47728e-07
-8.42385e-07
-3.05911e-06
-6.51704e-08
2.16072e-06
-6.41719e-08
1.1754e-06
-8.16083e-08
3.29069e-07
-9.15238e-08
1.99428e-07
-1.291e-07
1.73311e-07
-1.65746e-07
1.84222e-07
-1.86503e-07
1.45662e-07
-1.96693e-07
1.3565e-07
-1.84018e-07
8.46918e-08
-1.4018e-07
6.0083e-08
-1.08516e-07
4.76347e-08
-1.44598e-07
1.35002e-07
-1.19099e-07
4.70051e-09
-1.57501e-07
6.64982e-08
-2.27512e-07
1.04425e-08
-2.46551e-07
-7.63735e-08
-1.58766e-07
-2.73724e-07
-6.25465e-08
-5.98377e-07
-3.76147e-08
-8.67316e-07
-3.09672e-06
-2.3897e-08
2.18462e-06
-5.79728e-08
1.20947e-06
-8.03523e-08
3.51448e-07
-1.38918e-07
2.57994e-07
-1.82172e-07
2.16566e-07
-2.11883e-07
2.13933e-07
-2.3935e-07
1.73129e-07
-2.38812e-07
1.35111e-07
-2.21895e-07
6.77748e-08
-1.62838e-07
1.02632e-09
-1.28463e-07
1.32595e-08
-1.72309e-07
1.78848e-07
-1.49689e-07
-1.79189e-08
-1.69725e-07
8.65341e-08
-1.91572e-07
3.22892e-08
-1.76551e-07
-9.1394e-08
-2.49825e-07
-2.0045e-07
-2.4324e-07
-6.04962e-07
-1.41244e-07
-9.69313e-07
-3.23797e-06
-2.17351e-08
2.20636e-06
-3.75034e-09
1.19149e-06
-5.7498e-08
4.05196e-07
-9.15376e-08
2.92034e-07
-1.19366e-07
2.44394e-07
-1.73238e-07
2.67805e-07
-2.27434e-07
2.27324e-07
-2.10109e-07
1.17786e-07
-9.03164e-08
-5.20177e-08
-3.3782e-08
-5.55081e-08
-1.14414e-07
9.38912e-08
-1.91519e-07
2.55953e-07
-1.23969e-07
-8.54693e-08
-1.50338e-07
1.12904e-07
-1.23205e-07
5.15616e-09
-1.07198e-07
-1.07402e-07
-1.51776e-07
-1.55872e-07
-4.43629e-08
-7.12375e-07
1.70079e-08
-1.03068e-06
-3.22096e-06
-2.17953e-08
2.22815e-06
-7.5267e-08
1.24496e-06
-8.60352e-08
4.15964e-07
-1.42325e-07
3.48323e-07
-2.38505e-07
3.40574e-07
-2.61542e-07
2.90842e-07
-2.6767e-07
2.33452e-07
-2.33252e-07
8.33681e-08
-1.28868e-07
-1.56402e-07
-1.1046e-07
-7.39158e-08
-3.05309e-07
2.88741e-07
-4.22198e-07
3.72842e-07
-3.37638e-07
-1.70029e-07
-3.0742e-07
8.26849e-08
-3.56654e-07
5.43904e-08
-3.70032e-07
-9.40232e-08
-2.44907e-07
-2.80998e-07
-1.74406e-07
-7.82876e-07
-8.47426e-08
-1.12035e-06
-3.3057e-06
-1.72976e-08
2.24545e-06
-1.88685e-08
1.24653e-06
-5.85034e-08
4.55599e-07
-8.53079e-08
3.75128e-07
-1.85796e-07
4.41062e-07
-2.53631e-07
3.58677e-07
-2.22393e-07
2.02214e-07
-1.74552e-07
3.55274e-08
-2.03159e-07
-1.27795e-07
-3.00472e-07
2.33977e-08
-4.06385e-07
3.94654e-07
-3.71108e-07
3.37565e-07
-1.97321e-07
-3.43816e-07
-2.14218e-07
9.95826e-08
-2.22968e-07
6.31402e-08
-1.05253e-07
-2.11739e-07
-3.51509e-09
-3.82735e-07
-1.35821e-10
-7.86255e-07
-2.51041e-08
-1.09538e-06
-3.33081e-06
-2.51065e-08
2.27056e-06
-5.43133e-08
1.27574e-06
-4.58629e-08
4.47149e-07
-1.78583e-07
5.07848e-07
-3.00439e-07
5.62918e-07
-4.11653e-07
4.69892e-07
-5.13569e-07
3.0413e-07
-5.75469e-07
9.74276e-08
-6.59657e-07
-4.36075e-08
-6.1738e-07
-1.8879e-08
-6.3767e-07
4.14943e-07
-5.62261e-07
2.62156e-07
-3.16349e-07
-5.89729e-07
-2.16262e-07
-5.04792e-10
-1.07766e-07
-4.53557e-08
-7.4914e-08
-2.44591e-07
1.17314e-07
-5.74963e-07
1.50918e-07
-8.19859e-07
-1.22377e-08
-9.32223e-07
-3.34304e-06
-7.20417e-09
2.27776e-06
1.79904e-08
1.25054e-06
-1.16748e-07
5.81887e-07
-2.8546e-07
6.76559e-07
-3.07267e-07
5.84725e-07
-3.573e-07
5.19925e-07
-6.42498e-07
5.89327e-07
-8.58843e-07
3.13773e-07
-9.37055e-07
3.4604e-08
-7.06592e-07
-2.49342e-07
-3.62093e-07
7.04441e-08
-1.31161e-07
3.12241e-08
1.27771e-07
-8.48661e-07
1.67978e-07
-4.07117e-08
1.21647e-07
9.75625e-10
-8.72395e-08
-3.57041e-08
-2.34812e-07
-4.2739e-07
-1.34881e-07
-9.1979e-07
-1.22153e-08
-1.05489e-06
-3.35526e-06
3.58617e-08
2.2419e-06
1.95254e-08
1.26688e-06
-5.11001e-08
6.52512e-07
-1.14273e-08
6.36886e-07
2.92183e-08
5.4408e-07
-1.53001e-07
7.02144e-07
-4.81687e-07
9.18013e-07
-7.20746e-07
5.52832e-07
-9.31894e-07
2.45752e-07
-8.93632e-07
-2.87604e-07
-5.45011e-07
-2.78177e-07
-1.31326e-07
-3.82461e-07
4.32403e-08
-1.02323e-06
1.08992e-07
-1.06463e-07
2.68316e-07
-1.58349e-07
2.73657e-07
-4.10447e-08
-8.39453e-08
-6.97882e-08
-2.08658e-07
-7.95078e-07
-2.98664e-08
-1.23368e-06
-3.38513e-06
2.26595e-10
2.24167e-06
-1.38556e-08
1.28096e-06
5.19543e-08
5.86703e-07
2.41227e-07
4.47613e-07
1.7103e-07
6.14277e-07
3.63073e-08
8.36867e-07
-1.38609e-09
9.55707e-07
-1.52678e-07
7.04124e-07
-2.45112e-07
3.38186e-07
-2.35625e-07
-2.9709e-07
-2.59866e-07
-2.53936e-07
-9.47743e-08
-5.47553e-07
3.35096e-08
-1.15151e-06
4.76099e-08
-1.20564e-07
1.77095e-07
-2.87833e-07
1.53262e-07
-1.72116e-08
1.80919e-08
6.53816e-08
-3.69175e-08
-7.40068e-07
-2.05799e-08
-1.25002e-06
-3.40571e-06
1.04558e-07
2.13711e-06
1.09927e-07
1.27559e-06
1.72831e-07
5.23799e-07
1.70264e-07
4.5018e-07
2.60377e-07
5.24164e-07
4.52163e-07
6.45081e-07
5.16342e-07
8.91528e-07
4.91181e-07
7.29285e-07
4.06028e-07
4.23339e-07
3.43577e-07
-2.34639e-07
2.4144e-07
-1.51798e-07
2.91947e-07
-5.9806e-07
4.75953e-08
-9.0716e-07
-7.17471e-08
-1.22136e-09
-1.1992e-07
-2.3966e-07
-1.80672e-07
4.35402e-08
2.31272e-07
-3.46562e-07
1.72289e-07
-6.81086e-07
4.88535e-08
-1.12658e-06
-3.35685e-06
5.33744e-09
2.13178e-06
5.20608e-08
1.22887e-06
7.96876e-08
4.96172e-07
2.65436e-07
2.64431e-07
4.66831e-07
3.22769e-07
7.39724e-07
3.72189e-07
9.83582e-07
6.4767e-07
1.04059e-06
6.72274e-07
1.1223e-06
3.41629e-07
1.08074e-06
-1.93073e-07
1.08851e-06
-1.59577e-07
1.12122e-06
-6.30765e-07
1.05753e-06
-8.43467e-07
1.11934e-06
-6.30325e-08
9.31848e-07
-5.21703e-08
8.75888e-07
9.95005e-08
8.04029e-07
-2.74703e-07
2.56094e-07
-1.33151e-07
-6.46115e-09
-8.64026e-07
-3.36331e-06
1.25623e-07
2.00615e-06
1.28304e-07
1.22619e-06
1.98243e-07
4.26233e-07
1.84281e-07
2.78393e-07
4.74508e-07
3.25429e-08
7.41695e-07
1.05001e-07
9.69535e-07
4.1983e-07
1.24029e-06
4.01521e-07
1.4143e-06
1.6762e-07
1.39288e-06
-1.71657e-07
1.49925e-06
-2.65946e-07
1.29464e-06
-4.26157e-07
1.00173e-06
-5.50554e-07
9.64377e-07
-2.56816e-08
5.464e-07
3.65807e-07
1.96219e-07
4.49682e-07
8.8343e-08
-1.66827e-07
-1.12059e-08
-3.36022e-08
9.19079e-08
-9.6714e-07
-3.27141e-06
1.30989e-07
1.87516e-06
2.03461e-07
1.15372e-06
3.43775e-07
2.85918e-07
3.76645e-07
2.45523e-07
4.08843e-07
3.44174e-10
7.14103e-07
-2.00258e-07
8.70455e-07
2.63478e-07
1.20481e-06
6.71641e-08
1.47391e-06
-1.01481e-07
1.60431e-06
-3.0205e-07
1.4239e-06
-8.55404e-08
5.80952e-07
4.16792e-07
-4.6119e-07
4.91588e-07
-6.74114e-07
1.87242e-07
-1.56244e-07
-1.52063e-07
-9.29702e-08
3.86408e-07
3.20833e-07
-5.80631e-07
2.88756e-07
-1.5251e-09
-8.59366e-09
-6.6979e-07
-3.28e-06
3.15021e-07
1.56014e-06
4.73564e-07
9.95173e-07
4.61055e-07
2.98428e-07
6.64502e-07
4.20757e-08
6.40874e-07
2.39728e-08
6.78356e-07
-2.37741e-07
9.06847e-07
3.49872e-08
1.01963e-06
-4.56207e-08
1.22946e-06
-3.1131e-07
1.32538e-06
-3.97966e-07
1.33317e-06
-9.3332e-08
1.34544e-06
4.04521e-07
1.25218e-06
5.84845e-07
9.34415e-07
5.05008e-07
9.72832e-07
-1.9048e-07
9.59581e-07
3.99659e-07
6.07747e-07
-2.28797e-07
2.71556e-07
3.34666e-07
4.54359e-07
-8.52593e-07
-2.82564e-06
4.68662e-07
1.09148e-06
8.05939e-07
6.57896e-07
7.78517e-07
3.25849e-07
6.44997e-07
1.75596e-07
5.13232e-07
1.55738e-07
1.81026e-07
9.4465e-08
4.41643e-09
2.11597e-07
-2.231e-07
1.81895e-07
-6.52661e-07
1.18252e-07
-1.06267e-06
1.2043e-08
-1.17472e-06
1.87203e-08
-7.6622e-07
-3.98056e-09
-2.73852e-07
9.24766e-08
1.63143e-07
6.80133e-08
-1.46512e-07
1.19175e-07
1.81299e-07
7.18487e-08
-1.12858e-08
-3.62126e-08
4.1717e-07
-9.37898e-08
1.02854e-06
-1.46397e-06
-1.7971e-06
1.09148e-06
1.74938e-06
2.07523e-06
2.25082e-06
2.40656e-06
2.50103e-06
2.71262e-06
2.89452e-06
3.01277e-06
3.02481e-06
3.04353e-06
3.03955e-06
3.13203e-06
3.20004e-06
3.31922e-06
3.39107e-06
3.35485e-06
3.26106e-06
1.7971e-06
)
;

boundaryField
{
    movingWall
    {
        type            calculated;
        value           uniform 0;
    }
    fixedWalls
    {
        type            calculated;
        value           uniform 0;
    }
    frontAndBack
    {
        type            empty;
        value           nonuniform 0();
    }
}


// ************************************************************************* //
