/*--------------------------------*- C++ -*----------------------------------*\
| =========                 |                                                 |
| \\      /  F ield         | OpenFOAM: The Open Source CFD Toolbox           |
|  \\    /   O peration     | Version:  5.x                                   |
|   \\  /    A nd           | Web:      www.OpenFOAM.org                      |
|    \\/     M anipulation  |                                                 |
\*---------------------------------------------------------------------------*/
FoamFile
{
    version     2.0;
    format      ascii;
    class       volVectorField;
    location    "19.9";
    object      U;
}
// * * * * * * * * * * * * * * * * * * * * * * * * * * * * * * * * * * * * * //

dimensions      [0 1 -1 0 0 0 0];

internalField   nonuniform List<vector> 
400
(
(-0.0177331 0.00759669 0)
(-0.0414753 0.00807546 0)
(-0.0503726 0.00133884 0)
(-0.0572865 0.00231903 0)
(-0.0594159 -0.000864668 0)
(-0.062355 0.00112253 0)
(-0.0619737 -0.000699399 0)
(-0.0634999 0.000904834 0)
(-0.0618739 -0.000328572 0)
(-0.0638429 0.00037213 0)
(-0.0616399 -0.00045853 0)
(-0.0637293 -0.000525136 0)
(-0.0606891 -0.00129792 0)
(-0.0632332 -0.00216369 0)
(-0.0597718 -0.00285264 0)
(-0.0616118 -0.00442848 0)
(-0.0559452 -0.00574024 0)
(-0.0536355 -0.00968197 0)
(-0.0464229 -0.0132209 0)
(-0.010218 -0.0261868 0)
(-0.0116469 0.0405863 0)
(-0.0231878 0.0257317 0)
(-0.0248301 0.0134876 0)
(-0.0292074 0.0068831 0)
(-0.0287707 0.0041107 0)
(-0.0309498 0.00170374 0)
(-0.0299858 0.000875421 0)
(-0.0308113 0.00012058 0)
(-0.0291816 -0.000875161 0)
(-0.0318675 -0.000234668 0)
(-0.029287 -0.00096641 0)
(-0.0328277 0.000425991 0)
(-0.0280123 -0.000523986 0)
(-0.0333789 0.000810927 0)
(-0.0271125 1.05125e-05 0)
(-0.0332871 -0.000370262 0)
(-0.0260799 -0.000643794 0)
(-0.0259129 -0.00975921 0)
(-0.0322699 -0.0190029 0)
(-0.00228366 -0.0461722 0)
(-0.00740722 0.0476916 0)
(-0.0105908 0.0293801 0)
(-0.0117621 0.0123442 0)
(-0.0141147 0.00667215 0)
(-0.0134705 0.00202842 0)
(-0.0159365 0.00080151 0)
(-0.0153608 -0.000252527 0)
(-0.0168932 -0.000280707 0)
(-0.0153621 0.000174083 0)
(-0.0184707 0.00082084 0)
(-0.0162731 0.000302495 0)
(-0.0213386 -0.0004484 0)
(-0.0160309 -0.00114116 0)
(-0.0196395 -0.00216572 0)
(-0.0139147 -0.00147338 0)
(-0.0124895 -0.00487428 0)
(-0.0142465 -0.00634634 0)
(0.005705 -0.00721612 0)
(-0.0124774 -0.0183156 0)
(-0.000604694 -0.0581753 0)
(-0.00387515 0.0546977 0)
(-0.0049101 0.033826 0)
(-0.00564148 0.0149764 0)
(-0.00558201 0.00975453 0)
(-0.00578109 0.00509726 0)
(-0.00705811 0.00419326 0)
(-0.00676311 0.00209448 0)
(-0.0091701 0.000796582 0)
(-0.00712881 0.000531076 0)
(-0.00969901 0.000497273 0)
(-0.00787059 0.000934967 0)
(-0.0118695 -0.000184917 0)
(-0.00849409 -0.00153413 0)
(-0.0102207 -0.00514565 0)
(-0.010606 -0.00496969 0)
(-0.00914108 -0.00689356 0)
(-0.0164685 -0.0186147 0)
(-0.00431 -0.0159262 0)
(-0.0097232 -0.014004 0)
(0.00350498 -0.0612168 0)
(-0.00267436 0.0562901 0)
(-0.00173531 0.0334834 0)
(-0.00159096 0.0116847 0)
(-0.00272794 0.00744761 0)
(-6.98749e-05 0.00308593 0)
(-0.00185849 0.00166665 0)
(-0.00107781 0.00104055 0)
(-0.00320997 0.000383779 0)
(-0.00366607 0.000150652 0)
(-0.00609956 0.00130355 0)
(-0.00416582 0.00281049 0)
(-0.00289877 0.000578238 0)
(-0.0027502 -0.00117537 0)
(0.00125749 0.000415026 0)
(-0.00463311 -0.000518841 0)
(0.00802363 0.00128214 0)
(-0.00621402 -0.00374421 0)
(0.00167547 -0.0167663 0)
(-0.00401443 -0.0194461 0)
(0.0023491 -0.0645802 0)
(-0.00133633 0.0575863 0)
(-0.000435377 0.0334341 0)
(-0.00199381 0.0150608 0)
(0.00204884 0.00859653 0)
(0.00110976 0.00449503 0)
(-0.000154314 0.0050372 0)
(0.00037018 0.00446175 0)
(-0.00187011 0.00331491 0)
(-0.00190181 0.00432398 0)
(-0.00250318 0.00063594 0)
(-0.00584654 -0.00180344 0)
(-0.00662245 -0.00286983 0)
(-0.00610157 -0.00513463 0)
(-0.000504362 -0.00465386 0)
(-0.0104148 -0.0130088 0)
(0.0107148 -0.00566792 0)
(-0.00696025 -0.0134824 0)
(-0.00204291 -0.0188977 0)
(-0.00530026 -0.0169881 0)
(0.00495608 -0.0651312 0)
(-0.00116373 0.0579485 0)
(0.000362839 0.0347579 0)
(0.000249086 0.0085138 0)
(0.000799896 0.00425738 0)
(0.000804615 0.00470488 0)
(0.00105644 0.00212499 0)
(0.00167486 0.00198354 0)
(0.00302233 0.00239795 0)
(0.00110447 0.000248977 0)
(0.003228 0.00422858 0)
(-0.00135845 0.00740284 0)
(0.000592209 0.000194855 0)
(-0.00538139 -0.00710159 0)
(-0.00281355 0.00372061 0)
(-0.00632067 -0.0100329 0)
(0.00268736 -0.00209767 0)
(-0.0110412 0.0101988 0)
(0.00122498 -0.0233964 0)
(-0.0066612 -0.0217293 0)
(0.00395596 -0.068375 0)
(-0.000727968 0.0573897 0)
(0.000234705 0.0314574 0)
(-0.00141412 0.0139708 0)
(0.00150482 0.0078656 0)
(0.000840625 0.0047614 0)
(0.000884166 0.00425997 0)
(-0.000629289 0.0035159 0)
(-0.00194429 0.00390954 0)
(-0.00455576 0.00527527 0)
(-0.00711209 0.00285909 0)
(-0.00452128 0.00209998 0)
(-0.000845733 0.000648752 0)
(-0.00316823 0.000942771 0)
(-0.00518781 -0.00500208 0)
(-0.00672379 -0.0188726 0)
(0.00107576 -0.00312787 0)
(-0.00635069 -0.00936717 0)
(0.00669715 -0.0244823 0)
(-0.00665906 -0.0241115 0)
(0.00437275 -0.0667402 0)
(-0.00136837 0.0579043 0)
(0.00184977 0.0350804 0)
(0.000330806 0.00812089 0)
(0.00129798 0.00217685 0)
(-0.00103664 0.00490967 0)
(0.00145902 0.00329707 0)
(0.00118938 0.00398811 0)
(0.000638112 0.00601603 0)
(-0.000632231 0.00412891 0)
(0.00642141 0.00414511 0)
(0.00548048 0.000662212 0)
(0.00648883 -0.00206712 0)
(-0.000938759 -0.00277285 0)
(0.00212775 0.00487741 0)
(-0.00764488 -0.0122156 0)
(-0.00433438 -0.00365633 0)
(-0.00443572 0.00597072 0)
(0.00494565 -0.0200109 0)
(-0.00467482 -0.0143279 0)
(0.0059339 -0.0677611 0)
(-0.000550399 0.0573417 0)
(-0.000206781 0.0320168 0)
(-0.0029951 0.0136697 0)
(0.000189988 0.0095505 0)
(-0.00230396 0.0051123 0)
(0.00154787 0.00236424 0)
(0.00074586 0.00517612 0)
(0.00333491 0.00610074 0)
(0.00245734 -3.8132e-05 0)
(0.00763429 -0.00213001 0)
(0.00347404 0.00270036 0)
(-0.000203827 0.00791021 0)
(-0.00448014 0.00611005 0)
(-0.00114866 0.00192719 0)
(-0.00938497 -0.0103599 0)
(-0.0144357 -0.00907515 0)
(-0.000198187 -0.0179377 0)
(-0.00443279 -0.0257903 0)
(-0.00661865 -0.0258518 0)
(0.00560908 -0.0695799 0)
(-0.00254611 0.057563 0)
(0.00200049 0.03348 0)
(-0.000379285 0.00694825 0)
(-0.00118324 0.000987838 0)
(-0.000429136 0.00262716 0)
(0.000309695 0.000119896 0)
(0.00119301 0.000979292 0)
(0.00728582 0.00465291 0)
(0.00605555 -0.00124165 0)
(0.00420724 0.00330129 0)
(0.000704355 0.00668441 0)
(-0.000309668 0.00421891 0)
(0.00744817 -0.00185024 0)
(0.00518235 0.00595679 0)
(-0.00252361 0.00170331 0)
(0.00212276 -0.0125244 0)
(-0.00437046 -0.00665763 0)
(-0.00258101 -0.0164428 0)
(-0.00882311 -0.0247557 0)
(0.00624148 -0.0701405 0)
(0.000652935 0.0581615 0)
(-0.000406796 0.0347222 0)
(-0.00230206 0.0177817 0)
(0.0055639 0.0112334 0)
(0.000787119 0.00404784 0)
(0.000487863 0.00123392 0)
(-0.00234553 -0.0015612 0)
(0.00592015 0.00170633 0)
(0.00505818 0.00310003 0)
(0.00298273 0.00435173 0)
(0.00193759 0.00865828 0)
(0.00359823 0.00300461 0)
(0.00344353 0.000574066 0)
(0.00548752 0.0145726 0)
(0.00147165 -0.00586173 0)
(-0.00154032 -0.00817723 0)
(-0.00156793 -0.0110393 0)
(0.0141718 -0.0213147 0)
(-0.00647524 -0.0352072 0)
(0.00547623 -0.0697325 0)
(-0.0038093 0.0575585 0)
(0.00151905 0.0323475 0)
(-0.00220089 -0.000688158 0)
(-0.00217018 -0.00261372 0)
(-0.00484106 0.00718375 0)
(-0.00153518 0.00244116 0)
(-0.00941746 -0.00441901 0)
(0.000161292 -0.00253975 0)
(0.00444156 0.000770719 0)
(0.00775339 0.00479585 0)
(0.00554121 0.00552495 0)
(0.00692297 0.00176945 0)
(0.0015199 -0.00549421 0)
(0.00465157 0.00789219 0)
(-0.000747606 0.00909713 0)
(0.00538299 -0.00921758 0)
(-0.00574564 -0.01956 0)
(0.0105928 -0.0128528 0)
(-0.00701673 -0.00932291 0)
(0.00883382 -0.0695868 0)
(0.00235583 0.0586819 0)
(-0.000959995 0.0367522 0)
(0.000775669 0.0205206 0)
(-0.00116877 0.01621 0)
(-0.00417531 0.00272407 0)
(2.39204e-05 0.00538933 0)
(-0.00699547 -0.00161843 0)
(0.00293059 -0.0129363 0)
(0.00591682 -0.00408829 0)
(0.00832535 0.00598628 0)
(0.0117189 0.00949326 0)
(0.0024202 0.00804123 0)
(0.00585565 0.00497229 0)
(-0.00468872 0.0140262 0)
(0.000242567 -0.00581492 0)
(0.00641357 -0.00524958 0)
(0.00342651 -0.0149067 0)
(-0.00310682 -0.0231124 0)
(-0.00903098 -0.0335489 0)
(0.00565217 -0.075351 0)
(-0.00395463 0.0569155 0)
(0.0025885 0.0324079 0)
(-0.00270101 0.000591105 0)
(-0.00372486 0.00150027 0)
(0.00591727 0.00409083 0)
(0.000719613 0.00578003 0)
(0.00719936 -0.00728726 0)
(0.00848758 -0.0180978 0)
(0.0134885 -0.00583526 0)
(0.00677521 -0.00338857 0)
(0.0146968 0.0112144 0)
(0.00973878 0.00737498 0)
(0.00602714 -0.000478573 0)
(0.0147021 0.0123137 0)
(0.00901064 -0.00179009 0)
(0.0182394 -0.0141199 0)
(0.0117177 -0.0126198 0)
(0.00390108 -0.00107135 0)
(-0.00532524 -0.0232462 0)
(0.00634959 -0.0696118 0)
(0.00490252 0.057552 0)
(0.000630123 0.0357595 0)
(0.00722986 0.023222 0)
(-0.00212399 0.0112165 0)
(0.00180546 -0.00265516 0)
(-0.00127415 0.00700275 0)
(0.0132055 -0.00922484 0)
(0.00584847 -0.0138926 0)
(0.00536121 -0.00403853 0)
(0.0144663 0.00912811 0)
(0.00319522 0.00450502 0)
(0.0182869 0.0193429 0)
(0.00537808 -0.000827634 0)
(0.0155428 0.0131836 0)
(0.0108173 -0.00239801 0)
(0.0198664 -0.00793222 0)
(-0.0148134 0.00455286 0)
(0.0192073 -0.00674646 0)
(-0.00316859 -0.0264436 0)
(0.00930043 -0.0721241 0)
(-0.00242846 0.0528753 0)
(0.00868379 0.030829 0)
(0.00325361 0.00821516 0)
(0.00462702 0.00344727 0)
(0.00868613 0.00308375 0)
(0.000500181 -0.00654108 0)
(0.0158142 -0.0152104 0)
(0.0075528 -0.014281 0)
(0.0178207 -0.0124022 0)
(0.0153653 -0.00257262 0)
(0.0236192 0.00642101 0)
(0.00543704 0.00863521 0)
(0.0237849 -0.00149818 0)
(0.00459025 0.00756739 0)
(0.0183253 -0.0109115 0)
(0.016363 0.00750172 0)
(0.00412614 -0.0109743 0)
(0.022142 -0.0179967 0)
(-0.00580708 -0.0194682 0)
(0.00931942 -0.0672736 0)
(0.00899443 0.0490101 0)
(0.00944025 0.0312667 0)
(0.0219638 0.0212631 0)
(0.0161541 0.0103551 0)
(0.0172959 -0.00033392 0)
(0.0219492 -0.00181002 0)
(0.018277 -0.0140987 0)
(0.0170497 -0.0207245 0)
(0.013958 -0.011646 0)
(0.0134371 0.00226633 0)
(0.0180387 0.0141564 0)
(0.0231394 0.0187756 0)
(0.00944436 0.00183237 0)
(0.0264154 0.0148369 0)
(0.0151264 -0.00805057 0)
(0.017616 0.00672032 0)
(0.0186688 -0.00154955 0)
(0.00104896 0.00796912 0)
(0.00213391 -0.0040129 0)
(0.0136087 -0.0698009 0)
(0.00180725 0.0367161 0)
(0.0243897 0.0201588 0)
(0.0212179 0.00992859 0)
(0.0352191 0.00437027 0)
(0.0267597 0.000357372 0)
(0.026141 -0.00460221 0)
(0.0169515 -0.00635134 0)
(-0.00509309 -0.00666008 0)
(-0.0220808 -0.0111969 0)
(-0.0202584 -0.00773761 0)
(-0.0291946 0.000350764 0)
(0.001007 0.0108337 0)
(-0.0120151 -0.0053828 0)
(0.00356236 0.00895551 0)
(0.00249057 -0.00506362 0)
(-0.0117067 0.00707237 0)
(0.0156536 -0.00290026 0)
(-0.0142127 -0.00213626 0)
(0.0293985 -0.0426531 0)
(0.013159 -0.059851 0)
(0.0157898 0.0221432 0)
(0.0347927 0.0143806 0)
(0.0495506 0.010466 0)
(0.0539879 0.00763511 0)
(0.0640607 0.00722872 0)
(0.0612596 0.00709874 0)
(0.0699704 0.00974875 0)
(0.0629833 0.0112436 0)
(0.0724096 0.0112513 0)
(0.0660491 0.00677956 0)
(0.073893 0.00342761 0)
(0.0659501 -0.00272351 0)
(0.0753745 0.00218029 0)
(0.0722614 -0.00300998 0)
(0.074006 0.00300946 0)
(0.0766106 -0.00201896 0)
(0.0714864 0.00129518 0)
(0.074691 -0.00401378 0)
(0.0604219 -0.0053154 0)
(0.0360212 -0.0114876 0)
)
;

boundaryField
{
    movingWall
    {
        type            fixedValue;
        value           uniform (1 0 0);
    }
    fixedWalls
    {
        type            noSlip;
    }
    frontAndBack
    {
        type            empty;
    }
}


// ************************************************************************* //
