/*--------------------------------*- C++ -*----------------------------------*\
| =========                 |                                                 |
| \\      /  F ield         | OpenFOAM: The Open Source CFD Toolbox           |
|  \\    /   O peration     | Version:  5.x                                   |
|   \\  /    A nd           | Web:      www.OpenFOAM.org                      |
|    \\/     M anipulation  |                                                 |
\*---------------------------------------------------------------------------*/
FoamFile
{
    version     2.0;
    format      ascii;
    class       volScalarField;
    location    "13.9";
    object      p;
}
// * * * * * * * * * * * * * * * * * * * * * * * * * * * * * * * * * * * * * //

dimensions      [0 2 -2 0 0 0 0];

internalField   nonuniform List<scalar> 
400
(
2.09131e-08
-0.000495982
-0.000857807
-0.00107318
-0.00118292
-0.00122811
-0.00123258
-0.00123877
-0.001228
-0.00123343
-0.00123041
-0.0012275
-0.00121755
-0.001197
-0.00118499
-0.00112211
-0.00098994
-0.000749835
-0.000576497
0.000312922
-0.000524725
-0.000884551
-0.00107845
-0.00119326
-0.00123232
-0.0012503
-0.00123767
-0.00123372
-0.0012278
-0.00122861
-0.00123915
-0.00122871
-0.00124521
-0.00121347
-0.00122342
-0.00116033
-0.0011491
-0.00102546
-0.00103624
-0.000388825
-0.000872987
-0.00111133
-0.00119382
-0.00124393
-0.00124192
-0.00125225
-0.00124504
-0.00123993
-0.00124024
-0.00123195
-0.00123896
-0.0012261
-0.00123299
-0.00120931
-0.00121502
-0.00116789
-0.00115084
-0.00109626
-0.00104176
-0.000788526
-0.00108323
-0.00122076
-0.00124889
-0.00125195
-0.00125233
-0.00124904
-0.00124776
-0.00124356
-0.00124195
-0.00123562
-0.00123592
-0.00122644
-0.00123927
-0.00121664
-0.00122633
-0.00118868
-0.00117992
-0.00113754
-0.00120859
-0.0010327
-0.001165
-0.00126113
-0.00125013
-0.00126197
-0.00125218
-0.00125267
-0.00125239
-0.00124752
-0.0012481
-0.0012359
-0.00123627
-0.00123011
-0.00123763
-0.00122264
-0.00122474
-0.00119941
-0.00120128
-0.00117586
-0.00115472
-0.00110882
-0.00121107
-0.00124607
-0.00124797
-0.00125557
-0.00125643
-0.00125798
-0.00126062
-0.00125546
-0.00125438
-0.00124209
-0.0012341
-0.00123045
-0.00123897
-0.0012237
-0.00123211
-0.00120616
-0.00121807
-0.00118736
-0.00121058
-0.00117141
-0.00123561
-0.00126538
-0.00125672
-0.00126398
-0.00126534
-0.00126669
-0.00126999
-0.00126706
-0.00126288
-0.00124996
-0.0012419
-0.00124892
-0.00125371
-0.00124087
-0.00124953
-0.00123747
-0.00123106
-0.00119768
-0.00121273
-0.00118386
-0.00126292
-0.00128672
-0.00127998
-0.00127692
-0.00128319
-0.00128761
-0.00129309
-0.00128905
-0.00128469
-0.00127027
-0.00125143
-0.00123582
-0.0012479
-0.00123451
-0.00124532
-0.00123162
-0.00126157
-0.0011976
-0.00123867
-0.00120152
-0.00129695
-0.00128683
-0.00129454
-0.00129797
-0.00130188
-0.00131092
-0.00132365
-0.00132194
-0.00130906
-0.00129409
-0.00129253
-0.00128523
-0.00128901
-0.00127713
-0.00128476
-0.00126164
-0.00126309
-0.00122438
-0.00128473
-0.00121696
-0.00130437
-0.00132844
-0.00132504
-0.00131862
-0.00133846
-0.00135792
-0.00137732
-0.00138404
-0.00136547
-0.00132005
-0.00129839
-0.00129001
-0.00127476
-0.00124819
-0.00127154
-0.00126522
-0.00128629
-0.00125659
-0.00126288
-0.00124883
-0.00131885
-0.00132458
-0.00132954
-0.00133978
-0.00136241
-0.00140174
-0.00146773
-0.00148786
-0.0014721
-0.0014087
-0.001344
-0.00132925
-0.00132614
-0.00131826
-0.00137497
-0.00132963
-0.00138458
-0.00130693
-0.00132896
-0.0012578
-0.00128563
-0.00128468
-0.00131277
-0.00133489
-0.00140023
-0.0015186
-0.00165608
-0.0017219
-0.00171046
-0.00157885
-0.00138409
-0.00129944
-0.00127568
-0.00125406
-0.00130725
-0.00128162
-0.00132431
-0.00124989
-0.00133377
-0.00122362
-0.001274
-0.00129814
-0.0013163
-0.00135626
-0.00146182
-0.00163447
-0.00186761
-0.00192818
-0.00191296
-0.00171164
-0.00141964
-0.00129485
-0.0013537
-0.00135206
-0.00138329
-0.00132636
-0.00132581
-0.00127046
-0.00132978
-0.00124469
-0.0012624
-0.00125532
-0.00129521
-0.00133147
-0.00146282
-0.00166081
-0.00191982
-0.0019802
-0.00193086
-0.00173691
-0.00140099
-0.00123593
-0.00127891
-0.00125905
-0.00127453
-0.00129378
-0.00128906
-0.00121484
-0.00124974
-0.00131299
-0.00118739
-0.00122919
-0.00125462
-0.00129931
-0.00140314
-0.00161528
-0.00184364
-0.00192153
-0.00185344
-0.00168169
-0.00136255
-0.0012802
-0.00127592
-0.00133397
-0.00140679
-0.0014579
-0.00156818
-0.00140711
-0.0014986
-0.0013471
-0.0011358
-0.00114749
-0.0011856
-0.00118969
-0.00128976
-0.00145846
-0.00160227
-0.00169771
-0.00168918
-0.00157145
-0.0013578
-0.00126173
-0.00137089
-0.00141284
-0.00126267
-0.00135179
-0.00124237
-0.00118148
-0.00119416
-0.00120029
-0.00101737
-0.00103928
-0.00111668
-0.00112962
-0.0011724
-0.00128518
-0.00139741
-0.00146349
-0.00153265
-0.0014882
-0.00130831
-0.00120046
-0.00157225
-0.00152363
-0.00126559
-0.00151182
-0.00150353
-0.00119815
-0.0014132
-0.00104982
-0.000833157
-0.00100082
-0.00105272
-0.00106235
-0.00108203
-0.00116852
-0.00126983
-0.00132749
-0.00154979
-0.00172479
-0.00163253
-0.00142896
-0.00135993
-0.00126682
-0.00135723
-0.00145396
-0.00124973
-0.000910687
-0.000798904
-0.000537628
-0.000568733
-0.000825234
-0.000964493
-0.0010566
-0.00104414
-0.00107599
-0.001015
-0.00106462
-0.00154382
-0.00207803
-0.00190224
-0.00137496
-0.00144914
-0.00109559
-0.00137592
-0.00123511
-0.00102367
-0.00158881
-0.000800759
-0.000358166
-0.000273081
-0.000615295
-0.000877559
-0.00102392
-0.0010564
-0.0010819
-0.00118853
-0.00136253
-0.00151767
-0.00152858
-0.00150782
-0.0015003
-0.00143712
-0.00135447
-0.00115597
-0.000965467
-0.000860812
-0.000877309
-0.00030588
0.00145939
)
;

boundaryField
{
    movingWall
    {
        type            zeroGradient;
    }
    fixedWalls
    {
        type            zeroGradient;
    }
    frontAndBack
    {
        type            empty;
    }
}


// ************************************************************************* //
