/*--------------------------------*- C++ -*----------------------------------*\
| =========                 |                                                 |
| \\      /  F ield         | OpenFOAM: The Open Source CFD Toolbox           |
|  \\    /   O peration     | Version:  5.x                                   |
|   \\  /    A nd           | Web:      www.OpenFOAM.org                      |
|    \\/     M anipulation  |                                                 |
\*---------------------------------------------------------------------------*/
FoamFile
{
    version     2.0;
    format      ascii;
    class       volVectorField;
    location    "13.9";
    object      U;
}
// * * * * * * * * * * * * * * * * * * * * * * * * * * * * * * * * * * * * * //

dimensions      [0 1 -1 0 0 0 0];

internalField   nonuniform List<vector> 
400
(
(-0.0144495 0.00980597 0)
(-0.0328322 0.00397367 0)
(-0.039383 0.00242974 0)
(-0.0448396 0.0010131 0)
(-0.0455868 -0.0011156 0)
(-0.0481016 0.000519518 0)
(-0.0460144 -0.00262314 0)
(-0.0485668 0.000958376 0)
(-0.0459284 -0.00212017 0)
(-0.048447 0.00117625 0)
(-0.0471985 -0.000940665 0)
(-0.0482438 -3.04624e-05 0)
(-0.0476109 -0.000824849 0)
(-0.0474118 -0.000925618 0)
(-0.0473231 -0.000656552 0)
(-0.0469436 -0.00180049 0)
(-0.0436402 -0.00144135 0)
(-0.0405044 -0.00470607 0)
(-0.03835 -0.00727059 0)
(-0.00353772 -0.0145175 0)
(-0.0079013 0.0298941 0)
(-0.0182467 0.0209807 0)
(-0.0196276 0.00995255 0)
(-0.0206746 0.00500399 0)
(-0.0202311 0.00225765 0)
(-0.0222387 0.00150152 0)
(-0.0172268 0.000737774 0)
(-0.0242441 0.000720583 0)
(-0.0153051 0.000794406 0)
(-0.025327 0.0006875 0)
(-0.0149226 0.000939369 0)
(-0.0239961 -0.000194382 0)
(-0.0173433 0.000523091 0)
(-0.0222474 -0.00134628 0)
(-0.0201185 0.000449403 0)
(-0.0182428 -0.0024237 0)
(-0.0219135 -0.00153805 0)
(-0.0133005 -0.0105213 0)
(-0.0301232 -0.0215483 0)
(-0.0019414 -0.0384575 0)
(-0.00454542 0.0380866 0)
(-0.00935708 0.0230144 0)
(-0.00784721 0.00644023 0)
(-0.00835025 0.00304964 0)
(-0.00397153 -0.000362991 0)
(-0.00852462 -0.00137858 0)
(-0.0030374 -0.00110486 0)
(-0.00814483 -0.00113431 0)
(-0.00455519 -0.000840389 0)
(-0.00669907 -0.000359026 0)
(-0.00611567 -0.000749397 0)
(-0.00505596 0.000337382 0)
(-0.00885944 0.000184778 0)
(-0.00449082 -0.000567703 0)
(-0.0121401 -0.00137576 0)
(-0.00198279 -0.00258307 0)
(-0.0121545 -0.0012973 0)
(0.00169632 0.000195098 0)
(-0.00767662 -0.00346007 0)
(0.000478764 -0.0441107 0)
(-0.00290632 0.0427424 0)
(-0.00341023 0.0271193 0)
(-0.00262709 0.00690941 0)
(-0.00513527 0.00235467 0)
(-0.00168399 0.0010476 0)
(-0.0056463 0.00129744 0)
(-0.00404629 0.000356078 0)
(-0.00655148 0.00174714 0)
(-0.00576316 0.000162413 0)
(-0.00603594 0.0013727 0)
(-0.00616552 0.000294937 0)
(-0.00402122 0.00151221 0)
(-0.00628134 0.000911248 0)
(-0.00122524 0.000285853 0)
(-0.00622852 -0.000874246 0)
(-0.000334819 -0.00447082 0)
(-0.00369135 -0.00497399 0)
(-0.00215282 -0.0167497 0)
(-0.0106383 -0.0233001 0)
(0.00279449 -0.0504987 0)
(-0.00251919 0.0441076 0)
(-0.000111798 0.0238772 0)
(-0.00102853 0.00830194 0)
(-0.00146633 0.00150653 0)
(-0.00282752 0.000406765 0)
(-0.00426774 0.000541999 0)
(-0.00494371 0.000170301 0)
(-0.00549492 0.000201273 0)
(-0.00583894 -0.000962612 0)
(-0.00481031 -0.000445195 0)
(-0.00559488 -0.00214808 0)
(-0.000897436 -0.000589339 0)
(-0.00531556 -0.00137885 0)
(0.0017446 -0.00167871 0)
(-0.00425846 -0.000910959 0)
(0.00177974 -0.00552039 0)
(-0.00585697 0.00182248 0)
(0.00468014 0.00424696 0)
(-0.00338504 -0.00134786 0)
(0.00313648 -0.0495217 0)
(2.06744e-06 0.0436858 0)
(-0.0011618 0.0267784 0)
(0.00149036 0.00732439 0)
(-0.00106675 0.0051494 0)
(-0.00291107 0.00329208 0)
(-0.00475807 0.00345245 0)
(-0.00554918 0.00193523 0)
(-0.00648612 0.00197497 0)
(-0.00692079 0.000255675 0)
(-0.00618418 0.000350671 0)
(-0.00646039 -0.00278937 0)
(-0.00166644 0.000725177 0)
(-0.00615474 -0.0010661 0)
(0.00014496 -0.00103597 0)
(-0.00561532 -0.000508141 0)
(-0.000552722 -0.00323998 0)
(-0.00776901 -0.00728256 0)
(0.00281278 -0.018731 0)
(-0.00783658 -0.0249756 0)
(0.00334428 -0.0550718 0)
(-0.00298898 0.0456982 0)
(-0.000344924 0.020861 0)
(-0.00150065 0.00768811 0)
(-0.00185651 0.0055193 0)
(-0.00239026 0.00430088 0)
(-0.00547973 0.00297619 0)
(-0.006018 0.00262984 0)
(-0.00699054 0.00110099 0)
(-0.00785755 -0.000608298 0)
(-0.00662878 -0.00126178 0)
(-0.00622324 -0.0066588 0)
(0.000278182 -0.00163161 0)
(-0.00625397 -0.00279258 0)
(0.00238198 -0.00344549 0)
(-0.00553705 0.000551172 0)
(0.00584767 -0.00526537 0)
(-0.00343193 -0.000316854 0)
(0.00255482 0.00261727 0)
(-0.00351785 0.00143357 0)
(0.00339387 -0.0514879 0)
(0.00223323 0.0448668 0)
(-0.00178159 0.0267701 0)
(0.000631859 0.00831698 0)
(-0.00226119 0.00658777 0)
(-0.00480649 0.00684045 0)
(-0.00598936 0.00640274 0)
(-0.00878896 0.00356342 0)
(-0.00884885 0.00331061 0)
(-0.00982059 0.000395886 0)
(-0.00885872 -0.00158364 0)
(-0.0052947 -0.00948952 0)
(-0.00266507 0.00105623 0)
(-0.00654975 -0.00199755 0)
(-0.00278922 -0.001558 0)
(-0.00816942 -0.00331019 0)
(0.0018693 -0.00450028 0)
(-0.0108397 -0.00415967 0)
(0.00443994 -0.0182612 0)
(-0.00672812 -0.0261393 0)
(0.00364495 -0.0576678 0)
(-0.00106108 0.0461243 0)
(-0.000327565 0.0224595 0)
(-0.00115227 0.00886432 0)
(-0.00360083 0.0101035 0)
(-0.00513509 0.00883066 0)
(-0.00673033 0.00703951 0)
(-0.00802693 0.006503 0)
(-0.0102342 0.00168823 0)
(-0.0109091 -0.000234078 0)
(-0.00824283 -0.00540997 0)
(-0.00187033 -0.0143443 0)
(-0.00208578 -0.0012604 0)
(-0.00483314 -0.0025994 0)
(-0.00168842 -0.00379809 0)
(-0.00685285 -0.00401272 0)
(-0.000759836 -0.00496599 0)
(-0.0082812 -0.000644334 0)
(0.00230315 -0.00374046 0)
(-0.00416641 0.00174056 0)
(0.00399533 -0.0533358 0)
(0.000615583 0.0462608 0)
(-0.000486069 0.0254108 0)
(-0.00185852 0.0107514 0)
(-0.00345144 0.0110593 0)
(-0.00269887 0.00901406 0)
(-0.00764556 0.00827334 0)
(-0.011209 0.00758681 0)
(-0.0137227 0.00639741 0)
(-0.0135567 -0.00172667 0)
(-0.00834683 -0.0100033 0)
(-0.00333081 -0.0136098 0)
(-0.00560922 0.00385607 0)
(-0.00362722 -0.000760124 0)
(-0.00572513 0.000749482 0)
(-0.00682034 -0.00200591 0)
(-0.00907816 -0.00287452 0)
(-0.00841822 -0.00598222 0)
(-0.00375066 -0.0224558 0)
(-0.00741292 -0.0248236 0)
(0.00528576 -0.0601606 0)
(0.00199794 0.0447482 0)
(0.00155517 0.0269305 0)
(0.00137455 0.0130436 0)
(-0.00025655 0.00966836 0)
(-0.00149962 0.0144903 0)
(-0.00867623 0.0166477 0)
(-0.0153522 0.0134516 0)
(-0.0168211 0.00458699 0)
(-0.014005 -0.00469905 0)
(-0.00993945 -0.0164824 0)
(-0.00428199 -0.0186511 0)
(-0.00186365 -0.00191532 0)
(0.00198837 -0.00261563 0)
(-0.000745678 -0.00285266 0)
(-0.00389037 -0.000607251 0)
(-0.00226578 -0.00633812 0)
(-0.00362675 -0.00593653 0)
(0.000217899 -0.00789531 0)
(-0.00734636 -0.00952977 0)
(0.00470082 -0.0556942 0)
(7.53157e-05 0.0452629 0)
(0.000563177 0.0257609 0)
(0.000608371 0.0125822 0)
(-0.00192482 0.0151311 0)
(-0.0103332 0.0163898 0)
(-0.0135691 0.0190052 0)
(-0.0169312 0.0152881 0)
(-0.0148845 0.0032647 0)
(-0.015563 -0.00966216 0)
(-0.0102873 -0.0219562 0)
(-0.00868591 -0.0216125 0)
(-0.00407352 -0.0014058 0)
(0.00308887 -0.000507048 0)
(0.00218243 0.00701168 0)
(0.00382482 0.00187062 0)
(0.00427378 -0.00289835 0)
(-0.00127121 -0.00473779 0)
(0.00804167 -0.0172613 0)
(-0.00746505 -0.0255774 0)
(0.00694537 -0.060085 0)
(-6.14936e-05 0.0411847 0)
(0.000762983 0.0239705 0)
(0.000926611 0.0148172 0)
(-0.00552633 0.0188423 0)
(-0.00380334 0.0238397 0)
(-0.0101747 0.0228029 0)
(-0.00830483 0.0156903 0)
(-0.00480831 0.00270062 0)
(-0.00552731 -0.00818603 0)
(0.000581156 -0.022771 0)
(-0.00347072 -0.0278728 0)
(0.00292009 -0.0144744 0)
(0.00544529 -0.0100847 0)
(0.0118835 -0.00597078 0)
(0.00671669 -0.00182929 0)
(0.0131641 -0.00432104 0)
(-0.00240014 -0.0102351 0)
(0.0116939 -0.00594647 0)
(-0.00780779 -0.00966658 0)
(0.00704507 -0.0571534 0)
(0.000542606 0.046224 0)
(0.0018256 0.0279448 0)
(0.000601157 0.0198446 0)
(0.00518029 0.0207199 0)
(-0.00144958 0.0230227 0)
(0.00309924 0.0235237 0)
(0.00148632 0.0140552 0)
(0.00907857 -0.000220473 0)
(0.00375128 -0.0117764 0)
(0.0132825 -0.0217268 0)
(0.00448752 -0.0229591 0)
(0.00414286 -0.0092332 0)
(0.00181886 -0.0050829 0)
(-0.00642459 0.00486931 0)
(-0.00445973 0.00354171 0)
(-0.00928646 0.00528227 0)
(-0.011786 0.000718289 0)
(-0.00192011 -0.0104631 0)
(-0.00980732 -0.0162614 0)
(0.00850613 -0.0637318 0)
(-0.00182828 0.0394001 0)
(0.00294142 0.0205788 0)
(0.0023039 0.0116684 0)
(0.00418157 0.0187137 0)
(0.00658805 0.0249772 0)
(0.0123923 0.0183629 0)
(0.0111763 0.0106191 0)
(0.0217324 -0.000749783 0)
(0.0164348 -0.0123824 0)
(0.0218943 -0.0222609 0)
(0.0145398 -0.0201614 0)
(0.00679136 -0.0154738 0)
(0.0148926 0.000729616 0)
(0.00637912 -0.00175601 0)
(-0.000230558 0.000109971 0)
(0.00165222 0.000398649 0)
(-0.000139114 -0.0197393 0)
(0.000725308 -0.0142406 0)
(-0.00817557 -0.0260349 0)
(0.0049497 -0.0603375 0)
(0.00258369 0.0424798 0)
(0.0014907 0.0270311 0)
(0.00834353 0.0199809 0)
(0.00788504 0.0191674 0)
(0.0166833 0.0148063 0)
(0.0216409 0.0210765 0)
(0.0249392 0.0078267 0)
(0.0295674 -0.00422897 0)
(0.0239763 -0.0116703 0)
(0.0335904 -0.0167181 0)
(0.0185296 -0.0135618 0)
(0.0153549 -0.00611785 0)
(0.00606408 -0.00532535 0)
(0.0199897 0.0214791 0)
(0.0044757 0.0114672 0)
(0.0180295 0.00693161 0)
(0.0097889 0.00817196 0)
(0.00688359 0.000978613 0)
(-0.00124544 -0.00967026 0)
(0.00976689 -0.0614873 0)
(-0.00246283 0.0386053 0)
(0.00744743 0.0136744 0)
(0.000110506 0.00582029 0)
(0.0152164 0.00619129 0)
(0.0115888 0.0103415 0)
(0.0194615 0.00981857 0)
(0.0262849 0.00131652 0)
(0.028584 0.00120761 0)
(0.031423 -0.0149736 0)
(0.0333718 -0.0148212 0)
(0.0190283 -0.000939544 0)
(0.00252671 -0.00458131 0)
(-0.0134701 -0.00487976 0)
(-0.013557 0.000184551 0)
(3.71579e-05 -0.0043396 0)
(-0.0105154 -0.00306931 0)
(-0.00446287 -0.0146057 0)
(0.0133131 -0.00755898 0)
(-0.00425229 -0.0380746 0)
(0.00511517 -0.0595506 0)
(0.00146024 0.035073 0)
(0.010506 0.0208227 0)
(0.00485091 0.0138774 0)
(0.0132586 0.00916081 0)
(0.0133136 0.00838672 0)
(0.0266158 0.00596479 0)
(0.0284146 -0.000649039 0)
(0.0319492 -0.0142064 0)
(0.0323387 -0.0163529 0)
(0.0279682 -0.00676307 0)
(0.0258348 0.0133446 0)
(0.027236 0.0189681 0)
(0.0240833 0.0178421 0)
(0.0270803 0.0123941 0)
(0.0282691 0.00453808 0)
(0.0365995 0.0141968 0)
(0.0285616 -0.00896557 0)
(0.0206833 0.000229161 0)
(0.00462775 0.0115299 0)
(0.0148682 -0.0506853 0)
(0.00169477 0.0278615 0)
(0.0158045 0.0160169 0)
(0.0134816 0.00325416 0)
(0.0182781 -0.00350485 0)
(0.015594 -0.00537071 0)
(0.0131834 -0.00278198 0)
(0.015149 -0.000794728 0)
(0.00357156 -0.00411908 0)
(-0.0155984 -0.00840638 0)
(-0.0260621 -0.00568337 0)
(-0.0211941 -0.000109693 0)
(-0.0109315 -0.00331837 0)
(-0.0148683 -0.00499808 0)
(0.00788235 -0.00830172 0)
(-0.0118865 -0.0148256 0)
(0.00335149 0.00103366 0)
(0.00293117 -0.000681189 0)
(-0.0160364 0.00558351 0)
(0.0185648 -0.0362253 0)
(0.0109115 -0.0578261 0)
(0.00973484 0.0169306 0)
(0.0294629 0.0117901 0)
(0.0390514 0.0107059 0)
(0.0433752 0.0101545 0)
(0.0466373 0.0101076 0)
(0.0474519 0.00870479 0)
(0.0501353 0.00653493 0)
(0.0551473 0.00911221 0)
(0.0577811 0.011653 0)
(0.0601445 0.00915683 0)
(0.0568852 0.00226839 0)
(0.062738 0.00324264 0)
(0.0589009 0.00657993 0)
(0.0623537 0.00414989 0)
(0.0581099 0.0131319 0)
(0.0576937 -0.000871976 0)
(0.0566806 0.00639147 0)
(0.0574669 -0.00625766 0)
(0.0556703 -0.00707474 0)
(0.0249269 -0.00162747 0)
)
;

boundaryField
{
    movingWall
    {
        type            fixedValue;
        value           uniform (1 0 0);
    }
    fixedWalls
    {
        type            noSlip;
    }
    frontAndBack
    {
        type            empty;
    }
}


// ************************************************************************* //
