/*--------------------------------*- C++ -*----------------------------------*\
| =========                 |                                                 |
| \\      /  F ield         | OpenFOAM: The Open Source CFD Toolbox           |
|  \\    /   O peration     | Version:  5.x                                   |
|   \\  /    A nd           | Web:      www.OpenFOAM.org                      |
|    \\/     M anipulation  |                                                 |
\*---------------------------------------------------------------------------*/
FoamFile
{
    version     2.0;
    format      ascii;
    class       volScalarField;
    location    "17.2";
    object      p;
}
// * * * * * * * * * * * * * * * * * * * * * * * * * * * * * * * * * * * * * //

dimensions      [0 2 -2 0 0 0 0];

internalField   nonuniform List<scalar> 
400
(
1.25435e-11
-0.000785692
-0.00133538
-0.00166789
-0.00181267
-0.00188773
-0.00191855
-0.00194286
-0.0019556
-0.00197302
-0.00197722
-0.00198428
-0.00198499
-0.00197124
-0.0019189
-0.00178718
-0.0015389
-0.00117525
-0.000843087
0.000558059
-0.000849918
-0.00136866
-0.00169862
-0.00185317
-0.00190353
-0.00193098
-0.00193965
-0.00195258
-0.00196148
-0.00198173
-0.00199777
-0.00201528
-0.00202355
-0.00199275
-0.00197912
-0.00188436
-0.00183435
-0.00162425
-0.00152636
-0.000519876
-0.00138074
-0.00174769
-0.00187495
-0.00194464
-0.00193757
-0.00194162
-0.00193714
-0.00194464
-0.0019562
-0.00196744
-0.00198221
-0.00198753
-0.00199242
-0.00196786
-0.00196191
-0.00185137
-0.00184218
-0.00171278
-0.00160763
-0.00116813
-0.00169664
-0.00192521
-0.00195761
-0.00197056
-0.00195575
-0.00195114
-0.00195136
-0.00195647
-0.00196522
-0.00197582
-0.00198801
-0.00199276
-0.00199706
-0.00196847
-0.00197026
-0.00192795
-0.00192036
-0.00179879
-0.00180228
-0.00158984
-0.00185042
-0.00197982
-0.00196785
-0.00197315
-0.00195234
-0.0019516
-0.0019471
-0.00195065
-0.00195832
-0.00196286
-0.00197255
-0.00197051
-0.00197193
-0.0019765
-0.00199288
-0.00196909
-0.00197156
-0.00188667
-0.0018538
-0.00180531
-0.00190077
-0.00197035
-0.00195974
-0.00195495
-0.00194932
-0.00194743
-0.00195143
-0.00195655
-0.0019659
-0.00197048
-0.00198182
-0.00198637
-0.00197928
-0.00196155
-0.00199835
-0.00197872
-0.00199978
-0.00195073
-0.00194942
-0.00193355
-0.00192351
-0.00194937
-0.00196179
-0.00195165
-0.00194768
-0.0019471
-0.00194986
-0.00195412
-0.00196277
-0.00195962
-0.00196179
-0.00197086
-0.0019677
-0.00199096
-0.00198903
-0.00199259
-0.00201054
-0.00199028
-0.00196662
-0.00199598
-0.00190706
-0.00192809
-0.00191877
-0.00192314
-0.00192776
-0.00193155
-0.00194327
-0.00195364
-0.00195772
-0.00196443
-0.00199474
-0.00199753
-0.00199559
-0.00200196
-0.00202123
-0.00200289
-0.00201943
-0.00202651
-0.00201525
-0.00206217
-0.001891
-0.00189914
-0.00192609
-0.00191792
-0.00193194
-0.0019305
-0.00195374
-0.00196388
-0.00199585
-0.00198938
-0.00201306
-0.00196484
-0.00210425
-0.00206254
-0.00205242
-0.0020331
-0.00213978
-0.0020727
-0.00205848
-0.00207174
-0.00187189
-0.00188011
-0.00188421
-0.00189297
-0.00190426
-0.00191233
-0.00193083
-0.00193323
-0.00196635
-0.00201689
-0.0020208
-0.00198219
-0.00208975
-0.00215037
-0.00204777
-0.0020166
-0.00204134
-0.002054
-0.00207853
-0.0019908
-0.00185207
-0.00184175
-0.0018701
-0.00187605
-0.00189317
-0.00190127
-0.00195168
-0.00197138
-0.00198153
-0.00205273
-0.00210975
-0.00214095
-0.00215179
-0.00206643
-0.00203559
-0.00202643
-0.00203002
-0.00194013
-0.00195551
-0.00185408
-0.00182574
-0.0018308
-0.00183599
-0.00184888
-0.00188831
-0.00189884
-0.00194075
-0.00198703
-0.00197928
-0.00209116
-0.00211277
-0.00219014
-0.0020888
-0.00198986
-0.00199221
-0.00192573
-0.00199797
-0.00184485
-0.00188059
-0.00186354
-0.00180078
-0.00180784
-0.00182481
-0.00183312
-0.00188164
-0.001861
-0.00190531
-0.00193756
-0.00195216
-0.00206611
-0.00207929
-0.00215442
-0.00205316
-0.00202308
-0.00204606
-0.00198094
-0.00207919
-0.00190029
-0.0019918
-0.00184585
-0.00176906
-0.00176952
-0.0018053
-0.00179025
-0.00186591
-0.00186483
-0.00185157
-0.00190312
-0.00189903
-0.0020836
-0.0021533
-0.00216234
-0.00210414
-0.00203251
-0.00200949
-0.00188925
-0.00198072
-0.00178615
-0.00185743
-0.00169117
-0.00172672
-0.0017347
-0.00179207
-0.00178543
-0.00184024
-0.00181738
-0.00183142
-0.00187702
-0.00189018
-0.00207201
-0.00213454
-0.00214666
-0.00207421
-0.00201819
-0.00205118
-0.00193167
-0.00197495
-0.00164731
-0.00181271
-0.00168724
-0.00166703
-0.00170445
-0.00174752
-0.00173952
-0.00180924
-0.00179846
-0.00180931
-0.0018845
-0.00182903
-0.00202546
-0.00204814
-0.00199966
-0.00196669
-0.00180252
-0.00189378
-0.00178967
-0.00193192
-0.00174478
-0.00176104
-0.00167792
-0.00156223
-0.00164192
-0.00173337
-0.00176056
-0.00176431
-0.00178743
-0.00179051
-0.00189415
-0.00196836
-0.00201676
-0.00201843
-0.00198956
-0.00189577
-0.00203091
-0.00198467
-0.00199502
-0.0019768
-0.00187052
-0.00191403
-0.00160054
-0.00139633
-0.00157091
-0.00165622
-0.00170048
-0.0017498
-0.00179611
-0.00177099
-0.00192581
-0.00196701
-0.00203159
-0.00201232
-0.00202333
-0.00206291
-0.00201213
-0.00182061
-0.00177118
-0.00186536
-0.00168693
-0.00149884
-0.00135146
-0.00112572
-0.00135767
-0.00154637
-0.00163007
-0.00166478
-0.00166716
-0.00165238
-0.00192101
-0.00208821
-0.00220715
-0.00217276
-0.00209331
-0.00217372
-0.00180679
-0.00172925
-0.00176525
-0.00185184
-0.00199402
-0.00189125
-0.00083498
-0.000832942
-0.00113093
-0.00139079
-0.00158572
-0.00170395
-0.00177998
-0.00182812
-0.00190803
-0.00200596
-0.00206971
-0.00207023
-0.00200096
-0.00183533
-0.00172121
-0.00171271
-0.00169081
-0.00170525
-0.00142024
-0.000751812
0.00126852
)
;

boundaryField
{
    movingWall
    {
        type            zeroGradient;
    }
    fixedWalls
    {
        type            zeroGradient;
    }
    frontAndBack
    {
        type            empty;
    }
}


// ************************************************************************* //
