/*--------------------------------*- C++ -*----------------------------------*\
| =========                 |                                                 |
| \\      /  F ield         | OpenFOAM: The Open Source CFD Toolbox           |
|  \\    /   O peration     | Version:  5.x                                   |
|   \\  /    A nd           | Web:      www.OpenFOAM.org                      |
|    \\/     M anipulation  |                                                 |
\*---------------------------------------------------------------------------*/
FoamFile
{
    version     2.0;
    format      ascii;
    class       surfaceScalarField;
    location    "7.9";
    object      phi;
}
// * * * * * * * * * * * * * * * * * * * * * * * * * * * * * * * * * * * * * //

dimensions      [0 3 -1 0 0 0 0];

internalField   nonuniform List<scalar> 
760
(
-7.69497e-07
7.69497e-07
-1.76513e-06
9.95634e-07
-2.5333e-06
7.68165e-07
-2.7362e-06
2.02905e-07
-2.93423e-06
1.98029e-07
-2.84502e-06
-8.92067e-08
-2.57327e-06
-2.71751e-07
-2.56874e-06
-4.52814e-09
-2.48098e-06
-8.77587e-08
-2.20058e-06
-2.80406e-07
-2.08738e-06
-1.13204e-07
-2.14972e-06
6.23432e-08
-2.23216e-06
8.24456e-08
-2.23048e-06
-1.68073e-09
-2.25565e-06
2.51639e-08
-2.23011e-06
-2.5542e-08
-2.17885e-06
-5.12563e-08
-1.87067e-06
-3.0818e-07
-1.26538e-06
-6.05285e-07
-1.26538e-06
-1.05122e-06
1.82071e-06
-1.57347e-06
1.51789e-06
-1.9291e-06
1.12379e-06
-2.29001e-06
5.63807e-07
-2.20918e-06
1.17199e-07
-2.0628e-06
-2.35587e-07
-1.91467e-06
-4.19878e-07
-1.52906e-06
-3.90135e-07
-1.22846e-06
-3.88361e-07
-1.13146e-06
-3.77407e-07
-1.03361e-06
-2.11048e-07
-8.91257e-07
-8.00144e-08
-8.40372e-07
3.1561e-08
-8.57347e-07
1.52943e-08
-9.37357e-07
1.05174e-07
-9.50196e-07
-1.27031e-08
-1.01489e-06
1.34398e-08
-1.00594e-06
-3.17132e-07
-8.41253e-07
-7.69971e-07
-2.10664e-06
-5.10937e-07
2.33165e-06
-8.10254e-07
1.81721e-06
-9.2861e-07
1.24215e-06
-9.72152e-07
6.07349e-07
-9.41998e-07
8.7045e-08
-8.67502e-07
-3.10083e-07
-7.63148e-07
-5.24231e-07
-6.10768e-07
-5.42516e-07
-5.08073e-07
-4.91056e-07
-4.64684e-07
-4.20796e-07
-3.93303e-07
-2.82429e-07
-2.98367e-07
-1.74951e-07
-2.23083e-07
-4.37221e-08
-1.66135e-07
-4.16542e-08
-1.20094e-07
5.9133e-08
-8.10237e-08
-5.17736e-08
-5.87691e-08
-8.81484e-09
-1.09163e-07
-2.66738e-07
-2.39887e-07
-6.39248e-07
-2.34652e-06
8.31858e-08
2.24846e-06
1.45579e-07
1.75481e-06
2.03011e-07
1.18472e-06
2.25112e-07
5.85248e-07
2.14676e-07
9.74802e-08
1.77699e-07
-2.73106e-07
1.20669e-07
-4.67201e-07
7.26317e-08
-4.94478e-07
3.07696e-08
-4.49194e-07
-2.07123e-08
-3.69314e-07
-4.82846e-08
-2.54856e-07
-5.54882e-08
-1.67748e-07
-5.2124e-08
-4.70863e-08
-4.43121e-08
-4.94661e-08
-3.68311e-08
5.16521e-08
-4.06638e-08
-4.79409e-08
-5.51532e-08
5.67455e-09
-1.2201e-07
-1.99881e-07
-1.39406e-07
-6.21852e-07
-2.48593e-06
4.12809e-07
1.83566e-06
6.73479e-07
1.49414e-06
8.13107e-07
1.04509e-06
8.30952e-07
5.67402e-07
7.65958e-07
1.62475e-07
6.28228e-07
-1.35376e-07
4.55617e-07
-2.9459e-07
2.98221e-07
-3.37082e-07
1.60895e-07
-3.11868e-07
5.48282e-08
-2.63247e-07
-7.52971e-09
-1.92499e-07
-3.6377e-08
-1.389e-07
-2.47927e-08
-5.86706e-08
-1.06405e-08
-6.36183e-08
1.83982e-08
2.26134e-08
2.20228e-08
-5.15656e-08
2.29776e-09
2.53996e-08
-2.63421e-08
-1.71241e-07
-3.33236e-08
-6.14871e-07
-2.51925e-06
4.57774e-07
1.37788e-06
7.59136e-07
1.19278e-06
9.1575e-07
8.88478e-07
9.36246e-07
5.46906e-07
8.5482e-07
2.439e-07
7.06232e-07
1.32126e-08
5.3547e-07
-1.23828e-07
3.83636e-07
-1.85248e-07
2.59421e-07
-1.87652e-07
1.71639e-07
-1.75466e-07
1.04345e-07
-1.25205e-07
6.91475e-08
-1.03702e-07
4.40512e-08
-3.35742e-08
2.91973e-08
-4.87644e-08
2.38278e-08
2.79829e-08
7.06714e-09
-3.48049e-08
3.35799e-09
2.91087e-08
-3.11385e-08
-1.36745e-07
-1.39532e-08
-6.32056e-07
-2.53321e-06
3.64267e-07
1.01361e-06
6.2693e-07
9.30119e-07
7.76488e-07
7.3892e-07
8.12582e-07
5.10812e-07
7.60866e-07
2.95616e-07
6.52062e-07
1.22017e-07
5.21281e-07
6.9531e-09
3.99549e-07
-6.35166e-08
2.93264e-07
-8.13671e-08
2.14153e-07
-9.63545e-08
1.49036e-07
-6.0088e-08
1.12108e-07
-6.6774e-08
8.33213e-08
-4.78757e-09
6.79026e-08
-3.33457e-08
5.43176e-08
4.1568e-08
3.26231e-08
-1.31104e-08
9.27909e-09
5.24527e-08
-1.9155e-08
-1.0831e-07
-3.00291e-08
-6.21182e-07
-2.56324e-06
2.68252e-07
7.45362e-07
4.70284e-07
7.28088e-07
5.91082e-07
6.18122e-07
6.31525e-07
4.70369e-07
6.03974e-07
3.23167e-07
5.36724e-07
1.89267e-07
4.47185e-07
9.6492e-08
3.59392e-07
2.42769e-08
2.75805e-07
2.2191e-09
2.08406e-07
-2.89552e-08
1.50789e-07
-2.47135e-09
1.11905e-07
-2.789e-08
7.95628e-08
2.7555e-08
6.00874e-08
-1.38703e-08
4.3485e-08
5.81703e-08
3.20625e-08
-1.68796e-09
2.01128e-08
6.44024e-08
7.65464e-09
-9.58523e-08
1.17677e-08
-6.25295e-07
-2.55147e-06
1.95765e-07
5.49597e-07
3.58871e-07
5.64981e-07
4.70522e-07
5.06471e-07
5.19483e-07
4.21408e-07
5.16879e-07
3.2577e-07
4.75881e-07
2.30266e-07
4.1376e-07
1.58613e-07
3.46256e-07
9.1781e-08
2.79268e-07
6.9207e-08
2.26719e-07
2.35941e-08
1.80319e-07
4.39282e-08
1.48613e-07
3.81672e-09
1.23213e-07
5.29546e-08
9.9927e-08
9.41559e-09
7.92212e-08
7.88761e-08
4.94559e-08
2.80774e-08
2.72036e-08
8.66547e-08
-9.16566e-09
-5.9483e-08
-9.44295e-09
-6.25018e-07
-2.56091e-06
1.81043e-07
3.68554e-07
2.90574e-07
4.5545e-07
3.53124e-07
4.43921e-07
3.80615e-07
3.93917e-07
3.75556e-07
3.30829e-07
3.58795e-07
2.47027e-07
3.23964e-07
1.93443e-07
2.8325e-07
1.32496e-07
2.35216e-07
1.17241e-07
1.90297e-07
6.85121e-08
1.50811e-07
8.34143e-08
1.1319e-07
4.14377e-08
9.00641e-08
7.6081e-08
6.23423e-08
3.71373e-08
5.88582e-08
8.23602e-08
6.22573e-08
2.46782e-08
4.79014e-08
1.01011e-07
4.18808e-08
-5.34624e-08
1.61445e-08
-5.99282e-07
-2.54477e-06
1.62813e-07
2.05741e-07
2.79751e-07
3.38513e-07
3.65093e-07
3.58578e-07
3.93608e-07
3.65403e-07
3.88927e-07
3.3551e-07
3.49288e-07
2.86667e-07
3.04351e-07
2.38379e-07
2.57177e-07
1.79671e-07
2.22463e-07
1.51955e-07
1.87522e-07
1.03453e-07
1.6846e-07
1.02477e-07
1.46143e-07
6.37545e-08
1.39161e-07
8.3063e-08
1.27384e-07
4.89142e-08
1.05384e-07
1.0436e-07
6.31721e-08
6.689e-08
5.71633e-08
1.07019e-07
1.33919e-09
2.36166e-09
-2.7472e-08
-5.7047e-07
-2.57224e-06
2.84197e-07
-7.84561e-08
2.72229e-07
3.50481e-07
2.59127e-07
3.7168e-07
2.68488e-07
3.56042e-07
2.81526e-07
3.22472e-07
2.9308e-07
2.75113e-07
2.74654e-07
2.56805e-07
2.45817e-07
2.08508e-07
2.05389e-07
1.92383e-07
1.68156e-07
1.40686e-07
1.30277e-07
1.40356e-07
9.34454e-08
1.00586e-07
6.42031e-08
1.12305e-07
5.24164e-09
1.07876e-07
3.57981e-08
7.3804e-08
-3.86166e-09
1.0655e-07
3.40443e-08
6.91133e-08
6.17719e-08
-2.53659e-08
3.16394e-08
-5.40338e-07
-2.5406e-06
3.54713e-07
-4.33169e-07
3.60368e-07
3.44826e-07
3.49152e-07
3.82897e-07
2.43205e-07
4.61989e-07
1.60833e-07
4.04843e-07
1.11901e-07
3.24045e-07
1.0312e-07
2.65585e-07
9.36588e-08
2.17969e-07
1.08613e-07
1.77428e-07
9.51342e-08
1.54165e-07
1.16071e-07
1.19419e-07
7.91694e-08
1.37488e-07
1.33573e-07
5.79022e-08
1.1964e-07
1.21808e-07
1.24016e-07
6.9428e-08
1.05729e-07
1.24836e-07
1.08214e-07
6.66291e-08
6.84123e-08
1.44354e-08
-1.89289e-08
-4.52997e-07
-2.55953e-06
1.94185e-07
-6.27354e-07
2.34503e-07
3.04508e-07
3.43328e-07
2.74072e-07
4.69713e-07
3.35604e-07
5.17148e-07
3.57408e-07
4.67071e-07
3.74122e-07
4.06718e-07
3.25939e-07
3.31515e-07
2.93171e-07
2.72539e-07
2.36404e-07
2.14837e-07
2.11867e-07
1.75608e-07
1.58648e-07
1.33104e-07
1.79992e-07
5.65718e-08
1.34435e-07
1.88354e-08
1.59544e-07
-9.37423e-08
1.82006e-07
-2.63655e-07
2.94749e-07
-6.0539e-08
-1.36487e-07
5.19655e-08
-9.80692e-08
4.88618e-08
-4.49893e-07
-2.51067e-06
8.77866e-08
-7.1514e-07
1.15653e-07
2.76641e-07
-9.67971e-08
4.86522e-07
-1.36224e-07
3.75031e-07
-1.62758e-07
3.83941e-07
-1.10554e-07
3.21918e-07
-1.18842e-07
3.34227e-07
-9.42157e-08
2.68544e-07
-9.13454e-08
2.33534e-07
-7.61256e-08
1.96648e-07
-8.54113e-08
1.67934e-07
-1.12137e-07
2.06718e-07
-6.87959e-08
9.10933e-08
-1.82985e-07
2.73733e-07
4.67249e-08
-4.77041e-08
1.35287e-07
2.06187e-07
2.46969e-08
-2.58968e-08
-9.05698e-08
1.71975e-08
-6.31079e-08
-4.77355e-07
-2.57377e-06
7.03838e-08
-7.85524e-07
8.28759e-08
2.64149e-07
9.71356e-08
4.72262e-07
2.3748e-07
2.34687e-07
2.58946e-07
3.62476e-07
3.0784e-07
2.73024e-07
3.90866e-07
2.51201e-07
4.15674e-07
2.43737e-07
4.67665e-07
1.81543e-07
4.43025e-07
2.21288e-07
4.69558e-07
1.41401e-07
3.89662e-07
2.86614e-07
4.48837e-07
3.19176e-08
3.26628e-07
3.95943e-07
1.95168e-07
8.37559e-08
1.54729e-07
2.46627e-07
8.39111e-08
4.49208e-08
4.05396e-08
6.0569e-08
6.51516e-08
-5.01967e-07
-2.50862e-06
-2.82824e-07
-5.02701e-07
-5.44739e-07
5.26065e-07
-3.51974e-07
2.79497e-07
-3.65036e-07
2.47748e-07
-3.22478e-07
3.19918e-07
-3.04591e-07
2.55137e-07
-2.79465e-07
2.26075e-07
-2.62407e-07
2.26678e-07
-2.87271e-07
2.06407e-07
-2.5439e-07
1.88406e-07
-2.77327e-07
1.64338e-07
-1.9593e-07
2.05217e-07
-2.57658e-07
9.3645e-08
-1.78638e-07
3.16923e-07
-1.21555e-07
2.66729e-08
-2.49945e-07
3.75017e-07
1.47275e-07
-3.52299e-07
1.50353e-07
5.74914e-08
2.51018e-08
-3.76716e-07
-2.48352e-06
-8.66462e-08
-4.16054e-07
2.94029e-07
1.4539e-07
2.74097e-07
2.99428e-07
2.81639e-07
2.40206e-07
3.44669e-07
2.56889e-07
3.80852e-07
2.18953e-07
4.25319e-07
1.81609e-07
4.81974e-07
1.70022e-07
4.95911e-07
1.92471e-07
5.3206e-07
1.52257e-07
5.18208e-07
1.7819e-07
5.59968e-07
1.63457e-07
5.78522e-07
7.50906e-08
5.12428e-07
3.83018e-07
6.2115e-07
-8.20489e-08
5.69932e-07
4.26235e-07
4.52198e-07
-2.34566e-07
2.01577e-07
3.08113e-07
2.30694e-07
-4.05833e-07
-2.25283e-06
-7.9035e-07
3.74296e-07
-9.02828e-07
2.57868e-07
-8.74253e-07
2.70853e-07
-7.87871e-07
1.53825e-07
-7.09317e-07
1.78336e-07
-6.32979e-07
1.42615e-07
-5.95151e-07
1.43781e-07
-5.57091e-07
1.31962e-07
-4.95417e-07
1.30797e-07
-4.62822e-07
1.19662e-07
-3.77285e-07
9.2654e-08
-3.20003e-07
1.06175e-07
-3.03707e-07
5.87944e-08
-9.83635e-08
1.77674e-07
-2.96014e-07
1.15601e-07
9.31768e-09
1.20904e-07
-1.94012e-07
-3.12366e-08
1.54099e-07
-3.99983e-08
6.99557e-07
-9.51291e-07
-1.55327e-06
3.74296e-07
6.32164e-07
9.03017e-07
1.05684e-06
1.23518e-06
1.37779e-06
1.52157e-06
1.65353e-06
1.78433e-06
1.90399e-06
1.99665e-06
2.10282e-06
2.16162e-06
2.33929e-06
2.45489e-06
2.5758e-06
2.54456e-06
2.50456e-06
1.55327e-06
)
;

boundaryField
{
    movingWall
    {
        type            calculated;
        value           uniform 0;
    }
    fixedWalls
    {
        type            calculated;
        value           uniform 0;
    }
    frontAndBack
    {
        type            empty;
        value           nonuniform 0();
    }
}


// ************************************************************************* //
