/*--------------------------------*- C++ -*----------------------------------*\
| =========                 |                                                 |
| \\      /  F ield         | OpenFOAM: The Open Source CFD Toolbox           |
|  \\    /   O peration     | Version:  5.x                                   |
|   \\  /    A nd           | Web:      www.OpenFOAM.org                      |
|    \\/     M anipulation  |                                                 |
\*---------------------------------------------------------------------------*/
FoamFile
{
    version     2.0;
    format      ascii;
    class       surfaceScalarField;
    location    "19.2";
    object      phi;
}
// * * * * * * * * * * * * * * * * * * * * * * * * * * * * * * * * * * * * * //

dimensions      [0 3 -1 0 0 0 0];

internalField   nonuniform List<scalar> 
760
(
-1.32142e-06
1.32142e-06
-2.21851e-06
8.97092e-07
-2.66909e-06
4.50574e-07
-2.90908e-06
2.39989e-07
-3.00518e-06
9.61059e-08
-3.07687e-06
7.16888e-08
-3.09986e-06
2.29912e-08
-3.14034e-06
4.04766e-08
-3.1545e-06
1.41575e-08
-3.17342e-06
1.89252e-08
-3.16543e-06
-7.99403e-09
-3.17056e-06
5.13166e-09
-3.15271e-06
-1.78483e-08
-3.12768e-06
-2.5034e-08
-3.06337e-06
-6.43096e-08
-2.94281e-06
-1.20556e-07
-2.77215e-06
-1.70665e-07
-2.3555e-06
-4.16647e-07
-1.66019e-06
-6.95313e-07
-1.66019e-06
-7.51181e-07
2.0726e-06
-1.20752e-06
1.35343e-06
-1.35493e-06
5.97985e-07
-1.42079e-06
3.05851e-07
-1.45658e-06
1.31899e-07
-1.47444e-06
8.95487e-08
-1.49323e-06
4.17762e-08
-1.50844e-06
5.56847e-08
-1.49723e-06
2.95347e-09
-1.51798e-06
3.96695e-08
-1.53252e-06
6.55363e-09
-1.56893e-06
4.15363e-08
-1.56925e-06
-1.75296e-08
-1.54922e-06
-4.50613e-08
-1.54984e-06
-6.36906e-08
-1.47683e-06
-1.93568e-07
-1.46799e-06
-1.795e-07
-1.37838e-06
-5.06254e-07
-9.62622e-07
-1.11108e-06
-2.62281e-06
-4.04418e-07
2.47702e-06
-5.9541e-07
1.54442e-06
-6.07989e-07
6.10564e-07
-6.48685e-07
3.46546e-07
-6.82751e-07
1.65965e-07
-7.31005e-07
1.37803e-07
-7.8834e-07
9.91108e-08
-7.8798e-07
5.53253e-08
-7.94666e-07
9.63917e-09
-7.59781e-07
4.78481e-09
-7.87833e-07
3.46054e-08
-8.07449e-07
6.11524e-08
-8.51505e-07
2.65261e-08
-7.96647e-07
-9.99195e-08
-7.225e-07
-1.37838e-07
-6.45664e-07
-2.70403e-07
-3.47813e-07
-4.77352e-07
-2.30857e-07
-6.23211e-07
-3.94477e-07
-9.47455e-07
-3.01729e-06
-2.15186e-07
2.69221e-06
-2.93565e-07
1.6228e-06
-2.67911e-07
5.84909e-07
-2.65572e-07
3.44208e-07
-2.75007e-07
1.75399e-07
-2.90484e-07
1.53281e-07
-3.28317e-07
1.36944e-07
-3.60023e-07
8.70315e-08
-3.93915e-07
4.3531e-08
-4.1708e-07
2.79492e-08
-4.59256e-07
7.67815e-08
-4.79479e-07
8.13758e-08
-4.85547e-07
3.25944e-08
-5.36442e-07
-4.90251e-08
-6.07389e-07
-6.68903e-08
-6.22562e-07
-2.5523e-07
-5.06593e-07
-5.93321e-07
-2.17021e-07
-9.12782e-07
-1.84718e-07
-9.79759e-07
-3.202e-06
-1.18168e-07
2.81037e-06
-1.14572e-07
1.6192e-06
-9.9363e-08
5.69701e-07
-5.87364e-08
3.03581e-07
-5.47693e-08
1.71432e-07
-7.34839e-08
1.71995e-07
-9.78502e-08
1.6131e-07
-1.34046e-07
1.23227e-07
-2.04732e-07
1.14218e-07
-2.31296e-07
5.45125e-08
-1.9207e-07
3.75559e-08
-1.02341e-07
-8.35379e-09
1.55867e-08
-8.53328e-08
-2.42098e-08
-9.2286e-09
6.2818e-08
-1.53918e-07
-7.02999e-09
-1.85382e-07
-5.92815e-08
-5.4107e-07
-7.85526e-09
-9.64208e-07
-4.00486e-08
-9.47566e-07
-3.24205e-06
-5.50644e-08
2.86544e-06
-7.84703e-08
1.64261e-06
-1.644e-08
5.07671e-07
3.32188e-08
2.53922e-07
-2.2503e-08
2.27154e-07
-2.26497e-08
1.72142e-07
-3.97101e-08
1.7837e-07
-7.18759e-08
1.55393e-07
-7.8358e-08
1.207e-07
-1.43874e-07
1.20028e-07
-2.87665e-07
1.81347e-07
-2.77488e-07
-1.85308e-08
-6.60498e-08
-2.96771e-07
-8.8676e-08
1.33976e-08
1.52079e-07
-3.94674e-07
2.699e-07
-3.03203e-07
9.07117e-09
-2.8024e-07
-1.58071e-08
-9.3933e-07
-5.96377e-08
-9.03735e-07
-3.30169e-06
-5.62269e-08
2.92167e-06
-2.44302e-08
1.61081e-06
-4.32597e-08
5.265e-07
-3.21463e-08
2.42809e-07
-5.9227e-09
2.0093e-07
2.36325e-08
1.42587e-07
5.69405e-08
1.45062e-07
3.79101e-08
1.74423e-07
2.79149e-09
1.55819e-07
-2.42389e-08
1.47058e-07
-3.53349e-08
1.92443e-07
-7.19594e-08
1.80937e-08
-1.08413e-07
-2.60317e-07
-1.61097e-07
6.6081e-08
1.6795e-08
-5.72565e-07
1.10383e-08
-2.97446e-07
-1.63203e-07
-1.05999e-07
-6.33527e-08
-1.03918e-06
2.56998e-08
-9.92788e-07
-3.27599e-06
-1.3404e-08
2.93507e-06
-5.02767e-08
1.64769e-06
-3.49884e-08
5.11212e-07
1.50893e-08
1.92731e-07
6.83645e-09
2.09183e-07
-1.98114e-08
1.69235e-07
-9.71189e-08
2.2237e-07
-1.81421e-07
2.58725e-07
-2.74056e-07
2.48454e-07
-2.95435e-07
1.68437e-07
-1.3318e-07
3.01884e-08
-4.69407e-08
-6.81459e-08
-2.21563e-07
-8.56948e-08
-4.28716e-07
2.73234e-07
-2.09024e-07
-7.92257e-07
-1.55616e-07
-3.50854e-07
-3.38407e-07
7.67925e-08
-2.43931e-07
-1.13366e-06
-7.72468e-08
-1.15947e-06
-3.35324e-06
-3.25697e-08
2.96764e-06
-2.35484e-08
1.63866e-06
-3.68713e-08
5.24535e-07
-6.25216e-08
2.18381e-07
-3.06328e-08
1.77294e-07
4.67585e-08
9.18432e-08
5.354e-08
2.15589e-07
6.28332e-08
2.49432e-07
2.77644e-07
3.36428e-08
3.43739e-07
1.02342e-07
2.13966e-07
1.59961e-07
2.77907e-08
1.1803e-07
-9.4191e-08
3.62869e-08
-1.43885e-07
3.22928e-07
-7.06766e-08
-8.65466e-07
-1.23167e-08
-4.09214e-07
-3.51753e-08
9.96512e-08
-1.59857e-08
-1.15285e-06
2.85786e-09
-1.17832e-06
-3.35038e-06
-3.07466e-09
2.97071e-06
-7.46784e-08
1.71027e-06
-1.00676e-07
5.50532e-07
-5.97099e-08
1.77415e-07
7.06796e-09
1.10517e-07
5.55602e-08
4.3351e-08
1.46034e-07
1.25115e-07
2.13876e-07
1.8159e-07
2.73746e-07
-2.62268e-08
1.5907e-07
2.17018e-07
-3.75324e-08
3.56563e-07
-8.01232e-08
1.6062e-07
-9.76917e-08
5.38553e-08
-1.6539e-07
3.90627e-07
-5.3459e-07
-4.96266e-07
-4.11308e-07
-5.32496e-07
2.34328e-07
-5.45985e-07
2.56297e-07
-1.17482e-06
-1.70493e-08
-9.04969e-07
-3.36743e-06
-1.54392e-09
2.97226e-06
3.17524e-08
1.67697e-06
2.2024e-08
5.60261e-07
4.80607e-08
1.51378e-07
7.37322e-08
8.48451e-08
1.24478e-07
-7.39521e-09
2.89462e-07
-3.98689e-08
2.5618e-07
2.14872e-07
7.89133e-08
1.5104e-07
-2.7476e-08
3.23407e-07
-2.67808e-08
3.55868e-07
1.50012e-07
-1.61726e-08
2.6967e-07
-6.58021e-08
1.91345e-08
6.41162e-07
-1.04944e-07
-3.72187e-07
-1.34023e-07
-5.03417e-07
1.5114e-08
-6.95122e-07
3.28056e-08
-1.19251e-06
7.25737e-08
-9.44737e-07
-3.29485e-06
9.75938e-09
2.9625e-06
-6.63141e-08
1.75304e-06
6.45788e-08
4.29368e-07
1.38139e-07
7.78177e-08
3.45453e-08
1.88439e-07
3.57568e-08
-8.60669e-09
2.10954e-07
-2.15066e-07
2.75007e-07
1.50819e-07
1.40395e-07
2.85652e-07
6.92551e-08
3.94547e-07
9.08417e-08
3.34282e-07
3.85631e-08
3.6106e-08
2.63613e-09
-2.98752e-08
7.69181e-08
5.6688e-07
-7.48984e-09
-2.87779e-07
-3.01944e-08
-4.80712e-07
-1.24279e-07
-6.01037e-07
-3.6654e-07
-9.50246e-07
-7.6432e-08
-1.23485e-06
-3.37129e-06
1.5659e-08
2.94684e-06
2.54622e-08
1.74324e-06
-6.09482e-08
5.15778e-07
-1.88671e-07
2.0554e-07
-1.26047e-07
1.25815e-07
-1.55497e-07
2.0844e-08
-1.34799e-07
-2.35764e-07
1.31585e-07
-1.15565e-07
3.09168e-07
1.0807e-07
3.03383e-07
4.00332e-07
1.80121e-07
4.57544e-07
6.61691e-08
1.50058e-07
-4.29116e-08
7.92054e-08
-2.51794e-10
5.2422e-07
6.08983e-08
-3.48929e-07
9.69713e-08
-5.16785e-07
1.58663e-07
-6.62729e-07
-8.22061e-09
-7.83363e-07
9.51304e-09
-1.25258e-06
-3.36177e-06
1.87359e-08
2.9281e-06
9.59481e-10
1.76102e-06
-2.20022e-08
5.3874e-07
-9.79592e-08
2.81498e-07
-5.17931e-08
7.96488e-08
-1.44584e-07
1.13635e-07
-1.00262e-07
-2.80086e-07
2.01678e-07
-4.17505e-07
3.12808e-07
-3.06001e-09
4.07611e-07
3.05528e-07
3.37194e-07
5.27961e-07
1.64453e-07
3.22799e-07
-5.33588e-10
2.44192e-07
-4.98649e-08
5.73551e-07
1.36984e-07
-5.35779e-07
1.76e-07
-5.55801e-07
3.75868e-07
-8.62597e-07
3.63757e-07
-7.71252e-07
7.61084e-08
-9.6493e-07
-3.28567e-06
5.66091e-08
2.87149e-06
3.29714e-08
1.78466e-06
-1.02604e-07
6.74315e-07
7.82548e-08
1.00639e-07
1.97541e-07
-3.96372e-08
1.58567e-07
1.52609e-07
5.11599e-07
-6.33119e-07
6.21267e-07
-5.27173e-07
4.49453e-07
1.68754e-07
5.25062e-07
2.29918e-07
7.14786e-07
3.38237e-07
5.38869e-07
4.98717e-07
7.61406e-07
2.16547e-08
8.09136e-07
5.25821e-07
7.63394e-07
-4.90036e-07
8.58899e-07
-6.51306e-07
2.71018e-07
-2.74716e-07
-4.64709e-08
-4.53763e-07
1.5635e-08
-1.02704e-06
-3.27003e-06
1.06062e-07
2.76543e-06
2.37265e-07
1.65345e-06
1.96888e-07
7.14692e-07
5.18677e-08
2.45659e-07
1.61454e-07
-1.49224e-07
4.881e-07
-1.74037e-07
4.93906e-07
-6.38924e-07
4.27223e-07
-4.6049e-07
5.34677e-07
6.12995e-08
5.87672e-07
1.76923e-07
6.57606e-07
2.68303e-07
6.71713e-07
4.84609e-07
7.35392e-07
-4.20241e-08
8.60039e-07
4.01174e-07
6.83898e-07
-3.13895e-07
-3.46966e-08
6.72887e-08
-2.46733e-07
-6.26794e-08
-6.58638e-08
-6.34632e-07
-1.89001e-08
-1.074e-06
-3.28893e-06
2.57874e-07
2.50756e-06
2.44981e-07
1.66635e-06
2.61032e-07
6.98641e-07
4.20438e-07
8.62535e-08
2.88653e-07
-1.74392e-08
4.71117e-07
-3.56501e-07
4.0731e-07
-5.75118e-07
5.10079e-07
-5.63258e-07
9.94004e-07
-4.22626e-07
1.13808e-06
3.28519e-08
9.56747e-07
4.49633e-07
9.51064e-07
4.90292e-07
8.11638e-07
9.74014e-08
8.58114e-07
3.54699e-07
8.4958e-07
-3.05362e-07
4.20971e-07
4.95898e-07
7.81573e-07
-4.23281e-07
4.48157e-07
-3.01217e-07
3.12572e-08
-6.57099e-07
-3.25767e-06
4.56009e-07
2.05155e-06
8.53188e-07
1.26917e-06
8.24038e-07
7.27791e-07
8.30484e-07
7.98079e-08
8.95581e-07
-8.25361e-08
8.75804e-07
-3.36724e-07
9.22113e-07
-6.21428e-07
9.27529e-07
-5.68674e-07
8.79575e-07
-3.74672e-07
9.60493e-07
-4.80667e-08
1.10492e-06
3.05208e-07
1.02486e-06
5.70347e-07
1.12925e-06
-6.98238e-09
1.06309e-06
4.20854e-07
1.04927e-06
-2.91537e-07
1.00814e-06
5.37028e-07
8.36991e-07
-2.52135e-07
3.41141e-07
1.94633e-07
4.4648e-07
-7.62438e-07
-2.81119e-06
7.08588e-07
1.34296e-06
1.16283e-06
8.14921e-07
1.4043e-06
4.8632e-07
1.27037e-06
2.13742e-07
1.06595e-06
1.21881e-07
6.90455e-07
3.87749e-08
-1.97591e-08
8.87862e-08
-7.08674e-07
1.20241e-07
-1.14883e-06
6.54868e-08
-1.17335e-06
-2.35508e-08
-9.17353e-07
4.92119e-08
-4.4508e-07
9.80738e-08
-4.00393e-07
-5.16692e-08
-1.02094e-07
1.22555e-07
-3.301e-07
-6.35317e-08
3.67584e-08
1.7017e-07
-2.90806e-08
-1.86296e-07
2.84636e-07
-1.19084e-07
8.53945e-07
-1.33175e-06
-1.95725e-06
1.34296e-06
2.15788e-06
2.6442e-06
2.85795e-06
2.97983e-06
3.0186e-06
3.10739e-06
3.22763e-06
3.29312e-06
3.26957e-06
3.31878e-06
3.41685e-06
3.36518e-06
3.48774e-06
3.42421e-06
3.59438e-06
3.40808e-06
3.289e-06
1.95725e-06
)
;

boundaryField
{
    movingWall
    {
        type            calculated;
        value           uniform 0;
    }
    fixedWalls
    {
        type            calculated;
        value           uniform 0;
    }
    frontAndBack
    {
        type            empty;
        value           nonuniform 0();
    }
}


// ************************************************************************* //
