/*--------------------------------*- C++ -*----------------------------------*\
| =========                 |                                                 |
| \\      /  F ield         | OpenFOAM: The Open Source CFD Toolbox           |
|  \\    /   O peration     | Version:  5.x                                   |
|   \\  /    A nd           | Web:      www.OpenFOAM.org                      |
|    \\/     M anipulation  |                                                 |
\*---------------------------------------------------------------------------*/
FoamFile
{
    version     2.0;
    format      ascii;
    class       volVectorField;
    location    "18.4";
    object      U;
}
// * * * * * * * * * * * * * * * * * * * * * * * * * * * * * * * * * * * * * //

dimensions      [0 1 -1 0 0 0 0];

internalField   nonuniform List<vector> 
400
(
(-0.0187181 0.0111076 0)
(-0.0430865 0.0060059 0)
(-0.0505142 0.0031692 0)
(-0.0574756 -4.53165e-05 0)
(-0.0577509 -4.70877e-05 0)
(-0.0608213 -0.00100471 0)
(-0.0593008 -0.000674223 0)
(-0.0619679 -0.00036227 0)
(-0.0597958 -0.000640469 0)
(-0.0624688 7.66942e-05 0)
(-0.0594992 -0.000933214 0)
(-0.0626546 -0.000396057 0)
(-0.0609028 -0.00129966 0)
(-0.0644174 -0.000670821 0)
(-0.0619194 -0.00150931 0)
(-0.0630584 -0.00158949 0)
(-0.0573849 -0.00401153 0)
(-0.0561379 -0.00636043 0)
(-0.0433085 -0.0114799 0)
(-0.0112818 -0.0204515 0)
(-0.0132067 0.0392668 0)
(-0.0218115 0.0262716 0)
(-0.0259614 0.0114764 0)
(-0.0286658 0.00695858 0)
(-0.0269051 0.00206591 0)
(-0.0308334 0.00229944 0)
(-0.0266269 0.000437164 0)
(-0.032631 0.00128325 0)
(-0.0269112 -1.98443e-05 0)
(-0.033828 0.00120833 0)
(-0.0251262 0.000397026 0)
(-0.0325289 0.0016263 0)
(-0.0237463 0.000938102 0)
(-0.0351482 0.00158947 0)
(-0.0251988 -0.000102319 0)
(-0.0369895 -0.00160821 0)
(-0.0245709 -0.00514258 0)
(-0.0360693 -0.0151777 0)
(-0.0294618 -0.0254199 0)
(-0.00872835 -0.0484899 0)
(-0.00580785 0.0502635 0)
(-0.0111136 0.0299972 0)
(-0.0103284 0.012471 0)
(-0.0119831 0.00387041 0)
(-0.0109346 0.00112983 0)
(-0.0130781 -8.48953e-05 0)
(-0.0113342 -0.00026132 0)
(-0.0163859 0.000325784 0)
(-0.0127117 -0.000443702 0)
(-0.0188399 -0.000787749 0)
(-0.0125228 -0.00158123 0)
(-0.017998 -0.00120041 0)
(-0.0127389 0.000235435 0)
(-0.0185725 0.000561003 0)
(-0.0138519 0.001738 0)
(-0.0130711 -0.00118124 0)
(-0.0126564 -0.00255207 0)
(-0.00106998 1.2397e-05 0)
(-0.0113522 -0.0200941 0)
(-0.00110708 -0.0565477 0)
(-0.00516794 0.0548823 0)
(-0.0043428 0.0329833 0)
(-0.00493363 0.0114991 0)
(-0.00437567 0.00675123 0)
(-0.00355735 0.00257389 0)
(-0.00581364 0.002761 0)
(-0.00407676 0.00296456 0)
(-0.00805503 0.00298674 0)
(-0.00487187 0.00215592 0)
(-0.00903691 0.00108344 0)
(-0.00565959 -0.000140873 0)
(-0.0102929 0.000756513 0)
(-0.00796527 0.00170847 0)
(-0.00957231 0.00144843 0)
(-0.0122383 -0.00352085 0)
(-0.0129481 -0.00738717 0)
(-0.0152813 -0.0170004 0)
(-0.00740694 -0.0202022 0)
(-0.00719197 -0.0269917 0)
(-0.000735733 -0.0632912 0)
(-0.00128055 0.0570757 0)
(-0.00204198 0.0327087 0)
(-0.00151916 0.0106447 0)
(-0.00126002 0.0039695 0)
(-2.12614e-05 0.0018322 0)
(-0.00192028 0.00112568 0)
(-0.00138055 0.00160206 0)
(-0.00305732 0.00140642 0)
(-0.00223084 0.000884739 0)
(-0.00454922 3.08404e-05 0)
(-0.00409256 0.00038765 0)
(-0.0047275 0.00130414 0)
(-0.0024759 0.000192946 0)
(-0.000845885 0.00258502 0)
(-0.00524846 0.0069342 0)
(0.00103833 7.14724e-05 0)
(-0.00675846 -0.00263125 0)
(0.00172462 -0.0128496 0)
(-0.00233392 -0.0200999 0)
(0.00196061 -0.0643733 0)
(-0.00248089 0.0585998 0)
(0.000180178 0.0334965 0)
(-0.00317296 0.0110904 0)
(0.000688998 0.00478867 0)
(-0.00114112 0.00346277 0)
(-0.0014165 0.00407773 0)
(-0.000864422 0.00391549 0)
(-0.00211731 0.00355064 0)
(-0.00184362 0.0038525 0)
(-0.00168063 0.00249398 0)
(-0.00315188 0.000269692 0)
(-0.00706608 -0.00137511 0)
(-0.00523877 -0.00212089 0)
(0.00267457 0.00396607 0)
(-0.00356601 -0.00346259 0)
(0.00897396 -0.00619777 0)
(-0.00319214 -0.0176309 0)
(0.000233031 -0.0244375 0)
(-0.00430816 -0.0300063 0)
(0.00212667 -0.0669365 0)
(-0.00074314 0.0572507 0)
(-0.000402045 0.0330403 0)
(-0.000739754 0.00770803 0)
(-0.00148686 0.00193566 0)
(-0.000631676 0.00298998 0)
(-0.0001912 0.000917935 0)
(-0.000299112 0.00166053 0)
(0.000122289 0.0025692 0)
(-0.00172053 0.000359251 0)
(-0.00163994 0.00121052 0)
(-0.0019795 0.00628596 0)
(-0.000192147 0.00326391 0)
(-0.00133017 -0.00838895 0)
(0.00390302 0.000435734 0)
(-0.00541373 0.00124515 0)
(0.0105687 -0.00284367 0)
(-0.00304279 0.00811582 0)
(0.0096635 -0.0145268 0)
(-0.00166744 -0.0170727 0)
(0.00311591 -0.0655893 0)
(-0.00158648 0.0600166 0)
(0.00147304 0.034586 0)
(-0.00208589 0.0136247 0)
(0.00163394 0.00530815 0)
(-0.000534259 0.00293353 0)
(0.000831287 0.00400626 0)
(-0.00158264 0.0044167 0)
(-0.00304443 0.00469254 0)
(-0.00355308 0.00673774 0)
(-0.00490667 0.00227686 0)
(-0.00766854 -0.000937553 0)
(-0.000565915 -0.00312335 0)
(-0.000766794 -0.00489922 0)
(-0.0022639 0.00572893 0)
(-0.0100745 -0.00954639 0)
(0.0044718 -0.00894573 0)
(-0.00482484 -0.013886 0)
(0.006243 -0.0260081 0)
(-0.00538218 -0.0255029 0)
(0.00424944 -0.0666196 0)
(-0.000666501 0.0567048 0)
(0.000195694 0.0331229 0)
(-0.000283535 0.00609216 0)
(-0.000522254 5.20122e-05 0)
(-0.00149707 0.00287113 0)
(0.00104975 0.00172181 0)
(0.00124575 0.00434693 0)
(0.00287213 0.00499429 0)
(0.00365769 0.0013313 0)
(0.0114534 0.003634 0)
(0.000614551 0.00319669 0)
(0.00309022 -0.00386716 0)
(-0.00642075 -0.0081098 0)
(-0.00167316 0.0127359 0)
(-0.0113782 -0.00562886 0)
(0.010394 -0.00945313 0)
(-0.00368463 0.00534311 0)
(0.000887279 -0.0151361 0)
(-0.00296862 -0.0119187 0)
(0.00448025 -0.0670306 0)
(-0.000874384 0.0604704 0)
(0.00125663 0.0348688 0)
(-0.000819546 0.0148483 0)
(0.000532863 0.00716916 0)
(0.00102843 0.00211913 0)
(0.00203968 0.0012564 0)
(0.00158348 0.00408692 0)
(0.00562413 0.00132166 0)
(0.00164635 -0.000563537 0)
(0.00237386 0.00639558 0)
(-0.00477801 0.00893635 0)
(-0.00213648 0.00279381 0)
(-0.00314343 0.00275009 0)
(-0.00723968 0.00765518 0)
(-0.0068125 -0.0236167 0)
(-0.00845885 -0.0143083 0)
(-0.0062401 -0.00406676 0)
(-0.00353185 -0.0290699 0)
(-0.00753029 -0.0299101 0)
(0.00555467 -0.0692066 0)
(-0.000883478 0.0558993 0)
(0.000292163 0.0318703 0)
(0.00113172 0.00604051 0)
(0.0019661 -0.00234677 0)
(0.00423433 0.000822193 0)
(0.00284056 0.000730556 0)
(0.00623512 0.000501961 0)
(0.00660392 0.00511192 0)
(-0.00187465 0.00394717 0)
(-0.00351139 0.00968762 0)
(-0.00391235 0.00475997 0)
(-0.00251007 -0.00440436 0)
(0.000694333 -0.00641854 0)
(0.00085503 0.0173488 0)
(0.00113171 -0.00496962 0)
(-0.00473277 -0.0127049 0)
(-0.00366307 0.00191288 0)
(0.00725012 -0.0156811 0)
(-0.00510582 -0.0194251 0)
(0.00413555 -0.0675225 0)
(-0.000194548 0.0604811 0)
(0.00145922 0.0348654 0)
(-0.00113552 0.0141402 0)
(0.00498804 0.0050063 0)
(0.000346816 0.00189464 0)
(0.000818421 -0.0011118 0)
(0.00183259 0.000968009 0)
(0.00759687 0.00817845 0)
(0.00321135 0.00961916 0)
(0.00137947 0.00935605 0)
(0.000930502 0.00772066 0)
(-0.000567891 0.000386905 0)
(-0.00485126 -0.00106244 0)
(-0.00526511 0.0124941 0)
(0.00662471 -0.0142343 0)
(-0.00339297 -0.00935436 0)
(-0.00120098 -0.01263 0)
(0.0161848 -0.0265566 0)
(-0.00351966 -0.0274778 0)
(0.0062689 -0.0669894 0)
(-0.00081507 0.0558364 0)
(0.000188614 0.0314558 0)
(0.0023544 0.000533247 0)
(-0.00314952 -0.00405486 0)
(-0.00281565 0.00431419 0)
(-0.00119651 -0.00132332 0)
(-0.0038522 -0.00679968 0)
(-0.000140086 0.00543852 0)
(0.00467202 0.00786293 0)
(0.00547241 0.0128486 0)
(0.00486333 0.00699371 0)
(-0.000683643 0.00120823 0)
(0.00153973 -0.00287321 0)
(-0.00939446 0.00408351 0)
(0.00953014 -0.0111965 0)
(0.000396864 -0.00815152 0)
(0.0047447 -0.0191558 0)
(0.00215767 -0.0150358 0)
(-0.00525729 -0.00781482 0)
(0.00644985 -0.0675079 0)
(0.000792138 0.0586611 0)
(0.00247445 0.0327689 0)
(0.00104098 0.0179578 0)
(0.00246712 0.0111106 0)
(-0.000862732 0.00151187 0)
(0.000689524 -0.000804381 0)
(-0.0037438 0.00135696 0)
(-0.000132623 0.000798973 0)
(0.00327981 0.00457744 0)
(0.00303169 0.0111551 0)
(0.0112146 0.0119229 0)
(0.00339469 0.00460701 0)
(0.00264148 0.00589826 0)
(-3.73707e-05 0.00613726 0)
(0.00688479 -0.019563 0)
(0.00211401 -0.00439913 0)
(0.0080914 -0.00882458 0)
(0.00302321 -0.0197982 0)
(-0.0065502 -0.0275345 0)
(0.00752288 -0.0686405 0)
(0.000211104 0.0539324 0)
(0.00299217 0.0316143 0)
(0.00361806 0.0009877 0)
(-0.00040233 -0.00365433 0)
(0.0116918 0.00431174 0)
(0.000473482 0.00248344 0)
(0.0137525 -0.00736287 0)
(0.0105518 -0.00279689 0)
(0.00434311 0.00402776 0)
(0.0147914 0.00283578 0)
(0.0132364 0.00817671 0)
(0.0196119 0.00800666 0)
(0.0132221 0.00184029 0)
(0.022302 -0.00302135 0)
(0.0132744 -0.0128898 0)
(0.0260364 -0.0157446 0)
(0.0106841 -0.0202245 0)
(0.00845097 -0.00142066 0)
(-0.00570358 -0.0170879 0)
(0.00703493 -0.064461 0)
(0.00216168 0.0535751 0)
(0.00497936 0.029895 0)
(0.00805234 0.0199589 0)
(0.00770334 0.00416406 0)
(0.000893182 0.00162298 0)
(0.0135754 -0.00201403 0)
(0.010157 -0.00961295 0)
(0.0102261 0.0104307 0)
(0.0121642 0.00170369 0)
(0.0164657 0.0013591 0)
(0.0153766 0.00847168 0)
(0.0217943 0.00760097 0)
(0.0156585 0.00407673 0)
(0.0280528 0.0052292 0)
(0.0085743 -0.016194 0)
(0.0188246 -0.000758548 0)
(-0.0188491 0.0141442 0)
(0.0151795 -0.00733237 0)
(-0.00465081 -0.0162728 0)
(0.0124753 -0.065115 0)
(0.00164026 0.0471111 0)
(0.00879852 0.0259055 0)
(0.00351913 0.00279538 0)
(0.0133965 0.000830233 0)
(0.00438897 -0.00226208 0)
(0.00748209 -0.00591662 0)
(0.0112629 -0.00471636 0)
(0.00147205 -0.00240834 0)
(0.031468 -0.00162661 0)
(0.0177865 -0.00433753 0)
(0.0278649 0.00495084 0)
(0.0147553 0.00196773 0)
(0.0256699 -0.00215618 0)
(0.0148775 -0.000505153 0)
(0.018305 -0.00293762 0)
(-0.00338154 0.00443127 0)
(0.00556975 -0.0140529 0)
(0.0171403 -0.0218766 0)
(-0.0103085 -0.0209832 0)
(0.00946846 -0.0652935 0)
(0.00368828 0.042506 0)
(0.0123557 0.0257319 0)
(0.0194862 0.0138385 0)
(0.00916214 0.00524977 0)
(0.0230878 0.00517505 0)
(0.00743373 -0.00625496 0)
(0.0270396 -0.0077492 0)
(0.00816282 -0.0122745 0)
(0.0316823 -0.00976612 0)
(0.00536373 0.00316198 0)
(0.0318627 0.0122716 0)
(0.0142603 0.0129465 0)
(0.0273314 0.00413268 0)
(0.0200599 0.0142435 0)
(0.0257587 0.000562563 0)
(0.0202018 0.0151256 0)
(0.0243498 -0.00326262 0)
(0.0102723 0.0106261 0)
(8.68038e-06 0.0018363 0)
(0.0166581 -0.0602972 0)
(0.00535336 0.0306229 0)
(0.0167554 0.0161622 0)
(0.0200689 0.00577327 0)
(0.021645 -0.00070243 0)
(0.016975 -0.00220613 0)
(0.0168182 -0.00493333 0)
(0.0019413 -0.00539446 0)
(-0.00533506 -0.0033388 0)
(-0.0236923 -0.00450131 0)
(-0.0205119 -0.00405467 0)
(-0.0200391 -0.000943029 0)
(-0.0103091 -0.00153307 0)
(-0.0150345 -0.00457683 0)
(-0.00612911 0.00391365 0)
(-0.00592096 -0.00888031 0)
(-0.00777489 0.00886129 0)
(0.0100233 -0.00842076 0)
(-0.0125266 -0.00175702 0)
(0.0225702 -0.0364711 0)
(0.0143155 -0.0597243 0)
(0.00811265 0.0202145 0)
(0.0359387 0.0133483 0)
(0.0392805 0.0106179 0)
(0.0500633 0.00789127 0)
(0.0501565 0.00833397 0)
(0.0534632 0.00748931 0)
(0.0568587 0.00963834 0)
(0.0556106 0.00964922 0)
(0.0621493 0.00906988 0)
(0.0597463 0.00515928 0)
(0.0670018 0.00367589 0)
(0.0599289 0.00294793 0)
(0.0685952 0.00522957 0)
(0.0618388 0.00132608 0)
(0.068015 0.00495681 0)
(0.065797 0.000685114 0)
(0.0650371 0.00290161 0)
(0.0678378 -0.000232739 0)
(0.0532271 -0.00399017 0)
(0.0371263 -0.00767336 0)
)
;

boundaryField
{
    movingWall
    {
        type            fixedValue;
        value           uniform (1 0 0);
    }
    fixedWalls
    {
        type            noSlip;
    }
    frontAndBack
    {
        type            empty;
    }
}


// ************************************************************************* //
