/*--------------------------------*- C++ -*----------------------------------*\
| =========                 |                                                 |
| \\      /  F ield         | OpenFOAM: The Open Source CFD Toolbox           |
|  \\    /   O peration     | Version:  5.x                                   |
|   \\  /    A nd           | Web:      www.OpenFOAM.org                      |
|    \\/     M anipulation  |                                                 |
\*---------------------------------------------------------------------------*/
FoamFile
{
    version     2.0;
    format      ascii;
    class       surfaceScalarField;
    location    "10.7";
    object      phi;
}
// * * * * * * * * * * * * * * * * * * * * * * * * * * * * * * * * * * * * * //

dimensions      [0 3 -1 0 0 0 0];

internalField   nonuniform List<scalar> 
760
(
-1.03958e-06
1.03958e-06
-1.77224e-06
7.3266e-07
-2.08802e-06
3.15777e-07
-2.21299e-06
1.24969e-07
-2.30743e-06
9.4438e-08
-2.35513e-06
4.77034e-08
-2.33946e-06
-1.5672e-08
-2.34839e-06
8.92986e-09
-2.36882e-06
2.04354e-08
-2.37539e-06
6.57037e-09
-2.37179e-06
-3.60788e-09
-2.35909e-06
-1.2697e-08
-2.42102e-06
6.19318e-08
-2.37176e-06
-4.92614e-08
-2.35956e-06
-1.22015e-08
-2.31287e-06
-4.66887e-08
-2.22176e-06
-9.11112e-08
-1.85222e-06
-3.69543e-07
-1.22216e-06
-6.30052e-07
-1.22216e-06
-5.85899e-07
1.62548e-06
-8.16444e-07
9.63205e-07
-8.73163e-07
3.72496e-07
-9.50572e-07
2.02378e-07
-9.63356e-07
1.07222e-07
-9.84261e-07
6.86083e-08
-1.01741e-06
1.74756e-08
-1.02522e-06
1.67389e-08
-1.01987e-06
1.50895e-08
-1.00478e-06
-8.52334e-09
-1.01105e-06
2.66686e-09
-9.85143e-07
-3.86063e-08
-9.39701e-07
1.64892e-08
-9.20539e-07
-6.84228e-08
-9.27939e-07
-4.80208e-09
-9.21029e-07
-5.35981e-08
-1.02172e-06
9.58053e-09
-1.08408e-06
-3.07179e-07
-9.17681e-07
-7.96455e-07
-2.13984e-06
-2.63196e-07
1.88868e-06
-3.09542e-07
1.00955e-06
-3.08706e-07
3.7166e-07
-3.08237e-07
2.01909e-07
-3.09264e-07
1.08249e-07
-3.24313e-07
8.3657e-08
-3.14904e-07
8.0665e-09
-2.92993e-07
-5.17153e-09
-2.73353e-07
-4.55063e-09
-2.51682e-07
-3.01942e-08
-2.12431e-07
-3.65848e-08
-2.05498e-07
-4.55387e-08
-1.66684e-07
-2.23252e-08
-1.7484e-07
-6.02668e-08
-1.8463e-07
4.9878e-09
-2.02403e-07
-3.58249e-08
-1.94845e-07
2.02265e-09
-1.35328e-07
-3.66696e-07
-2.18399e-07
-7.13385e-07
-2.35824e-06
-1.97818e-08
1.90846e-06
-2.88482e-08
1.01862e-06
-9.9015e-08
4.41827e-07
-1.57225e-07
2.60119e-07
-2.0667e-07
1.57694e-07
-2.32474e-07
1.09461e-07
-2.25484e-07
1.07598e-09
-2.19555e-07
-1.11002e-08
-1.899e-07
-3.42061e-08
-1.70469e-07
-4.96251e-08
-1.63756e-07
-4.32974e-08
-1.54147e-07
-5.51475e-08
-1.6913e-07
-7.34231e-09
-1.75289e-07
-5.41082e-08
-2.16868e-07
4.65673e-08
-1.73961e-07
-7.87323e-08
-1.5392e-07
-1.80183e-08
-2.38304e-07
-2.82312e-07
-2.23815e-07
-7.27874e-07
-2.58206e-06
-4.09761e-08
1.94944e-06
-7.63559e-08
1.054e-06
-1.95324e-07
5.60794e-07
-2.5638e-07
3.21176e-07
-2.83187e-07
1.84501e-07
-2.82572e-07
1.08847e-07
-2.75581e-07
-5.91569e-09
-2.501e-07
-3.65814e-08
-2.11571e-07
-7.27347e-08
-1.75569e-07
-8.56267e-08
-1.35452e-07
-8.34148e-08
-9.53763e-08
-9.5223e-08
-5.1121e-08
-5.15975e-08
-2.62304e-09
-1.02606e-07
4.91571e-08
-5.21285e-09
1.18271e-07
-1.47846e-07
1.13914e-07
-1.36617e-08
5.89927e-08
-2.27391e-07
1.38896e-08
-6.82771e-07
-2.56817e-06
3.45346e-08
1.9149e-06
-1.19774e-07
1.20831e-06
-2.84153e-07
7.25173e-07
-3.60645e-07
3.97668e-07
-3.64651e-07
1.88507e-07
-3.312e-07
7.53954e-08
-2.97805e-07
-3.93105e-08
-2.496e-07
-8.47862e-08
-2.03538e-07
-1.18797e-07
-1.61989e-07
-1.27176e-07
-1.40182e-07
-1.05221e-07
-1.13066e-07
-1.22339e-07
-1.05438e-07
-5.92254e-08
-9.32082e-08
-1.14836e-07
-7.96882e-08
-1.87329e-08
-9.96627e-08
-1.27872e-07
-7.21003e-08
-4.12242e-08
-5.29396e-08
-2.46551e-07
-6.02555e-08
-6.75455e-07
-2.62842e-06
-9.15896e-08
2.00649e-06
-2.67104e-07
1.38382e-06
-4.62645e-07
9.20715e-07
-5.48955e-07
4.83977e-07
-5.27126e-07
1.66677e-07
-4.44623e-07
-7.10694e-09
-3.7037e-07
-1.13564e-07
-2.96556e-07
-1.586e-07
-2.2293e-07
-1.92423e-07
-1.63637e-07
-1.86469e-07
-1.04606e-07
-1.64253e-07
-6.30076e-08
-1.63938e-07
-1.69021e-08
-1.05331e-07
2.12709e-08
-1.53009e-07
4.91977e-08
-4.66596e-08
8.43424e-08
-1.63016e-07
7.54045e-08
-3.22863e-08
2.37109e-08
-1.94858e-07
-5.0312e-09
-6.46713e-07
-2.63346e-06
-1.79378e-07
2.18587e-06
-3.73476e-07
1.57792e-06
-6.24569e-07
1.17181e-06
-7.26682e-07
5.8609e-07
-7.00551e-07
1.40546e-07
-5.65297e-07
-1.42361e-07
-4.21902e-07
-2.56958e-07
-3.11908e-07
-2.68594e-07
-2.3319e-07
-2.71141e-07
-1.70415e-07
-2.49244e-07
-1.25617e-07
-2.09051e-07
-9.91843e-08
-1.90371e-07
-7.00254e-08
-1.3449e-07
-6.21024e-08
-1.60932e-07
-3.5845e-08
-7.2917e-08
-4.85682e-08
-1.50293e-07
-4.42319e-08
-3.66226e-08
-9.8774e-09
-2.29212e-07
1.03417e-08
-6.66932e-07
-2.62311e-06
-1.6294e-07
2.34881e-06
-4.09934e-07
1.82491e-06
-6.48001e-07
1.40987e-06
-8.1908e-07
7.5717e-07
-8.23438e-07
1.44904e-07
-6.79449e-07
-2.8635e-07
-4.4054e-07
-4.95867e-07
-2.68954e-07
-4.40181e-07
-1.69264e-07
-3.70831e-07
-1.1009e-07
-3.08417e-07
-4.73903e-08
-2.71751e-07
-2.59331e-08
-2.11828e-07
1.34221e-08
-1.73845e-07
1.47942e-08
-1.62304e-07
4.89272e-08
-1.0705e-07
7.83443e-08
-1.7971e-07
6.82308e-08
-2.65091e-08
2.20775e-08
-1.83059e-07
-3.70333e-08
-6.07821e-07
-2.66015e-06
-1.89637e-07
2.53844e-06
-4.69805e-07
2.10508e-06
-6.16532e-07
1.5566e-06
-7.48205e-07
8.88843e-07
-7.96917e-07
1.93616e-07
-6.97059e-07
-3.86208e-07
-4.31253e-07
-7.61673e-07
-2.03715e-07
-6.67719e-07
-1.07757e-07
-4.66789e-07
-8.89403e-08
-3.27234e-07
-5.54957e-08
-3.05195e-07
-5.88686e-08
-2.08455e-07
-2.36172e-08
-2.09096e-07
-3.36022e-08
-1.52319e-07
2.45288e-08
-1.65181e-07
4.92032e-08
-2.04385e-07
1.07024e-08
1.19917e-08
1.63156e-08
-1.88672e-07
3.36069e-08
-6.25112e-07
-2.62654e-06
4.52103e-08
2.49323e-06
-1.62241e-08
2.16652e-06
-1.01773e-07
1.64215e-06
-2.58389e-07
1.04546e-06
-3.84403e-07
3.19631e-07
-3.88512e-07
-3.82099e-07
-2.608e-07
-8.89386e-07
-3.79658e-08
-8.90552e-07
1.34167e-07
-6.38922e-07
1.14463e-07
-3.0753e-07
9.55036e-08
-2.86236e-07
7.19939e-08
-1.84945e-07
4.71156e-08
-1.84218e-07
1.05805e-08
-1.15784e-07
3.19833e-08
-1.86584e-07
-1.47926e-08
-1.57609e-07
3.61805e-08
-3.89814e-08
5.39075e-08
-2.06399e-07
-4.9387e-08
-5.21818e-07
-2.67593e-06
1.69669e-07
2.32357e-06
3.47103e-07
1.98908e-06
3.47531e-07
1.64172e-06
2.60782e-07
1.13221e-06
2.14687e-07
3.65726e-07
2.74034e-07
-4.41446e-07
1.66416e-07
-7.81769e-07
-5.14402e-09
-7.18992e-07
1.15606e-08
-6.55626e-07
4.8435e-08
-3.44404e-07
4.73972e-08
-2.85198e-07
3.4399e-09
-1.40988e-07
-4.41581e-08
-1.3662e-07
-1.43085e-07
-1.68572e-08
-4.30691e-09
-3.25362e-07
-5.16307e-08
-1.10285e-07
-3.80806e-10
-9.02313e-08
1.20396e-07
-3.27176e-07
4.37567e-08
-4.45179e-07
-2.63217e-06
5.04691e-07
1.81887e-06
7.97064e-07
1.69671e-06
9.02971e-07
1.53582e-06
1.00646e-06
1.02872e-06
1.03843e-06
3.33758e-07
1.09562e-06
-4.98635e-07
1.12631e-06
-8.12459e-07
8.10701e-07
-4.03384e-07
4.32267e-07
-2.77192e-07
1.97841e-07
-1.09978e-07
1.94994e-07
-2.82351e-07
6.95162e-08
-1.551e-08
1.3556e-07
-2.02664e-07
1.1596e-07
2.74258e-09
5.24797e-08
-2.61882e-07
-1.52361e-09
-5.62816e-08
1.04775e-09
-9.28026e-08
-2.89949e-09
-3.23228e-07
-4.32701e-08
-4.04808e-07
-2.67544e-06
9.32164e-07
8.86709e-07
1.2907e-06
1.33817e-06
1.54668e-06
1.27984e-06
1.61149e-06
9.63906e-07
1.58295e-06
3.62301e-07
1.34043e-06
-2.56117e-07
1.13336e-06
-6.05389e-07
1.17057e-06
-4.40594e-07
1.17711e-06
-2.83738e-07
1.09222e-06
-2.50839e-08
9.77457e-07
-1.67589e-07
9.10904e-07
5.10436e-08
7.33916e-07
-2.56766e-08
6.00178e-07
1.36481e-07
1.19683e-07
2.18614e-07
-2.68233e-07
3.31634e-07
-1.85887e-07
-1.75149e-07
-1.45487e-07
-3.63628e-07
3.05587e-08
-5.80854e-07
-2.64488e-06
7.54626e-07
1.32084e-07
1.45279e-06
6.40006e-07
1.78109e-06
9.51543e-07
1.79938e-06
9.45616e-07
1.58029e-06
5.81389e-07
1.1921e-06
1.32069e-07
5.80398e-07
6.31752e-09
2.49678e-07
-1.09874e-07
3.91829e-08
-7.32432e-08
1.55715e-08
-1.4724e-09
-1.51303e-07
-7.14296e-10
-1.40524e-07
4.02641e-08
-1.3012e-07
-3.60808e-08
-1.56814e-07
1.63175e-07
7.68596e-08
-1.50596e-08
1.75386e-07
2.33108e-07
2.10277e-07
-2.1004e-07
-1.19369e-07
-3.3982e-08
-6.92697e-08
-6.30953e-07
-2.71415e-06
5.26756e-07
-3.94672e-07
9.58839e-07
2.07922e-07
1.23189e-06
6.78496e-07
1.48428e-06
6.9322e-07
1.47837e-06
5.87303e-07
1.4132e-06
1.97238e-07
1.2226e-06
1.96919e-07
1.05355e-06
5.91776e-08
8.27068e-07
1.53235e-07
6.54096e-07
1.715e-07
5.5699e-07
9.63918e-08
3.73831e-07
2.23423e-07
3.50511e-07
-1.27607e-08
2.7531e-07
2.38376e-07
1.60624e-07
9.96259e-08
3.16549e-07
7.71829e-08
4.27062e-07
-3.20553e-07
1.34805e-07
2.58275e-07
9.37314e-08
-5.8988e-07
-2.62042e-06
7.33332e-08
-4.68005e-07
-9.9014e-08
3.80269e-07
1.20659e-07
4.58823e-07
3.03755e-07
5.10123e-07
3.44865e-07
5.46193e-07
2.67718e-07
2.74386e-07
2.43314e-07
2.21323e-07
1.37432e-07
1.6506e-07
1.4384e-07
1.46827e-07
1.41723e-07
1.73616e-07
7.83726e-08
1.59742e-07
1.73873e-07
1.27922e-07
-1.33114e-09
1.62443e-07
3.19527e-08
2.05093e-07
5.58182e-09
1.25997e-07
-2.83952e-07
3.66717e-07
3.5928e-08
-6.40433e-07
2.1674e-07
7.74631e-08
3.09393e-08
-4.04079e-07
-2.58948e-06
-1.24654e-07
-3.43352e-07
1.61658e-07
9.39578e-08
2.98359e-07
3.22122e-07
4.49871e-07
3.58611e-07
6.51604e-07
3.4446e-07
6.91824e-07
2.34166e-07
7.35471e-07
1.77676e-07
7.37249e-07
1.63282e-07
7.38833e-07
1.45242e-07
7.71543e-07
1.40907e-07
7.42476e-07
1.88809e-07
7.26001e-07
1.44398e-07
7.63195e-07
1.25249e-07
6.37828e-07
3.3046e-07
8.10596e-07
-4.67713e-08
7.99732e-07
3.77581e-07
4.98131e-07
-3.38832e-07
3.15491e-07
2.60103e-07
2.85188e-07
-3.73777e-07
-2.30429e-06
-7.12628e-07
3.69277e-07
-8.37313e-07
2.18643e-07
-7.57656e-07
2.42465e-07
-6.30848e-07
2.31804e-07
-5.08637e-07
2.22248e-07
-4.37218e-07
1.62746e-07
-4.32822e-07
1.73281e-07
-4.04566e-07
1.35025e-07
-3.93364e-07
1.34041e-07
-3.64593e-07
1.12136e-07
-2.88553e-07
1.12769e-07
-2.54325e-07
1.10169e-07
-1.92094e-07
6.30185e-08
-3.96071e-08
1.77973e-07
-1.97335e-07
1.10957e-07
9.31876e-08
8.7058e-08
-2.18856e-07
-2.67884e-08
8.22417e-08
-4.09944e-08
7.38588e-07
-1.03012e-06
-1.5657e-06
3.69277e-07
5.87919e-07
8.30384e-07
1.06219e-06
1.28444e-06
1.44718e-06
1.62046e-06
1.75549e-06
1.88953e-06
2.00167e-06
2.11443e-06
2.2246e-06
2.28762e-06
2.4656e-06
2.57655e-06
2.66361e-06
2.63682e-06
2.59583e-06
1.5657e-06
)
;

boundaryField
{
    movingWall
    {
        type            calculated;
        value           uniform 0;
    }
    fixedWalls
    {
        type            calculated;
        value           uniform 0;
    }
    frontAndBack
    {
        type            empty;
        value           nonuniform 0();
    }
}


// ************************************************************************* //
