/*--------------------------------*- C++ -*----------------------------------*\
| =========                 |                                                 |
| \\      /  F ield         | OpenFOAM: The Open Source CFD Toolbox           |
|  \\    /   O peration     | Version:  5.x                                   |
|   \\  /    A nd           | Web:      www.OpenFOAM.org                      |
|    \\/     M anipulation  |                                                 |
\*---------------------------------------------------------------------------*/
FoamFile
{
    version     2.0;
    format      ascii;
    class       volScalarField;
    location    "7.5";
    object      p;
}
// * * * * * * * * * * * * * * * * * * * * * * * * * * * * * * * * * * * * * //

dimensions      [0 2 -2 0 0 0 0];

internalField   nonuniform List<scalar> 
400
(
-1.9937e-11
-0.000349385
-0.0007811
-0.00122169
-0.00154751
-0.00170366
-0.0017273
-0.00162354
-0.00139305
-0.00121854
-0.00115857
-0.00107306
-0.0009902
-0.000976775
-0.00100346
-0.000996515
-0.000928322
-0.00075957
-0.000509304
0.000312804
-0.000397935
-0.000632761
-0.000977124
-0.00143161
-0.00184033
-0.00190273
-0.00188626
-0.00174872
-0.00143608
-0.00121072
-0.00116202
-0.00109782
-0.00100368
-0.000964182
-0.00101771
-0.00104964
-0.00107935
-0.00102264
-0.000924956
-0.000377223
-0.000780347
-0.000991689
-0.00134167
-0.00165365
-0.00187029
-0.00193554
-0.00188962
-0.00172185
-0.00146738
-0.00126074
-0.00115792
-0.00107933
-0.0010246
-0.000995757
-0.00103984
-0.00103871
-0.00108907
-0.00106098
-0.0010422
-0.000771817
-0.000959497
-0.00109294
-0.00130759
-0.0015305
-0.00171652
-0.00179138
-0.00175219
-0.00162295
-0.00144028
-0.0012738
-0.00118374
-0.00111781
-0.0010806
-0.00104466
-0.00106723
-0.00105341
-0.00108553
-0.00105389
-0.00108885
-0.000958073
-0.00101534
-0.00109407
-0.00122922
-0.00138048
-0.00150502
-0.00155552
-0.00154018
-0.00146353
-0.00135539
-0.0012478
-0.00117927
-0.0011198
-0.00110241
-0.00106547
-0.00108995
-0.00106547
-0.00109973
-0.00106209
-0.00109565
-0.00102125
-0.0010415
-0.00108914
-0.00117323
-0.00126923
-0.00134961
-0.00138996
-0.00138867
-0.00135188
-0.00129379
-0.00122651
-0.00118006
-0.00113137
-0.00112324
-0.00108294
-0.00110312
-0.00107078
-0.00110652
-0.00106478
-0.00111775
-0.00106074
-0.00105807
-0.00108832
-0.00114171
-0.00120316
-0.00125713
-0.00128992
-0.00129647
-0.00127827
-0.00124735
-0.00120514
-0.00117549
-0.00113863
-0.00113648
-0.00110205
-0.00112263
-0.00109083
-0.00112347
-0.00108757
-0.0011357
-0.00109898
-0.00106868
-0.00108989
-0.00112585
-0.00116709
-0.00120392
-0.00122706
-0.00123402
-0.00122439
-0.00120536
-0.00117829
-0.00116288
-0.00113145
-0.00113599
-0.00109891
-0.00112568
-0.00108549
-0.00112689
-0.00108527
-0.00113906
-0.00110481
-0.00107361
-0.00109064
-0.00111755
-0.00114723
-0.00117391
-0.00119241
-0.00120088
-0.00119973
-0.00119216
-0.00117752
-0.00116637
-0.00114416
-0.00114696
-0.00112237
-0.00113845
-0.00110901
-0.0011392
-0.00110618
-0.00114818
-0.00111268
-0.00107441
-0.00109235
-0.00111426
-0.00113728
-0.00115633
-0.00116825
-0.00117392
-0.00117115
-0.00116578
-0.00115101
-0.00114812
-0.00112597
-0.00113632
-0.0011052
-0.00113338
-0.00109702
-0.00113957
-0.00109874
-0.00115558
-0.00112123
-0.00106979
-0.00109138
-0.00111261
-0.00113189
-0.00114761
-0.00115896
-0.00116515
-0.00116671
-0.00116513
-0.00115895
-0.00115663
-0.00114396
-0.00114924
-0.00113096
-0.00114712
-0.0011198
-0.0011509
-0.0011087
-0.00117348
-0.00110594
-0.00106369
-0.00110207
-0.00111732
-0.0011348
-0.00114338
-0.00114711
-0.00115054
-0.00114724
-0.00114628
-0.00113629
-0.00113743
-0.00112138
-0.00113005
-0.00110723
-0.00112913
-0.00109671
-0.00114219
-0.00109137
-0.00114102
-0.0010919
-0.00107324
-0.00111255
-0.0011232
-0.00113508
-0.00114573
-0.00115455
-0.00115637
-0.00115653
-0.00115382
-0.00115079
-0.00114893
-0.00114363
-0.00114694
-0.00113707
-0.00115391
-0.0011283
-0.00115151
-0.00110768
-0.00118291
-0.00109233
-0.00112047
-0.00120151
-0.00113436
-0.0011561
-0.00115472
-0.0011499
-0.00114426
-0.00113722
-0.0011361
-0.00112948
-0.00113024
-0.00112152
-0.00112251
-0.00111066
-0.00110494
-0.00110075
-0.00113357
-0.00108224
-0.00111281
-0.00108636
-0.00118182
-0.00122909
-0.00115466
-0.0011665
-0.00116352
-0.00115319
-0.00114332
-0.00114711
-0.00114204
-0.00114611
-0.00113848
-0.00114907
-0.00113159
-0.00114495
-0.00115949
-0.00114551
-0.00119083
-0.00110825
-0.00120682
-0.00110899
-0.00127699
-0.00121971
-0.00118066
-0.00117077
-0.00116634
-0.0011393
-0.00114468
-0.00113929
-0.0011417
-0.00113269
-0.00113526
-0.00112714
-0.00113164
-0.00114571
-0.00110669
-0.00108177
-0.00108761
-0.00108689
-0.00109257
-0.00106119
-0.0010898
-0.00121399
-0.00117766
-0.00114097
-0.00115746
-0.00112829
-0.00113729
-0.00113184
-0.00113719
-0.0011411
-0.00114652
-0.00114548
-0.00113431
-0.00117606
-0.00110759
-0.00116291
-0.00120377
-0.00108918
-0.00121141
-0.00102174
-0.00107656
-0.00126509
-0.00117894
-0.00114242
-0.00115183
-0.00112448
-0.00113317
-0.00112634
-0.00113306
-0.0011276
-0.00112441
-0.00111938
-0.00112432
-0.00112897
-0.00113716
-0.00120193
-0.00114718
-0.00104528
-0.000973892
-0.000864064
-0.00102824
-0.00116875
-0.00118382
-0.00115276
-0.00113186
-0.00111768
-0.0011148
-0.00112011
-0.00112799
-0.00112821
-0.00114738
-0.00110996
-0.00116835
-0.00110734
-0.00114648
-0.00119831
-0.00110911
-0.00116174
-0.00105071
-0.000544865
-0.0011802
-0.00112494
-0.00109475
-0.00116982
-0.00111596
-0.00111288
-0.00111339
-0.00111801
-0.00111792
-0.00112219
-0.00111176
-0.00110441
-0.00108071
-0.00106053
-0.00110895
-0.00112416
-0.00112339
-0.000875508
-0.000426215
0.000779553
)
;

boundaryField
{
    movingWall
    {
        type            zeroGradient;
    }
    fixedWalls
    {
        type            zeroGradient;
    }
    frontAndBack
    {
        type            empty;
    }
}


// ************************************************************************* //
