/*--------------------------------*- C++ -*----------------------------------*\
| =========                 |                                                 |
| \\      /  F ield         | OpenFOAM: The Open Source CFD Toolbox           |
|  \\    /   O peration     | Version:  5.x                                   |
|   \\  /    A nd           | Web:      www.OpenFOAM.org                      |
|    \\/     M anipulation  |                                                 |
\*---------------------------------------------------------------------------*/
FoamFile
{
    version     2.0;
    format      ascii;
    class       surfaceScalarField;
    location    "18.8";
    object      phi;
}
// * * * * * * * * * * * * * * * * * * * * * * * * * * * * * * * * * * * * * //

dimensions      [0 3 -1 0 0 0 0];

internalField   nonuniform List<scalar> 
760
(
-1.34022e-06
1.34022e-06
-2.23015e-06
8.89932e-07
-2.65988e-06
4.29732e-07
-2.88263e-06
2.2275e-07
-2.96792e-06
8.52912e-08
-3.02608e-06
5.81615e-08
-3.04651e-06
2.04248e-08
-3.07803e-06
3.15183e-08
-3.0978e-06
1.97695e-08
-3.13953e-06
4.17315e-08
-3.14389e-06
4.36718e-09
-3.16599e-06
2.20983e-08
-3.14929e-06
-1.66999e-08
-3.14452e-06
-4.77657e-09
-3.08847e-06
-5.60428e-08
-2.99073e-06
-9.7744e-08
-2.78938e-06
-2.01354e-07
-2.3683e-06
-4.21074e-07
-1.64819e-06
-7.2011e-07
-1.64819e-06
-7.85489e-07
2.12571e-06
-1.24557e-06
1.35001e-06
-1.38398e-06
5.68141e-07
-1.43553e-06
2.74304e-07
-1.45515e-06
1.04909e-07
-1.47208e-06
7.50891e-08
-1.47744e-06
2.57867e-08
-1.49592e-06
5.00008e-08
-1.47671e-06
5.55828e-10
-1.46799e-06
3.30175e-08
-1.47261e-06
8.98452e-09
-1.50391e-06
5.33969e-08
-1.54915e-06
2.85444e-08
-1.56233e-06
8.39877e-09
-1.59753e-06
-2.08381e-08
-1.52277e-06
-1.72505e-07
-1.49714e-06
-2.26986e-07
-1.44552e-06
-4.7269e-07
-1.00117e-06
-1.16446e-06
-2.64936e-06
-4.19554e-07
2.54526e-06
-6.01412e-07
1.53187e-06
-6.08587e-07
5.75316e-07
-6.26699e-07
2.92416e-07
-6.46399e-07
1.24609e-07
-6.77605e-07
1.06295e-07
-7.48103e-07
9.62847e-08
-7.80628e-07
8.25257e-08
-8.09791e-07
2.97194e-08
-7.74791e-07
-1.98301e-09
-7.63426e-07
-2.38046e-09
-7.67038e-07
5.70088e-08
-8.04094e-07
6.56012e-08
-7.79065e-07
-1.6631e-08
-7.03885e-07
-9.60172e-08
-6.17552e-07
-2.58839e-07
-3.7791e-07
-4.66628e-07
-2.78774e-07
-5.71826e-07
-3.80921e-07
-1.06231e-06
-3.03028e-06
-2.11376e-07
2.75664e-06
-2.75333e-07
1.59582e-06
-2.54621e-07
5.54605e-07
-2.48957e-07
2.86751e-07
-2.61094e-07
1.36747e-07
-2.78967e-07
1.24168e-07
-3.15585e-07
1.32903e-07
-3.36979e-07
1.0392e-07
-3.67723e-07
6.04628e-08
-3.92908e-07
2.32025e-08
-4.38672e-07
4.33838e-08
-4.6816e-07
8.64964e-08
-4.75713e-07
7.31545e-08
-5.32043e-07
3.96987e-08
-6.46142e-07
1.80815e-08
-6.59264e-07
-2.45717e-07
-5.78535e-07
-5.47357e-07
-2.58235e-07
-8.92126e-07
-2.12292e-07
-1.10826e-06
-3.24258e-06
-1.04123e-07
2.86076e-06
-1.08159e-07
1.59986e-06
-8.59661e-08
5.32411e-07
-5.08292e-08
2.51614e-07
-5.9041e-08
1.44958e-07
-8.55464e-08
1.50674e-07
-1.05447e-07
1.52803e-07
-1.31249e-07
1.29722e-07
-1.89341e-07
1.18555e-07
-2.28148e-07
6.20094e-08
-2.17028e-07
3.22639e-08
-1.33628e-07
3.09649e-09
-1.72412e-08
-4.32325e-08
-5.64172e-08
7.88747e-08
-1.92394e-08
-1.90964e-08
-6.71175e-08
-1.97839e-07
-8.88987e-08
-5.25575e-07
1.71849e-09
-9.82743e-07
-1.14766e-08
-1.09506e-06
-3.25405e-06
-5.0156e-08
2.91092e-06
-8.22397e-08
1.63194e-06
-3.937e-08
4.89542e-07
4.88275e-09
2.07361e-07
-4.83801e-08
1.98221e-07
-4.6843e-08
1.49137e-07
-5.87111e-08
1.64671e-07
-8.34796e-08
1.5449e-07
-8.12809e-08
1.16357e-07
-1.26819e-07
1.07548e-07
-2.72452e-07
1.77897e-07
-2.81121e-07
1.17646e-08
-5.41503e-08
-2.70203e-07
-2.49409e-08
4.96653e-08
1.73523e-07
-2.17561e-07
2.59744e-07
-2.8406e-07
2.55607e-08
-2.91392e-07
-1.08037e-08
-9.46378e-07
-8.56204e-08
-1.02025e-06
-3.33967e-06
-3.77884e-08
2.9487e-06
-3.64106e-08
1.63057e-06
-6.21494e-08
5.15281e-07
-5.56844e-08
2.00896e-07
-2.33573e-08
1.65894e-07
-1.14242e-09
1.26922e-07
2.04242e-08
1.43105e-07
-5.25515e-09
1.8017e-07
-5.37261e-08
1.64827e-07
-5.85394e-08
1.12361e-07
-5.06258e-08
1.69984e-07
-5.07737e-08
1.19125e-08
-9.79779e-09
-3.11179e-07
-7.35669e-08
1.13434e-07
1.10884e-07
-4.02012e-07
1.59204e-07
-3.32379e-07
7.01908e-08
-2.02379e-07
1.52165e-07
-1.02835e-06
5.02571e-08
-9.18338e-07
-3.28942e-06
6.60668e-09
2.9421e-06
-4.11677e-08
1.67834e-06
-2.98811e-08
5.03994e-07
1.23934e-08
1.58621e-07
1.50044e-09
1.76787e-07
-2.58428e-08
1.54265e-07
-1.10527e-07
2.27789e-07
-1.81464e-07
2.51106e-07
-2.56433e-07
2.39797e-07
-3.01226e-07
1.57154e-07
-1.62479e-07
3.12359e-08
-2.83059e-08
-1.2226e-07
-1.61901e-07
-1.77583e-07
-4.31915e-07
3.83448e-07
-1.70362e-07
-6.63565e-07
-8.6751e-08
-4.1599e-07
-2.30761e-07
-5.83692e-08
-1.9229e-07
-1.06682e-06
-7.47956e-08
-1.03583e-06
-3.36421e-06
-1.39528e-08
2.95605e-06
-1.76052e-08
1.68199e-06
-3.68331e-08
5.23222e-07
-6.46848e-08
1.86473e-07
-2.85152e-08
1.40617e-07
4.99005e-08
7.58494e-08
7.02802e-08
2.07409e-07
1.16103e-07
2.05283e-07
3.40575e-07
1.53258e-08
3.35364e-07
1.62365e-07
1.46912e-07
2.19687e-07
-4.63578e-08
7.10097e-08
-2.00295e-07
-2.36458e-08
-2.61093e-07
4.44246e-07
-7.72068e-08
-8.47451e-07
1.76838e-08
-5.10881e-07
-2.24994e-07
1.84309e-07
-1.58836e-07
-1.13298e-06
1.25756e-08
-1.20724e-06
-3.35164e-06
2.87318e-08
2.92732e-06
-2.20601e-08
1.73278e-06
-5.29562e-08
5.54118e-07
-1.33022e-08
1.46819e-07
4.21796e-08
8.51357e-08
7.40499e-08
4.3979e-08
1.64997e-07
1.16462e-07
2.18796e-07
1.51485e-07
2.16932e-07
1.71892e-08
5.23666e-08
3.2693e-07
-1.02194e-07
3.74248e-07
-9.49716e-08
6.37872e-08
-1.3253e-07
1.39128e-08
-2.16249e-07
5.27965e-07
-4.6388e-07
-5.99821e-07
-3.8653e-07
-5.8823e-07
1.48118e-08
-2.17033e-07
-4.2212e-08
-1.07596e-06
-8.63039e-08
-1.16315e-06
-3.43794e-06
-8.48856e-09
2.93581e-06
3.86333e-08
1.68566e-06
5.71209e-08
5.3563e-07
1.0365e-07
1.00289e-07
1.23124e-07
6.56618e-08
1.82508e-07
-1.54046e-08
3.08e-07
-9.03066e-09
1.83318e-07
2.76167e-07
-3.53119e-08
2.35819e-07
-1.08525e-07
4.00144e-07
-6.64385e-08
3.32161e-07
8.04559e-08
-8.31073e-08
1.94794e-07
-1.00425e-07
2.80905e-08
6.94668e-07
-9.08688e-08
-4.80861e-07
-1.38217e-07
-5.40882e-07
2.53971e-07
-6.09221e-07
3.32378e-07
-1.15437e-06
7.55602e-08
-9.06334e-07
-3.36238e-06
3.31542e-08
2.90265e-06
-3.55726e-08
1.75439e-06
7.60926e-08
4.23965e-07
1.37723e-07
3.86588e-08
3.80916e-08
1.65293e-07
6.64987e-08
-4.38117e-08
2.50146e-07
-1.92678e-07
2.68348e-07
2.57965e-07
1.24042e-07
3.80125e-07
5.14733e-08
4.72713e-07
4.79324e-08
3.35702e-07
-6.53242e-08
3.01493e-08
-1.2258e-07
-4.31695e-08
4.3444e-08
5.28644e-07
6.65716e-08
-5.03989e-07
-6.37586e-08
-4.10552e-07
9.88968e-08
-7.71876e-07
-1.53872e-08
-1.04008e-06
2.87824e-08
-9.50503e-07
-3.3336e-06
-1.05104e-08
2.91316e-06
3.16106e-08
1.71227e-06
-4.45108e-08
5.00087e-07
-1.72705e-07
1.66853e-07
-1.17572e-07
1.1016e-07
-1.25506e-07
-3.58782e-08
-9.54951e-08
-2.22688e-07
1.30715e-07
3.17545e-08
2.99956e-07
2.10885e-07
2.78216e-07
4.94452e-07
1.37802e-07
4.76117e-07
3.44822e-08
1.33469e-07
-1.24833e-07
1.16146e-07
-5.6626e-09
4.09474e-07
1.04659e-07
-6.14311e-07
1.15435e-07
-4.21328e-07
-8.01958e-09
-6.48421e-07
-2.39876e-07
-8.08225e-07
-1.1767e-08
-1.17861e-06
-3.34536e-06
1.97685e-08
2.89339e-06
4.34743e-09
1.72769e-06
-2.47862e-09
5.06913e-07
-4.3663e-08
2.08038e-07
-2.31508e-08
8.96479e-08
-1.14108e-07
5.50795e-08
-1.01493e-07
-2.35303e-07
1.54256e-07
-2.23995e-07
2.20413e-07
1.44728e-07
3.66649e-07
3.48216e-07
3.57667e-07
4.85099e-07
1.72813e-07
3.18322e-07
1.79248e-08
2.71034e-07
5.57631e-08
3.71636e-07
1.27868e-07
-6.86416e-07
2.41544e-07
-5.35003e-07
3.53531e-07
-7.60408e-07
1.89561e-07
-6.44256e-07
4.41956e-08
-1.03325e-06
-3.30117e-06
4.58114e-08
2.84758e-06
7.23855e-08
1.70112e-06
-2.75854e-08
6.06883e-07
1.64269e-07
1.61837e-08
2.40146e-07
1.37706e-08
2.23759e-07
7.14662e-08
5.80492e-07
-5.92036e-07
5.02905e-07
-1.46407e-07
4.03571e-07
2.44062e-07
6.15757e-07
1.36029e-07
7.7679e-07
3.24066e-07
6.75398e-07
4.19714e-07
8.34373e-07
1.12059e-07
8.55983e-07
3.50026e-07
8.49008e-07
-6.79441e-07
9.61133e-07
-6.47129e-07
4.57345e-07
-2.5662e-07
2.33937e-07
-4.20848e-07
6.49762e-08
-8.64287e-07
-3.23619e-06
1.19383e-07
2.7282e-06
2.74098e-07
1.5464e-06
2.79259e-07
6.01722e-07
1.50788e-07
1.44654e-07
2.84641e-07
-1.20082e-07
5.50639e-07
-1.94532e-07
5.4391e-07
-5.85308e-07
5.3138e-07
-1.33877e-07
6.03953e-07
1.71488e-07
6.97262e-07
4.27205e-08
7.70855e-07
2.50473e-07
8.17857e-07
3.72712e-07
9.0473e-07
2.51857e-08
9.76195e-07
2.78561e-07
6.5146e-07
-3.54706e-07
-2.8567e-08
3.28977e-08
-2.26991e-07
-5.81959e-08
3.79167e-08
-6.85755e-07
7.19166e-08
-8.98286e-07
-3.16428e-06
2.74011e-07
2.45419e-06
2.84332e-07
1.53608e-06
3.63954e-07
5.221e-07
4.59823e-07
4.87854e-08
3.12976e-07
2.67653e-08
4.68601e-07
-3.50157e-07
3.18675e-07
-4.35381e-07
6.2913e-07
-4.44331e-07
1.15381e-06
-3.53196e-07
1.187e-06
9.5321e-09
1.03289e-06
4.04585e-07
9.80215e-07
4.25389e-07
9.16036e-07
8.93649e-08
8.93639e-07
3.00958e-07
6.67304e-07
-1.2837e-07
2.16205e-07
4.83996e-07
5.79446e-07
-4.21437e-07
1.88245e-07
-2.94554e-07
-7.10798e-08
-6.38962e-07
-3.23536e-06
4.56026e-07
1.99816e-06
8.41895e-07
1.15021e-06
8.07619e-07
5.56376e-07
8.38873e-07
1.75316e-08
8.64762e-07
8.75891e-10
8.54686e-07
-3.40081e-07
9.27184e-07
-5.07879e-07
9.49093e-07
-4.6624e-07
9.49556e-07
-3.53659e-07
9.92916e-07
-3.38279e-08
1.09251e-06
3.04985e-07
1.07622e-06
4.41683e-07
1.17898e-06
-1.33913e-08
1.06836e-06
4.11572e-07
1.15283e-06
-2.12833e-07
1.08385e-06
5.52974e-07
9.09513e-07
-2.47102e-07
3.52079e-07
2.6288e-07
4.52093e-07
-7.38976e-07
-2.78326e-06
7.10178e-07
1.28799e-06
1.09585e-06
7.64536e-07
1.23992e-06
4.12313e-07
1.0741e-06
1.83343e-07
9.43409e-07
1.31571e-07
5.39364e-07
6.39638e-08
-6.81613e-08
9.96466e-08
-6.81756e-07
1.47355e-07
-1.11247e-06
7.705e-08
-1.14448e-06
-1.81471e-09
-8.87809e-07
4.8315e-08
-5.12546e-07
6.64202e-08
-5.04258e-07
-2.16792e-08
-2.15161e-07
1.22475e-07
-3.50979e-07
-7.70149e-08
1.39775e-08
1.88017e-07
-5.67888e-08
-1.76336e-07
2.98802e-07
-9.27112e-08
8.24269e-07
-1.26444e-06
-1.95899e-06
1.28799e-06
2.05252e-06
2.46483e-06
2.64818e-06
2.77975e-06
2.84371e-06
2.94336e-06
3.09071e-06
3.16776e-06
3.16595e-06
3.21426e-06
3.28068e-06
3.25901e-06
3.38148e-06
3.30447e-06
3.49248e-06
3.31615e-06
3.22344e-06
1.95899e-06
)
;

boundaryField
{
    movingWall
    {
        type            calculated;
        value           uniform 0;
    }
    fixedWalls
    {
        type            calculated;
        value           uniform 0;
    }
    frontAndBack
    {
        type            empty;
        value           nonuniform 0();
    }
}


// ************************************************************************* //
