/*--------------------------------*- C++ -*----------------------------------*\
| =========                 |                                                 |
| \\      /  F ield         | OpenFOAM: The Open Source CFD Toolbox           |
|  \\    /   O peration     | Version:  5.x                                   |
|   \\  /    A nd           | Web:      www.OpenFOAM.org                      |
|    \\/     M anipulation  |                                                 |
\*---------------------------------------------------------------------------*/
FoamFile
{
    version     2.0;
    format      ascii;
    class       volVectorField;
    location    "18.8";
    object      U;
}
// * * * * * * * * * * * * * * * * * * * * * * * * * * * * * * * * * * * * * //

dimensions      [0 1 -1 0 0 0 0];

internalField   nonuniform List<vector> 
400
(
(-0.0176849 0.0100117 0)
(-0.0410196 0.0067182 0)
(-0.0488159 0.00313144 0)
(-0.0561795 0.000796075 0)
(-0.0567742 0.000764881 0)
(-0.0604361 -0.000437469 0)
(-0.0593328 0.000399174 0)
(-0.0622071 -0.000695397 0)
(-0.0607177 -0.000103852 0)
(-0.0632544 -0.000946814 0)
(-0.0612708 -0.000888436 0)
(-0.0647183 -0.000749109 0)
(-0.062044 -0.000752362 0)
(-0.0655602 -0.000244413 0)
(-0.0613239 -0.000937232 0)
(-0.0633984 -0.00123064 0)
(-0.0572392 -0.00329882 0)
(-0.0565803 -0.00584393 0)
(-0.0425209 -0.011808 0)
(-0.0155864 -0.0251132 0)
(-0.0130163 0.0382384 0)
(-0.0218457 0.0250962 0)
(-0.0266651 0.0119549 0)
(-0.0277805 0.00701562 0)
(-0.0280852 0.00219956 0)
(-0.0300655 0.00251266 0)
(-0.0278292 0.000353044 0)
(-0.0320326 0.00183931 0)
(-0.0271749 0.000829436 0)
(-0.0326808 0.00243052 0)
(-0.0251789 0.00105078 0)
(-0.0335182 0.00164468 0)
(-0.026453 9.60075e-05 0)
(-0.0361654 -1.41189e-05 0)
(-0.0274331 -0.00173915 0)
(-0.0363224 -0.00350884 0)
(-0.0254661 -0.00617864 0)
(-0.0351171 -0.0137351 0)
(-0.0271584 -0.0215789 0)
(-0.00700225 -0.0476321 0)
(-0.00732432 0.0479371 0)
(-0.0116377 0.0300176 0)
(-0.0111168 0.0115909 0)
(-0.0128017 0.00443587 0)
(-0.0115803 0.00204551 0)
(-0.0138771 0.000606594 0)
(-0.0130173 0.000607581 0)
(-0.0172594 0.000250696 0)
(-0.0140007 -0.00079977 0)
(-0.0185665 -0.000967781 0)
(-0.01204 -0.000676642 0)
(-0.0182193 0.000517898 0)
(-0.0130037 0.000960874 0)
(-0.0189804 0.000416632 0)
(-0.0133732 0.00112672 0)
(-0.0130982 -0.00229205 0)
(-0.0135172 -0.00176537 0)
(-0.000120761 -0.0029803 0)
(-0.0126425 -0.0210065 0)
(-0.000120436 -0.0563255 0)
(-0.00531534 0.0562131 0)
(-0.00446043 0.0326733 0)
(-0.00558468 0.0121747 0)
(-0.00497379 0.00727253 0)
(-0.00450965 0.00319102 0)
(-0.00617595 0.0035987 0)
(-0.00472224 0.00337929 0)
(-0.00823541 0.00291385 0)
(-0.00529992 0.00190609 0)
(-0.00931173 0.000867519 0)
(-0.00632481 0.000561293 0)
(-0.0110451 0.00166016 0)
(-0.00807421 0.00182654 0)
(-0.010103 -0.000991612 0)
(-0.0123526 -0.00521037 0)
(-0.0122931 -0.00914422 0)
(-0.0158041 -0.0180233 0)
(-0.0052057 -0.021086 0)
(-0.00668663 -0.0235571 0)
(-0.00034235 -0.0635071 0)
(-0.0028005 0.0553522 0)
(-0.00210155 0.0323675 0)
(-0.00169145 0.0103395 0)
(-0.00182578 0.00461807 0)
(-0.000158939 0.00211674 0)
(-0.0021106 0.00149047 0)
(-0.00131177 0.00185429 0)
(-0.00299037 0.00139783 0)
(-0.00239581 0.000611338 0)
(-0.00501459 0.000113251 0)
(-0.00417494 0.00128807 0)
(-0.00415416 0.00202587 0)
(-0.00160749 0.00091126 0)
(0.0011244 0.00233187 0)
(-0.00384204 0.00573266 0)
(0.003323 -0.000718776 0)
(-0.00652754 -0.00318313 0)
(0.00374268 -0.0146615 0)
(-0.00382988 -0.0186399 0)
(0.00360977 -0.0629417 0)
(-0.00232855 0.0608977 0)
(-2.41282e-05 0.0332025 0)
(-0.00289994 0.011775 0)
(0.00115539 0.00565406 0)
(-0.000910687 0.00398737 0)
(-0.00115814 0.00459574 0)
(-0.000596562 0.00447396 0)
(-0.0018707 0.00368657 0)
(-0.00153168 0.0042516 0)
(-0.00156239 0.00229156 0)
(-0.00372082 -8.30234e-05 0)
(-0.00692529 -0.00196344 0)
(-0.00485566 -0.00246942 0)
(0.00304511 0.00105043 0)
(-0.00428652 -0.00629642 0)
(0.0117822 -0.00658318 0)
(-0.00234522 -0.0178659 0)
(0.00378598 -0.0239592 0)
(-0.00453137 -0.0270094 0)
(0.00187727 -0.0671125 0)
(-0.0016065 0.0566092 0)
(-0.000164419 0.0313271 0)
(-0.00109095 0.00715894 0)
(-0.00148416 0.00241031 0)
(-0.000721113 0.00357287 0)
(-0.000143681 0.00122035 0)
(7.65047e-05 0.00179276 0)
(0.000830445 0.00253448 0)
(-0.00110655 0.000182757 0)
(-0.000798787 0.00219389 0)
(-0.00186674 0.00718508 0)
(0.000214527 0.00257356 0)
(-0.00271633 -0.00892476 0)
(0.00254618 0.00131042 0)
(-0.0059948 -0.0021609 0)
(0.0106731 -0.00504551 0)
(-0.0047381 0.00634596 0)
(0.00809046 -0.0140691 0)
(-0.00294075 -0.01196 0)
(0.00544261 -0.0632516 0)
(-0.000795903 0.0616178 0)
(0.000974643 0.0346015 0)
(-0.00244576 0.0139367 0)
(0.00116084 0.00585742 0)
(-0.00060724 0.0033943 0)
(0.000650979 0.00402987 0)
(-0.00159912 0.00428072 0)
(-0.00301069 0.00457154 0)
(-0.00409112 0.0067415 0)
(-0.00606043 0.00237629 0)
(-0.00644653 -0.000324932 0)
(0.000347818 -0.00220537 0)
(-0.00154053 -0.00265844 0)
(-0.00523641 0.00263433 0)
(-0.011412 -0.0137244 0)
(0.00409721 -0.00784995 0)
(-0.00718631 -0.0134901 0)
(-0.00176305 -0.0261426 0)
(-0.00661719 -0.0253689 0)
(0.00401339 -0.0692699 0)
(-0.00119165 0.0568224 0)
(0.000512614 0.0320932 0)
(-0.00109137 0.00599472 0)
(-0.000496076 0.000301794 0)
(-0.00205176 0.00333761 0)
(0.00101599 0.00195887 0)
(0.000821103 0.00439544 0)
(0.0022239 0.00567299 0)
(0.00215359 0.00235419 0)
(0.0110219 0.00342783 0)
(0.00275575 0.00139385 0)
(0.0035203 -0.00245817 0)
(-0.00561666 -0.00524583 0)
(-0.00217044 0.0130052 0)
(-0.00809471 -0.0135861 0)
(0.0054562 -0.00967396 0)
(-0.00512091 0.0104285 0)
(-0.00255502 -0.0173682 0)
(-0.004606 -0.0164624 0)
(0.00523577 -0.0658738 0)
(-0.0001889 0.0610241 0)
(0.00119227 0.0356657 0)
(-0.00195967 0.0148954 0)
(-0.000297098 0.00733034 0)
(-0.00017042 0.00258986 0)
(0.00185849 0.00120533 0)
(0.00104021 0.00424928 0)
(0.00556803 0.00235295 0)
(0.00324281 -0.00161834 0)
(0.00507319 0.00366762 0)
(-0.00270391 0.00812595 0)
(-0.001927 0.00541634 0)
(-0.00123225 0.00464662 0)
(-0.00474663 0.00574731 0)
(-0.00421343 -0.0212311 0)
(-0.0128031 -0.0102377 0)
(-0.00432107 -0.00275652 0)
(0.00517715 -0.0287564 0)
(-0.00733516 -0.0330468 0)
(0.00437698 -0.0701521 0)
(-0.00112535 0.0569599 0)
(0.00070568 0.0333044 0)
(0.000996341 0.00683017 0)
(0.00112279 -0.00169548 0)
(0.00316273 0.000565515 0)
(0.00197714 0.000415324 0)
(0.00511426 0.000319546 0)
(0.00743657 0.00398238 0)
(1.25631e-07 0.00216033 0)
(-0.00158509 0.00866699 0)
(-0.00236546 0.00596529 0)
(-0.000660563 -0.00316655 0)
(0.00437823 -0.00432283 0)
(0.0023872 0.0138329 0)
(-0.000961093 -0.00318401 0)
(-0.00224151 -0.0126372 0)
(-0.00384102 -0.00509721 0)
(0.014325 -0.0151347 0)
(-0.00164216 -0.0120883 0)
(0.0051611 -0.0644831 0)
(-3.86094e-05 0.0595973 0)
(0.00116756 0.0346876 0)
(-0.00233962 0.0154165 0)
(0.00505045 0.00602006 0)
(0.000674933 0.00231364 0)
(0.00102963 -0.000908452 0)
(0.00139209 -0.000653124 0)
(0.0081381 0.00648085 0)
(0.00341764 0.00788572 0)
(0.00107557 0.00795045 0)
(0.00110417 0.00763036 0)
(0.000676182 0.000211931 0)
(-0.00295874 0.000660913 0)
(-0.00269902 0.0153339 0)
(0.00490687 -0.0145237 0)
(-0.0026422 -0.00890805 0)
(0.000269398 -0.0182653 0)
(0.00401698 -0.0295699 0)
(-0.0047541 -0.0239113 0)
(0.00621184 -0.0694075 0)
(-0.000827513 0.057058 0)
(0.000273853 0.0346752 0)
(0.00124772 0.000996938 0)
(-0.00330964 -0.00469909 0)
(-0.00326382 0.00379133 0)
(-0.00115591 -0.00100417 0)
(-0.00430272 -0.00758069 0)
(0.000830428 0.00367382 0)
(0.00460973 0.00642864 0)
(0.00684443 0.0102115 0)
(0.00474248 0.00611587 0)
(0.000283204 0.000797992 0)
(0.00138479 -0.00217298 0)
(-0.00674858 0.00603256 0)
(0.00637277 -0.00712667 0)
(-0.00127903 -0.00808157 0)
(0.00492873 -0.0146892 0)
(-0.00498313 -0.0126365 0)
(-0.00603099 -0.0153871 0)
(0.0058133 -0.066808 0)
(0.000224399 0.0583682 0)
(0.000401581 0.0337933 0)
(-0.000174538 0.0186776 0)
(5.02191e-05 0.0119228 0)
(-0.00150638 0.00111311 0)
(0.00030604 -0.000574891 0)
(-0.00440724 -0.000574773 0)
(0.000640373 -0.00212016 0)
(0.00531485 0.00277318 0)
(0.00325951 0.0104833 0)
(0.0108654 0.0126626 0)
(0.0039739 0.0050183 0)
(0.00272938 0.00645861 0)
(-0.00181404 0.0104591 0)
(0.00326798 -0.0178743 0)
(0.00319946 -0.00762428 0)
(0.00488532 -0.00944164 0)
(0.0111365 -0.0195849 0)
(-0.00505991 -0.0302911 0)
(0.00749467 -0.0656864 0)
(-0.000407816 0.0564836 0)
(0.00189986 0.0340399 0)
(0.00134083 0.00205553 0)
(-0.0026554 -0.00445544 0)
(0.00989288 0.00198167 0)
(-0.000967116 0.00266072 0)
(0.0101839 -0.00950322 0)
(0.0140615 -0.00744639 0)
(0.00522793 0.00255163 0)
(0.01128 0.00290946 0)
(0.0129475 0.00714294 0)
(0.0173162 0.00684605 0)
(0.010871 0.00399908 0)
(0.0219936 0.00313541 0)
(0.00999351 -0.0114398 0)
(0.0267769 -0.0160871 0)
(0.00859056 -0.0225062 0)
(0.0125369 -0.00497963 0)
(-0.00544412 -0.0136541 0)
(0.00906481 -0.0640034 0)
(0.00120086 0.0561567 0)
(0.0030048 0.0336359 0)
(0.00712871 0.0209813 0)
(0.00515117 0.00535047 0)
(0.000493814 -0.00128082 0)
(0.0105134 0.000512167 0)
(0.0111968 -0.0147933 0)
(0.0118169 0.00160084 0)
(0.00814759 0.00753369 0)
(0.0170492 0.00293237 0)
(0.00969723 0.00618347 0)
(0.0222504 0.011082 0)
(0.00955693 0.000972764 0)
(0.026456 0.0123204 0)
(0.0121491 -0.0126583 0)
(0.0164313 -0.00648257 0)
(-0.0183324 0.0119929 0)
(0.0112046 -0.0108874 0)
(-0.0101442 -0.0170165 0)
(0.0128737 -0.0653898 0)
(0.00153247 0.0517639 0)
(0.00837286 0.0294246 0)
(0.00254511 0.00420583 0)
(0.0122479 -0.00023046 0)
(0.00733377 -0.00360616 0)
(0.0041387 -0.00891338 0)
(0.0158094 -0.00750343 0)
(-0.00263687 -0.00661715 0)
(0.0261509 -0.00110341 0)
(0.0214305 -0.00131448 0)
(0.0253649 0.00433979 0)
(0.0164917 0.00265354 0)
(0.0230509 -0.000161966 0)
(0.0127779 -0.00193617 0)
(0.0244752 -0.00317658 0)
(0.00127392 0.00716616 0)
(0.00683161 -0.0142997 0)
(0.017552 -0.0196546 0)
(-0.0113061 -0.0239632 0)
(0.00946309 -0.0661784 0)
(0.00369617 0.0469127 0)
(0.0124518 0.0297623 0)
(0.0222812 0.0157606 0)
(0.0102687 0.00214241 0)
(0.0242253 0.00438759 0)
(0.0100588 -0.00560719 0)
(0.0252182 -0.0113114 0)
(0.0109007 -0.012454 0)
(0.0270621 -0.0116738 0)
(0.00940975 0.00184673 0)
(0.0285487 0.0108038 0)
(0.0184582 0.015504 0)
(0.0222255 0.00408856 0)
(0.0242421 0.0131689 0)
(0.0207661 -0.0016092 0)
(0.0223908 0.0129211 0)
(0.0231206 -0.00123812 0)
(0.0124913 0.0102529 0)
(0.00212448 0.0029103 0)
(0.0172698 -0.0584789 0)
(0.00750619 0.034718 0)
(0.0182837 0.0185304 0)
(0.0240797 0.00741211 0)
(0.026878 -0.00117829 0)
(0.0172705 -0.00418369 0)
(0.0213252 -0.0063665 0)
(0.00166956 -0.00669674 0)
(-0.00408154 -0.00464114 0)
(-0.0259245 -0.00483245 0)
(-0.0198877 -0.00397082 0)
(-0.023841 2.60533e-06 0)
(-0.00849399 0.00198926 0)
(-0.0144191 -0.00480409 0)
(-0.00400591 0.00449397 0)
(-0.00531001 -0.00741083 0)
(-0.00975719 0.0086262 0)
(0.0106119 -0.00955129 0)
(-0.0135229 -0.00218542 0)
(0.0237681 -0.0380358 0)
(0.0141758 -0.0627177 0)
(0.0113639 0.020495 0)
(0.0360041 0.0142449 0)
(0.0462352 0.0105281 0)
(0.0508095 0.00814092 0)
(0.0575508 0.00864071 0)
(0.053745 0.00821008 0)
(0.0617986 0.00968247 0)
(0.0562308 0.00987289 0)
(0.0646931 0.00907312 0)
(0.0604189 0.0044595 0)
(0.0684251 0.00271638 0)
(0.0614886 0.000333586 0)
(0.0686753 0.00416555 0)
(0.0639938 -3.09454e-05 0)
(0.0680343 0.00463623 0)
(0.0678709 -9.92532e-05 0)
(0.0658245 0.00298169 0)
(0.068343 -5.79625e-05 0)
(0.0537656 -0.00466707 0)
(0.0354089 -0.00321767 0)
)
;

boundaryField
{
    movingWall
    {
        type            fixedValue;
        value           uniform (1 0 0);
    }
    fixedWalls
    {
        type            noSlip;
    }
    frontAndBack
    {
        type            empty;
    }
}


// ************************************************************************* //
