/*--------------------------------*- C++ -*----------------------------------*\
| =========                 |                                                 |
| \\      /  F ield         | OpenFOAM: The Open Source CFD Toolbox           |
|  \\    /   O peration     | Version:  5.x                                   |
|   \\  /    A nd           | Web:      www.OpenFOAM.org                      |
|    \\/     M anipulation  |                                                 |
\*---------------------------------------------------------------------------*/
FoamFile
{
    version     2.0;
    format      ascii;
    class       volScalarField;
    location    "10.2";
    object      p;
}
// * * * * * * * * * * * * * * * * * * * * * * * * * * * * * * * * * * * * * //

dimensions      [0 2 -2 0 0 0 0];

internalField   nonuniform List<scalar> 
400
(
-3.69654e-11
-0.000452663
-0.000770434
-0.000963042
-0.00108569
-0.00114672
-0.00118149
-0.00119766
-0.00121096
-0.00121388
-0.00118926
-0.00119434
-0.00120764
-0.00116203
-0.00116407
-0.00113421
-0.00098848
-0.000773208
-0.000597625
0.000323806
-0.000564747
-0.000805735
-0.000957539
-0.00105547
-0.00113865
-0.00116761
-0.00117721
-0.0012027
-0.00122028
-0.00121389
-0.00119687
-0.00119917
-0.00122194
-0.0011676
-0.00117188
-0.00116195
-0.00114375
-0.00111024
-0.0010418
-0.0004016
-0.000732406
-0.000889578
-0.000995019
-0.00107118
-0.00112534
-0.00116393
-0.00118702
-0.00120176
-0.00121394
-0.00120162
-0.00120787
-0.00118869
-0.00120901
-0.00117705
-0.00118883
-0.00117707
-0.00116803
-0.00113286
-0.00109683
-0.000808759
-0.000872607
-0.000955758
-0.00102621
-0.00109289
-0.001143
-0.00117979
-0.00119974
-0.00120667
-0.00121682
-0.00120775
-0.00120976
-0.00119362
-0.00119986
-0.00117562
-0.001178
-0.00116034
-0.00116858
-0.00115547
-0.00119392
-0.00105593
-0.00098244
-0.00102589
-0.00107565
-0.00113432
-0.0011765
-0.00120302
-0.00121859
-0.00121791
-0.00122445
-0.00120967
-0.00121495
-0.00119461
-0.00120716
-0.00118344
-0.00120138
-0.00118702
-0.00120494
-0.00118751
-0.00119185
-0.00111036
-0.00109482
-0.00112586
-0.00117149
-0.0012259
-0.00125138
-0.00126025
-0.00126133
-0.00124593
-0.00124119
-0.00122104
-0.00121682
-0.00119714
-0.00119668
-0.0011779
-0.00118001
-0.00116289
-0.00117747
-0.00114488
-0.00117355
-0.00114501
-0.0012216
-0.00127346
-0.00133242
-0.0013802
-0.00137358
-0.00134107
-0.00131418
-0.00127946
-0.00126061
-0.00123357
-0.00122666
-0.00120365
-0.00120964
-0.00118524
-0.00120186
-0.00117993
-0.00120179
-0.00117703
-0.00121132
-0.00115355
-0.00139671
-0.00145456
-0.0015681
-0.00159793
-0.00155643
-0.0014606
-0.00138319
-0.00131746
-0.00127896
-0.00124063
-0.00122445
-0.00119763
-0.00119692
-0.00117402
-0.00118183
-0.0011593
-0.00117787
-0.00114062
-0.00116741
-0.00115147
-0.00155075
-0.00166041
-0.00180555
-0.00186936
-0.00178202
-0.00160368
-0.0014551
-0.00135525
-0.0012999
-0.00125388
-0.00123502
-0.00120167
-0.00120802
-0.00117827
-0.00119511
-0.00116506
-0.00119514
-0.00116152
-0.00121013
-0.00115401
-0.00159067
-0.00176008
-0.00194467
-0.00205035
-0.00194002
-0.0017042
-0.00149677
-0.00136185
-0.00129524
-0.00123761
-0.0012202
-0.00118319
-0.00119056
-0.00115802
-0.0011794
-0.00114916
-0.00117647
-0.00113186
-0.00116434
-0.00114428
-0.00147069
-0.00168546
-0.0019432
-0.00207887
-0.00200343
-0.00173889
-0.00151166
-0.00136246
-0.00129078
-0.00123744
-0.00121567
-0.00118824
-0.0011941
-0.00116464
-0.00117865
-0.00114651
-0.00118876
-0.00114083
-0.00120047
-0.0011425
-0.00119517
-0.0014931
-0.00180191
-0.00198675
-0.00194628
-0.00168479
-0.00145732
-0.0013118
-0.00127038
-0.0012217
-0.00119197
-0.00116373
-0.0011628
-0.00113591
-0.00115759
-0.00113323
-0.00117388
-0.00112211
-0.00115883
-0.00110546
-0.000743237
-0.00115212
-0.00146239
-0.00163085
-0.00164153
-0.00148634
-0.00125982
-0.00118154
-0.00118358
-0.00118974
-0.00115822
-0.00116757
-0.00117277
-0.00115334
-0.00117357
-0.00111592
-0.0011637
-0.00112466
-0.00116091
-0.00110399
-0.000637928
-0.00105079
-0.00116601
-0.00119403
-0.00122699
-0.00121901
-0.00117746
-0.0011569
-0.0011378
-0.0011284
-0.00112528
-0.0011355
-0.00113013
-0.00110944
-0.00109065
-0.0011241
-0.00115611
-0.00106097
-0.00115144
-0.00111873
-0.000849644
-0.00109592
-0.00107167
-0.00104815
-0.00108777
-0.00111557
-0.00112605
-0.00109189
-0.00111083
-0.00111326
-0.00113202
-0.00117495
-0.00111381
-0.00120579
-0.00113035
-0.00117893
-0.00121336
-0.00115749
-0.0012636
-0.00115609
-0.00108138
-0.00113542
-0.00106659
-0.00101583
-0.0010441
-0.00106025
-0.00110678
-0.00109449
-0.00110502
-0.00109262
-0.00109739
-0.00109479
-0.00108952
-0.00111287
-0.00109158
-0.00108595
-0.00110955
-0.00115293
-0.00115699
-0.00110416
-0.00100761
-0.00113686
-0.00107545
-0.000993664
-0.00100939
-0.0010269
-0.00105152
-0.00104823
-0.00109116
-0.00107587
-0.00112308
-0.00112024
-0.00110698
-0.0011659
-0.00109403
-0.00120167
-0.00130855
-0.00112212
-0.00124194
-0.000992636
-0.000956951
-0.00110406
-0.00102544
-0.00101369
-0.00101531
-0.00103475
-0.0010512
-0.00106572
-0.00107932
-0.00108484
-0.00110212
-0.00107008
-0.00110173
-0.00110426
-0.00110982
-0.00124531
-0.00117049
-0.000939564
-0.000986545
-0.00077752
-0.000918238
-0.00103444
-0.00103398
-0.00103044
-0.000997795
-0.00100091
-0.00104057
-0.0010468
-0.00106892
-0.00107962
-0.0011151
-0.00108799
-0.00114935
-0.00109469
-0.00116049
-0.00117209
-0.00108503
-0.00127342
-0.000987937
-0.000553777
-0.00106255
-0.00101331
-0.000947683
-0.00101672
-0.000995361
-0.00101759
-0.00103179
-0.00104912
-0.00106483
-0.00107678
-0.00107715
-0.00107471
-0.00107383
-0.00105931
-0.00110974
-0.00112837
-0.00108212
-0.000856559
-0.000384809
0.000943808
)
;

boundaryField
{
    movingWall
    {
        type            zeroGradient;
    }
    fixedWalls
    {
        type            zeroGradient;
    }
    frontAndBack
    {
        type            empty;
    }
}


// ************************************************************************* //
