/*--------------------------------*- C++ -*----------------------------------*\
| =========                 |                                                 |
| \\      /  F ield         | OpenFOAM: The Open Source CFD Toolbox           |
|  \\    /   O peration     | Version:  5.x                                   |
|   \\  /    A nd           | Web:      www.OpenFOAM.org                      |
|    \\/     M anipulation  |                                                 |
\*---------------------------------------------------------------------------*/
FoamFile
{
    version     2.0;
    format      ascii;
    class       volVectorField;
    location    "10.2";
    object      U;
}
// * * * * * * * * * * * * * * * * * * * * * * * * * * * * * * * * * * * * * //

dimensions      [0 1 -1 0 0 0 0];

internalField   nonuniform List<vector> 
400
(
(-0.0136388 0.00503685 0)
(-0.0313071 0.00142904 0)
(-0.0372172 -0.00020153 0)
(-0.0414328 0.000525351 0)
(-0.0455594 -0.00110532 0)
(-0.0450699 -0.0029744 0)
(-0.0467918 -0.00103475 0)
(-0.0466952 -0.000720156 0)
(-0.0476126 -0.000998195 0)
(-0.0484312 -0.0026912 0)
(-0.0458685 -0.0011969 0)
(-0.0476489 -0.000260139 0)
(-0.0495365 -0.00264844 0)
(-0.0448793 -0.00243234 0)
(-0.0484171 0.000158855 0)
(-0.0481524 -0.00270032 0)
(-0.0433932 -0.00143849 0)
(-0.0420187 -0.00366321 0)
(-0.0400409 -0.0105901 0)
(-0.00205242 -0.0146221 0)
(-0.00671053 0.0320333 0)
(-0.0126634 0.0218123 0)
(-0.015667 0.011276 0)
(-0.0163726 0.00653179 0)
(-0.0182148 0.00429244 0)
(-0.018023 0.00360273 0)
(-0.0199146 0.00235293 0)
(-0.0201205 0.00205932 0)
(-0.0194272 0.0015377 0)
(-0.0204829 0.00118418 0)
(-0.0204349 0.00164216 0)
(-0.0191225 0.00119113 0)
(-0.0208488 0.00192194 0)
(-0.0171222 6.47688e-05 0)
(-0.0218739 0.00184137 0)
(-0.0150494 -0.00159955 0)
(-0.0234426 -0.001964 0)
(-0.0160706 -0.00972053 0)
(-0.0281163 -0.0208812 0)
(-0.00452595 -0.0388624 0)
(-0.00383925 0.0303929 0)
(-0.00565549 0.016922 0)
(-0.00714325 0.00715158 0)
(-0.00787699 0.00356515 0)
(-0.00763229 0.00123089 0)
(-0.00815497 0.000373504 0)
(-0.0070741 -0.000165868 0)
(-0.00660245 -0.000697352 0)
(-0.00609537 -0.00083523 0)
(-0.00452192 -0.00148247 0)
(-0.00620968 -0.00147468 0)
(-0.00182898 -0.00204658 0)
(-0.00673254 -0.00174636 0)
(0.000641094 -0.00299045 0)
(-0.00769606 -0.0013336 0)
(0.00219778 -0.0020615 0)
(-0.00856768 0.00165352 0)
(0.00229294 0.000336124 0)
(-0.00792067 -0.00806092 0)
(0.00147743 -0.044353 0)
(-0.00167126 0.0369566 0)
(-0.00229725 0.0241963 0)
(-0.0057868 0.0123741 0)
(-0.00735027 0.00680487 0)
(-0.0065349 0.003519 0)
(-0.00749562 0.00295842 0)
(-0.00583688 0.000761417 0)
(-0.00519126 0.000410522 0)
(-0.00488954 0.000228233 0)
(-0.0026671 0.000133904 0)
(-0.00404254 9.80979e-05 0)
(-0.00128995 0.000311867 0)
(-0.00379848 0.000651059 0)
(-0.00115856 0.000199316 0)
(-0.00484557 0.00116304 0)
(-0.00226016 -0.000735241 0)
(-0.00555802 -0.00153204 0)
(-0.00101889 -0.0124298 0)
(-0.00908853 -0.021793 0)
(0.00185906 -0.0503908 0)
(-0.00326019 0.0349 0)
(-0.00408051 0.0213481 0)
(-0.0091196 0.0123857 0)
(-0.0105483 0.00520496 0)
(-0.00948875 0.00138824 0)
(-0.0087979 0.000101489 0)
(-0.00691964 -0.00198214 0)
(-0.00587777 -0.00221453 0)
(-0.00546869 -0.00259402 0)
(-0.00288461 -0.00272968 0)
(-0.0043242 -0.00234647 0)
(-0.000313798 -0.00278797 0)
(-0.00329173 -0.00133305 0)
(0.00197192 -0.00300087 0)
(-0.00186503 0.000178267 0)
(0.00422142 -0.00292424 0)
(-9.80721e-05 0.00120402 0)
(0.0046889 0.00131379 0)
(-0.0026662 -0.00630631 0)
(0.00292956 -0.0488212 0)
(-0.00233405 0.0429181 0)
(-0.00556642 0.0300894 0)
(-0.0112222 0.0184326 0)
(-0.0129053 0.00772725 0)
(-0.011807 0.00153648 0)
(-0.00950822 -0.000319011 0)
(-0.0075626 -0.00182886 0)
(-0.00499463 -0.00212678 0)
(-0.00507488 -0.00216527 0)
(-0.0018205 -0.0021062 0)
(-0.00365683 -0.00147777 0)
(-0.000287342 -0.00143889 0)
(-0.00312849 -0.000741685 0)
(0.000463664 -0.00114262 0)
(-0.00338581 -0.000375425 0)
(0.00139961 -0.00225118 0)
(-0.00487221 -0.00109258 0)
(0.00321133 -0.0090972 0)
(-0.00470177 -0.0196589 0)
(0.00365963 -0.052717 0)
(-0.00222175 0.0427332 0)
(-0.008377 0.0292464 0)
(-0.0132851 0.0185283 0)
(-0.0157567 0.00642001 0)
(-0.0140371 -0.00215384 0)
(-0.0114219 -0.0047458 0)
(-0.00839147 -0.00555804 0)
(-0.00556511 -0.00539816 0)
(-0.00516521 -0.00506863 0)
(-0.00169218 -0.00478341 0)
(-0.00337536 -0.0036942 0)
(0.000968501 -0.00411636 0)
(-0.00239567 -0.00207832 0)
(0.00279872 -0.00371294 0)
(-0.00168212 -0.000594337 0)
(0.00406932 -0.00296388 0)
(-0.00139936 -0.000222981 0)
(0.0042162 -0.00106769 0)
(-0.00380242 -0.00859102 0)
(0.00327751 -0.0499261 0)
(0.000714519 0.0509988 0)
(-0.00808105 0.0404598 0)
(-0.012291 0.0252274 0)
(-0.0148975 0.00958923 0)
(-0.0145798 -0.0031127 0)
(-0.0115902 -0.00755489 0)
(-0.00832791 -0.00726878 0)
(-0.00461813 -0.00608955 0)
(-0.00464717 -0.00511363 0)
(-0.00119146 -0.00409255 0)
(-0.00319507 -0.00309481 0)
(0.000649497 -0.0023543 0)
(-0.00301435 -0.00171388 0)
(0.00193596 -0.00161772 0)
(-0.00341521 -0.000698856 0)
(0.00314679 -0.00234102 0)
(-0.00445044 -0.000130851 0)
(0.00394416 -0.00577067 0)
(-0.0038973 -0.0154592 0)
(0.00485108 -0.0530889 0)
(-0.00497253 0.0507146 0)
(-0.00377099 0.0404606 0)
(-0.00920218 0.0266564 0)
(-0.0107724 0.00858035 0)
(-0.0121033 -0.00552929 0)
(-0.00936768 -0.0127003 0)
(-0.00644841 -0.0121835 0)
(-0.00244397 -0.0100521 0)
(-0.00245252 -0.00848656 0)
(0.000777868 -0.00740504 0)
(-0.00127015 -0.0057635 0)
(0.00248532 -0.00536539 0)
(-0.00138824 -0.0036344 0)
(0.00378485 -0.00432693 0)
(-0.00219981 -0.00200632 0)
(0.00484045 -0.00303614 0)
(-0.00266453 -0.000921192 0)
(0.0050852 -0.00326088 0)
(-0.00508866 -0.0122116 0)
(0.00367276 -0.0510921 0)
(0.000169764 0.0595313 0)
(0.00300531 0.0464468 0)
(-0.000222481 0.0323915 0)
(-0.00286989 0.0146288 0)
(-0.00373483 -0.00385989 0)
(-0.00375221 -0.0134525 0)
(-0.00247248 -0.0134125 0)
(9.38493e-05 -0.00926284 0)
(-0.00135497 -0.00709179 0)
(0.00118676 -0.00451645 0)
(-0.00153091 -0.00371417 0)
(0.00224706 -0.00187599 0)
(-0.00252464 -0.00176266 0)
(0.00351356 -0.000697112 0)
(-0.00367794 -0.000592554 0)
(0.00579149 -0.00198477 0)
(-0.00357926 0.000692577 0)
(0.00511537 -0.00262994 0)
(-0.00423312 -0.0106445 0)
(0.00578346 -0.0528301 0)
(0.00391688 0.048088 0)
(0.00595047 0.0412488 0)
(0.00744408 0.0334153 0)
(0.00695037 0.0142953 0)
(0.00537282 -0.00431599 0)
(0.00278278 -0.01499 0)
(0.00366787 -0.0171602 0)
(0.00834111 -0.0122313 0)
(0.00755787 -0.00963476 0)
(0.00637806 -0.00837738 0)
(0.00177485 -0.00736747 0)
(0.0047134 -0.00546299 0)
(-0.000362655 -0.00539408 0)
(0.00461265 -0.0041922 0)
(-0.0019508 -0.00440637 0)
(0.00464188 -0.00442457 0)
(-0.0048132 0.000194848 0)
(0.00612574 -0.00416361 0)
(-0.00607612 -0.0151989 0)
(0.00423702 -0.0524014 0)
(0.00521053 0.0506568 0)
(0.0130127 0.0442552 0)
(0.0149124 0.032786 0)
(0.0192471 0.0164347 0)
(0.0174376 0.000446046 0)
(0.0136853 -0.0127051 0)
(0.00626117 -0.0198141 0)
(0.004986 -0.0134532 0)
(0.00574984 -0.0048555 0)
(0.00606659 0.00113735 0)
(0.00300941 -0.000718589 0)
(0.00346776 0.000330598 0)
(-0.000212563 1.79315e-05 0)
(0.00130287 0.00088201 0)
(-0.0048918 0.00072736 0)
(0.00629365 0.000738733 0)
(-0.00780768 -0.00020069 0)
(0.00864404 -0.00102613 0)
(-0.00516641 -0.00563657 0)
(0.00661129 -0.051669 0)
(0.00960272 0.030415 0)
(0.0262514 0.0339099 0)
(0.0326662 0.0290417 0)
(0.0323797 0.0167716 0)
(0.0325579 0.00329504 0)
(0.032698 -0.00395797 0)
(0.0213691 -0.00632642 0)
(0.00585448 -0.0104759 0)
(0.00198376 -0.0082466 0)
(0.000445941 -0.0066586 0)
(0.00119111 -0.00432575 0)
(0.00317853 -0.00353719 0)
(-0.00289163 -0.00357226 0)
(0.00738724 -0.000621038 0)
(-0.00472056 -0.00982664 0)
(0.00728082 -0.0019909 0)
(-0.00648987 -0.00159948 0)
(0.00886884 -0.00861026 0)
(-0.00614757 -0.014114 0)
(0.00538775 -0.0531335 0)
(0.00555521 0.00612558 0)
(0.0268008 0.0195156 0)
(0.0302151 0.0244028 0)
(0.0300239 0.0176615 0)
(0.0297519 0.00286082 0)
(0.0313937 -0.00160205 0)
(0.0243175 0.00159939 0)
(0.0271728 0.00471246 0)
(0.0181266 0.00018326 0)
(0.0214856 0.00295424 0)
(0.0127076 -0.00367575 0)
(0.0166982 0.00526178 0)
(0.010787 -0.00286893 0)
(0.00983354 0.00246152 0)
(0.00616784 0.00333179 0)
(-0.00829345 0.00165448 0)
(-0.00764518 -0.000802721 0)
(0.000426462 -0.000613006 0)
(-0.00635647 0.000341833 0)
(0.00740601 -0.0522137 0)
(-0.00375554 -0.00483458 0)
(0.0202308 0.0161538 0)
(0.0200726 0.0203453 0)
(0.0250596 0.0116441 0)
(0.0199032 0.00269194 0)
(0.0163791 -0.000488621 0)
(0.0083779 -0.0021492 0)
(0.0080595 -0.00294573 0)
(0.00392993 -0.0029661 0)
(0.000785351 -0.00164156 0)
(0.00108536 -0.00120503 0)
(-0.00698684 -0.00163692 0)
(0.00219311 0.00277977 0)
(-0.00943642 0.00288315 0)
(0.002034 0.00555872 0)
(-0.000711572 0.00994235 0)
(0.00660095 -0.00951877 0)
(-0.00112121 -0.0143245 0)
(-0.00839688 -0.0228171 0)
(0.00603917 -0.0552666 0)
(-0.000700504 -0.013645 0)
(0.00874255 0.000918268 0)
(0.0111233 0.0173095 0)
(0.0179267 0.0169826 0)
(0.0184176 0.0131837 0)
(0.0173422 0.00934943 0)
(0.0162862 0.0102146 0)
(0.0157208 0.00691272 0)
(0.0119767 0.00818435 0)
(0.0132919 0.00595258 0)
(0.00767148 0.00421844 0)
(0.0120057 0.00694289 0)
(0.00197342 -0.00211621 0)
(0.0120116 0.00695236 0)
(0.000817534 -0.00570891 0)
(0.00828518 -0.000796098 0)
(0.00774885 0.00321396 0)
(0.00868284 0.0138554 0)
(-0.0050458 -0.000715688 0)
(0.00879565 -0.0516241 0)
(0.00347387 -0.0100029 0)
(-0.0109847 0.00673744 0)
(-0.00441575 0.010833 0)
(-0.000490311 0.00483219 0)
(5.58814e-05 0.00676805 0)
(0.00139886 0.00022668 0)
(-0.000734532 0.00315373 0)
(0.00405491 0.000608413 0)
(-0.00342364 0.00123199 0)
(0.00717199 0.00159275 0)
(-0.00485326 -2.23754e-06 0)
(0.00671466 0.00256019 0)
(-0.000151232 0.00131668 0)
(-0.000377587 0.00299496 0)
(0.00314811 0.00840867 0)
(-0.00404703 0.00125664 0)
(-0.0101864 -0.013358 0)
(0.0140418 -0.00210956 0)
(-0.00484792 -0.0271797 0)
(0.00747699 -0.0545179 0)
(-0.0060262 -0.00979736 0)
(0.000349196 0.0104345 0)
(0.00774192 0.00791473 0)
(0.00422872 0.0105682 0)
(0.0110274 0.0102143 0)
(0.00953315 0.00903794 0)
(0.0128668 0.00663376 0)
(0.011868 0.00777091 0)
(0.0139495 0.00585118 0)
(0.0135122 0.00589046 0)
(0.0141071 0.00622221 0)
(0.0143385 0.00416781 0)
(0.0113816 0.00491059 0)
(0.0176742 0.00646581 0)
(0.00660144 -0.00258794 0)
(0.0218969 0.0112703 0)
(0.00735204 -0.00878932 0)
(0.0113444 0.00775161 0)
(-0.00137871 0.0133256 0)
(0.0137638 -0.0463597 0)
(-0.0199341 -0.00358169 0)
(-0.0113026 -0.00415309 0)
(-0.0205215 0.00348882 0)
(-0.0110951 0.00219467 0)
(-0.0151853 0.00218287 0)
(-0.00785831 -9.40944e-05 0)
(-0.0136698 0.00161215 0)
(-0.00531088 0.00028507 0)
(-0.0127811 0.00033324 0)
(-0.00318677 0.000612992 0)
(-0.0128382 0.000296231 0)
(0.00134262 0.00170952 0)
(-0.0127831 -0.00123843 0)
(0.0053344 0.00662877 0)
(-0.0075776 0.000285528 0)
(4.01998e-05 0.00512533 0)
(0.00438411 -0.00347931 0)
(-0.0148217 -0.000705253 0)
(0.0190568 -0.0309918 0)
(0.0131095 -0.0533575 0)
(0.000301099 0.0169353 0)
(0.0151406 0.0132554 0)
(0.0105599 0.00827937 0)
(0.0226907 0.00717679 0)
(0.0231033 0.00503925 0)
(0.0270937 0.00602998 0)
(0.0316248 0.00577641 0)
(0.0327739 0.00492416 0)
(0.0375735 0.0046715 0)
(0.0382141 0.00444771 0)
(0.0425134 0.00447115 0)
(0.0421437 0.00297493 0)
(0.0467047 0.00404135 0)
(0.0468171 0.00108788 0)
(0.0498239 0.00356434 0)
(0.0519935 -0.000298823 0)
(0.0522696 0.0029157 0)
(0.0521904 -0.000683754 0)
(0.0459902 -0.00493524 0)
(0.0251381 -0.000184706 0)
)
;

boundaryField
{
    movingWall
    {
        type            fixedValue;
        value           uniform (1 0 0);
    }
    fixedWalls
    {
        type            noSlip;
    }
    frontAndBack
    {
        type            empty;
    }
}


// ************************************************************************* //
