/*--------------------------------*- C++ -*----------------------------------*\
| =========                 |                                                 |
| \\      /  F ield         | OpenFOAM: The Open Source CFD Toolbox           |
|  \\    /   O peration     | Version:  5.x                                   |
|   \\  /    A nd           | Web:      www.OpenFOAM.org                      |
|    \\/     M anipulation  |                                                 |
\*---------------------------------------------------------------------------*/
FoamFile
{
    version     2.0;
    format      ascii;
    class       volVectorField;
    location    "5.9";
    object      U;
}
// * * * * * * * * * * * * * * * * * * * * * * * * * * * * * * * * * * * * * //

dimensions      [0 1 -1 0 0 0 0];

internalField   nonuniform List<vector> 
400
(
(-0.000435469 0.000445077 0)
(-0.00137941 0.000503616 0)
(-0.00247491 0.000606888 0)
(-0.00382735 0.000813067 0)
(-0.0056695 0.00122492 0)
(-0.00839092 0.00209691 0)
(-0.0126671 0.00402329 0)
(-0.0198764 0.00739176 0)
(-0.0329689 0.00801438 0)
(-0.0494508 -0.00155041 0)
(-0.0562369 -0.00988978 0)
(-0.0568798 -0.00152144 0)
(-0.0630037 0.007899 0)
(-0.0661711 0.00145902 0)
(-0.060492 -0.00474449 0)
(-0.0549619 -0.00168331 0)
(-0.0507103 -0.00121033 0)
(-0.0445456 -0.00490489 0)
(-0.0346279 -0.009296 0)
(-0.00932647 -0.0161073 0)
(-0.000418968 0.00133245 0)
(-0.00131662 0.00149394 0)
(-0.0023135 0.00175548 0)
(-0.00343626 0.00224031 0)
(-0.00474127 0.00310601 0)
(-0.00621921 0.00466356 0)
(-0.00768828 0.00745684 0)
(-0.00851611 0.0120288 0)
(-0.00883863 0.0174863 0)
(-0.0120454 0.0198743 0)
(-0.0203315 0.0172092 0)
(-0.0322539 0.00935222 0)
(-0.0398788 0.000780005 0)
(-0.0403814 -0.00391042 0)
(-0.0394333 -0.00589642 0)
(-0.0364029 -0.0087149 0)
(-0.0311076 -0.0117417 0)
(-0.0269863 -0.0151682 0)
(-0.0226813 -0.0225135 0)
(-0.0055542 -0.0371886 0)
(-0.000350528 0.00213429 0)
(-0.00109628 0.00236745 0)
(-0.00189481 0.00270262 0)
(-0.00272934 0.00327885 0)
(-0.00359039 0.00419339 0)
(-0.00438588 0.0055982 0)
(-0.00488745 0.00769615 0)
(-0.00463674 0.0106249 0)
(-0.0031328 0.0138483 0)
(-0.000975058 0.0155615 0)
(0.000149792 0.0154736 0)
(0.000409473 0.0144555 0)
(-0.000685459 0.0109588 0)
(-0.00283915 0.00395344 0)
(-0.00578437 -0.00350474 0)
(-0.00627405 -0.00900499 0)
(-0.0073704 -0.0104758 0)
(-0.0081206 -0.0122472 0)
(-0.00916044 -0.0214971 0)
(-0.00458452 -0.0439194 0)
(-0.000267526 0.00277067 0)
(-0.000835381 0.00304823 0)
(-0.00142031 0.00339895 0)
(-0.0019811 0.00397547 0)
(-0.00248184 0.00482852 0)
(-0.00282407 0.00602596 0)
(-0.00283706 0.00762315 0)
(-0.00223321 0.00958415 0)
(-0.000699946 0.0116807 0)
(0.00193987 0.013177 0)
(0.00495001 0.0134851 0)
(0.00774345 0.0121101 0)
(0.00909073 0.00814707 0)
(0.00954732 0.00247844 0)
(0.00799182 -0.00262379 0)
(0.00645457 -0.00689784 0)
(0.00193507 -0.00949145 0)
(0.0011666 -0.0136376 0)
(-0.00329457 -0.0239135 0)
(-0.000105254 -0.0498874 0)
(-0.000183134 0.00323761 0)
(-0.00057658 0.00354037 0)
(-0.00096767 0.00386972 0)
(-0.00130564 0.00438863 0)
(-0.00154938 0.00511401 0)
(-0.0016102 0.00605986 0)
(-0.00137542 0.00722764 0)
(-0.000656126 0.00851498 0)
(0.000665689 0.00978878 0)
(0.00276319 0.010596 0)
(0.0052157 0.0106187 0)
(0.00788986 0.00933782 0)
(0.0096514 0.00699396 0)
(0.0109179 0.00328172 0)
(0.00981132 2.48466e-06 0)
(0.00888858 -0.00413675 0)
(0.00445615 -0.00638078 0)
(0.00575314 -0.00890381 0)
(-0.00207616 -0.0183279 0)
(0.00224532 -0.0480712 0)
(-0.000104799 0.00353975 0)
(-0.000340796 0.00386007 0)
(-0.0005695 0.00415401 0)
(-0.000738212 0.00460006 0)
(-0.000812675 0.00518806 0)
(-0.000714656 0.00590379 0)
(-0.000393517 0.00672955 0)
(0.000303706 0.00753725 0)
(0.00135343 0.0082765 0)
(0.00291647 0.00855632 0)
(0.0045875 0.00839674 0)
(0.00657313 0.00719312 0)
(0.0076911 0.00570334 0)
(0.00901078 0.00267334 0)
(0.00773355 0.000801463 0)
(0.00812702 -0.00272967 0)
(0.00394892 -0.00441144 0)
(0.00445512 -0.00818841 0)
(-0.000490423 -0.0195091 0)
(0.000322736 -0.0519374 0)
(-3.16539e-05 0.00369207 0)
(-0.000129212 0.00402768 0)
(-0.000225583 0.00428536 0)
(-0.000272687 0.00465149 0)
(-0.000247929 0.00511946 0)
(-7.15913e-05 0.00563501 0)
(0.000250536 0.00621637 0)
(0.000881031 0.00669033 0)
(0.00166613 0.00712664 0)
(0.00286623 0.00707886 0)
(0.00393423 0.00693555 0)
(0.00543582 0.00572391 0)
(0.0059762 0.0049561 0)
(0.00722551 0.00220426 0)
(0.00598855 0.0016808 0)
(0.00681076 -0.00191808 0)
(0.00303629 -0.00242123 0)
(0.00470472 -0.00618353 0)
(-0.000958801 -0.015827 0)
(0.00126122 -0.0460533 0)
(3.50427e-05 0.00370498 0)
(5.71368e-05 0.00407662 0)
(5.63382e-05 0.00432027 0)
(9.60189e-05 0.00466906 0)
(0.000172329 0.00503942 0)
(0.000383833 0.00544239 0)
(0.000661962 0.00583071 0)
(0.00121451 0.00609118 0)
(0.00174281 0.00634592 0)
(0.0027135 0.00611556 0)
(0.00326729 0.00605814 0)
(0.00454294 0.00488308 0)
(0.00436138 0.00466536 0)
(0.00587855 0.00223062 0)
(0.00370709 0.0025152 0)
(0.00588894 -0.000773469 0)
(0.00117775 -0.00038579 0)
(0.0042376 -0.00512067 0)
(-0.00263556 -0.0134792 0)
(0.00095457 -0.0539802 0)
(0.000119118 0.00360514 0)
(0.000263155 0.00402416 0)
(0.000363964 0.00424815 0)
(0.000444169 0.00448359 0)
(0.000518291 0.00478482 0)
(0.000714197 0.00500889 0)
(0.000889612 0.00532004 0)
(0.00138758 0.00540269 0)
(0.00168562 0.00560182 0)
(0.0025565 0.00523895 0)
(0.00272387 0.00528648 0)
(0.00397672 0.00403542 0)
(0.00341483 0.00426181 0)
(0.00511035 0.00163384 0)
(0.00288745 0.00276511 0)
(0.00532668 -0.00102763 0)
(0.000403779 0.00036896 0)
(0.00445774 -0.0043601 0)
(-0.0018885 -0.0138718 0)
(0.00613767 -0.0500554 0)
(0.000211256 0.00329172 0)
(0.000448882 0.00380118 0)
(0.000519557 0.00417532 0)
(0.000634309 0.00463449 0)
(0.000709133 0.00490982 0)
(0.000928419 0.0052341 0)
(0.00106657 0.00536205 0)
(0.0015056 0.00539499 0)
(0.00159573 0.00543785 0)
(0.00238974 0.0050324 0)
(0.00212234 0.00509888 0)
(0.00345447 0.00400464 0)
(0.00208965 0.00440317 0)
(0.00441523 0.00238828 0)
(0.000833196 0.00358409 0)
(0.00504822 0.00070312 0)
(-0.00109822 0.00205383 0)
(0.0049956 -0.00310134 0)
(-0.00422412 -0.0107413 0)
(0.00314869 -0.045556 0)
(0.000381461 0.00301517 0)
(0.000876839 0.00393074 0)
(0.00117842 0.00408049 0)
(0.00117897 0.00415057 0)
(0.00109932 0.00433119 0)
(0.00115093 0.00430804 0)
(0.00103246 0.00453025 0)
(0.00144067 0.00444274 0)
(0.00131486 0.00457542 0)
(0.00218419 0.00414406 0)
(0.00169656 0.00429894 0)
(0.00322745 0.00317037 0)
(0.00176158 0.00373629 0)
(0.00434516 0.00142716 0)
(0.000954781 0.00307302 0)
(0.00503574 -0.000622529 0)
(-0.00182663 0.00163602 0)
(0.00417158 -0.0033544 0)
(-0.00539608 -0.0137511 0)
(0.00387349 -0.0557887 0)
(0.000822708 0.0018638 0)
(0.00113552 0.00267678 0)
(0.000738528 0.00378588 0)
(0.000894386 0.00486857 0)
(0.000920689 0.00518704 0)
(0.00116388 0.00564975 0)
(0.00122239 0.00548918 0)
(0.00157373 0.00543466 0)
(0.00131902 0.00521855 0)
(0.00211315 0.00483174 0)
(0.00121295 0.00478273 0)
(0.00280901 0.00394357 0)
(0.000516383 0.00436683 0)
(0.00359614 0.0029841 0)
(-0.00128114 0.00431764 0)
(0.00459057 0.00283948 0)
(-0.0037528 0.00369324 0)
(0.00587266 0.000455442 0)
(-0.00602259 -0.00956238 0)
(0.00737563 -0.0463595 0)
(0.00131621 0.00113062 0)
(0.00248824 0.00469423 0)
(0.00324093 0.00451652 0)
(0.00249076 0.00399215 0)
(0.00169099 0.00381136 0)
(0.00129531 0.00341772 0)
(0.000728612 0.00376023 0)
(0.00108116 0.00365085 0)
(0.000677954 0.0037585 0)
(0.00165858 0.00344554 0)
(0.000748523 0.00350975 0)
(0.00268733 0.00280833 0)
(0.000482078 0.00303088 0)
(0.00426317 0.00184036 0)
(-0.000374495 0.00227168 0)
(0.00591103 0.000335588 0)
(-0.00242636 0.00118532 0)
(0.0059882 -0.00222654 0)
(-0.00755984 -0.0138559 0)
(0.00588088 -0.053836 0)
(0.00463737 -0.00208433 0)
(0.00302958 0.000179076 0)
(0.00057083 0.0035252 0)
(0.00162086 0.00617667 0)
(0.00161183 0.00663186 0)
(0.00178585 0.00732016 0)
(0.00170589 0.00628592 0)
(0.001837 0.00608077 0)
(0.00125821 0.00534114 0)
(0.00207929 0.00519415 0)
(0.000708323 0.00460098 0)
(0.00248884 0.00448301 0)
(-0.000275099 0.00395278 0)
(0.00275171 0.00392253 0)
(-0.0021165 0.00433809 0)
(0.00265044 0.00483274 0)
(-0.00593429 0.00513106 0)
(0.00735954 0.00513557 0)
(-0.00602795 -0.00824855 0)
(0.0075727 -0.0498166 0)
(0.005084 -0.00646118 0)
(0.00662368 0.0104029 0)
(0.0046975 0.00599071 0)
(0.000656178 0.00392313 0)
(-0.00154234 0.003098 0)
(-0.00142654 0.00234096 0)
(-0.00165275 0.00315812 0)
(-0.000825479 0.00306377 0)
(-0.000769132 0.00308341 0)
(0.000122448 0.00296608 0)
(-0.000367673 0.00283625 0)
(0.00109939 0.00262061 0)
(-0.000577476 0.00255188 0)
(0.00302483 0.00243191 0)
(-0.00230044 0.00166299 0)
(0.00783619 0.00239187 0)
(-0.00303932 -0.00350673 0)
(0.00767702 -0.00326071 0)
(-0.00785102 -0.0151932 0)
(0.00716898 -0.0527158 0)
(-0.000282224 -0.0173047 0)
(0.00499373 0.000170275 0)
(0.0056203 0.00908433 0)
(0.00806634 0.0110013 0)
(0.00856285 0.00888591 0)
(0.00622203 0.00862224 0)
(0.00562915 0.00626168 0)
(0.00519008 0.00627017 0)
(0.00354978 0.00510509 0)
(0.00466057 0.00562107 0)
(0.00189844 0.00430431 0)
(0.00494731 0.00551602 0)
(0.000328965 0.00276964 0)
(0.006129 0.00641435 0)
(-0.00159911 0.00092272 0)
(0.00288883 0.00611791 0)
(-0.00515616 0.00748126 0)
(0.00773275 0.00972594 0)
(-0.00633174 -0.00469321 0)
(0.00853416 -0.0510684 0)
(-0.00342439 -0.00723078 0)
(-0.00816343 0.00823904 0)
(-0.0141962 -0.000709981 0)
(-0.00366318 0.00446676 0)
(-0.0117473 0.00444348 0)
(-0.00420822 0.00401859 0)
(-0.0082602 0.0039546 0)
(-0.0054811 0.0037028 0)
(-0.00605047 0.00334744 0)
(-0.00578983 0.00323004 0)
(-0.00440761 0.00246361 0)
(-0.00554228 0.00265897 0)
(-0.00258785 0.00150712 0)
(-0.00652033 0.00258356 0)
(-0.00191541 0.00458684 0)
(-0.00232437 0.00433023 0)
(-0.00726267 -0.00977891 0)
(0.0122471 -0.00304081 0)
(-0.0058519 -0.0191936 0)
(0.00844285 -0.0510613 0)
(-0.0109335 -0.0108183 0)
(0.0112366 0.0103537 0)
(0.00632786 0.00629828 0)
(0.00406959 0.00756107 0)
(0.00881753 0.00866644 0)
(0.00819219 0.0071122 0)
(0.0106799 0.00679098 0)
(0.0116929 0.00603756 0)
(0.0116594 0.0051781 0)
(0.0143068 0.00551435 0)
(0.0111724 0.00391527 0)
(0.0160631 0.00543786 0)
(0.0089556 0.00307537 0)
(0.0167326 0.0085047 0)
(0.00508045 -0.00341418 0)
(0.0189886 0.0102178 0)
(0.00582356 -0.00288398 0)
(0.00806351 0.0074447 0)
(-0.00143269 0.00556439 0)
(0.0126807 -0.0469689 0)
(-0.0205845 -0.00501697 0)
(-0.0130561 -0.00442964 0)
(-0.0230959 0.00349468 0)
(-0.0146057 -0.000522229 0)
(-0.0205102 0.00178294 0)
(-0.0116076 -5.10704e-06 0)
(-0.0194602 0.00135485 0)
(-0.00857187 0.00103139 0)
(-0.0184814 0.000887185 0)
(-0.00616457 0.0022954 0)
(-0.0160066 0.000907889 0)
(-0.00363733 0.00315028 0)
(-0.0135029 0.00109675 0)
(1.51133e-05 0.00484367 0)
(-0.00638184 8.22915e-05 0)
(-0.00612531 0.00679098 0)
(0.00674903 -0.00203411 0)
(-0.010055 0.000387091 0)
(0.0171931 -0.0271561 0)
(0.0130552 -0.0484429 0)
(0.0019394 0.0179407 0)
(0.0131992 0.0141042 0)
(0.0128272 0.00780555 0)
(0.0207397 0.00762124 0)
(0.0232681 0.00588468 0)
(0.0247069 0.00556698 0)
(0.0307467 0.00532159 0)
(0.0298492 0.00483601 0)
(0.0366927 0.0042412 0)
(0.0353344 0.0033648 0)
(0.0406773 0.00289582 0)
(0.0400311 0.00211068 0)
(0.0442752 0.0024547 0)
(0.0446342 0.00082615 0)
(0.0478189 0.00253959 0)
(0.0492748 -0.00023627 0)
(0.0492658 0.00066989 0)
(0.0507034 -0.000819148 0)
(0.0430505 -0.00508436 0)
(0.0268448 -0.00488378 0)
)
;

boundaryField
{
    movingWall
    {
        type            fixedValue;
        value           uniform (1 0 0);
    }
    fixedWalls
    {
        type            noSlip;
    }
    frontAndBack
    {
        type            empty;
    }
}


// ************************************************************************* //
