/*--------------------------------*- C++ -*----------------------------------*\
| =========                 |                                                 |
| \\      /  F ield         | OpenFOAM: The Open Source CFD Toolbox           |
|  \\    /   O peration     | Version:  5.x                                   |
|   \\  /    A nd           | Web:      www.OpenFOAM.org                      |
|    \\/     M anipulation  |                                                 |
\*---------------------------------------------------------------------------*/
FoamFile
{
    version     2.0;
    format      ascii;
    class       volScalarField;
    location    "16.6";
    object      p;
}
// * * * * * * * * * * * * * * * * * * * * * * * * * * * * * * * * * * * * * //

dimensions      [0 2 -2 0 0 0 0];

internalField   nonuniform List<scalar> 
400
(
2.3459e-10
-0.000652466
-0.00115278
-0.00147139
-0.00161179
-0.0016838
-0.00169741
-0.00169303
-0.00168382
-0.00168226
-0.00167293
-0.00167945
-0.00167819
-0.0016848
-0.00167643
-0.00159028
-0.00139671
-0.00105727
-0.000650304
0.000866861
-0.000705299
-0.00116778
-0.00147753
-0.0016363
-0.00170253
-0.00171994
-0.00170944
-0.00170543
-0.00168908
-0.00168291
-0.00168673
-0.00167887
-0.00171159
-0.00171593
-0.00174869
-0.00171729
-0.00168103
-0.00158433
-0.00140322
-0.000345486
-0.00117305
-0.00148234
-0.00161492
-0.00169566
-0.0017026
-0.00170935
-0.00170417
-0.00169113
-0.00168765
-0.00168199
-0.00168972
-0.00168932
-0.00170504
-0.00170079
-0.00172499
-0.00166213
-0.00171077
-0.00161954
-0.00154879
-0.00105606
-0.00142798
-0.00162077
-0.00166253
-0.00169143
-0.00169633
-0.001699
-0.00169937
-0.00169786
-0.00169807
-0.00169584
-0.00170099
-0.00169703
-0.00171481
-0.00171334
-0.00173646
-0.00171229
-0.00173046
-0.00163294
-0.00167998
-0.00144384
-0.00155251
-0.00165477
-0.00165924
-0.00167971
-0.00168296
-0.00168884
-0.00169121
-0.00169146
-0.00169602
-0.00169147
-0.00169905
-0.00169386
-0.00170426
-0.00171092
-0.00173902
-0.0017059
-0.00175216
-0.00165773
-0.00169756
-0.00156734
-0.00159474
-0.00163525
-0.00165517
-0.00166279
-0.00167518
-0.00168198
-0.00169179
-0.00169695
-0.00170401
-0.00170416
-0.0017098
-0.00171063
-0.00170667
-0.0017072
-0.00174869
-0.00171645
-0.00177041
-0.00168758
-0.00173242
-0.00165601
-0.00160689
-0.00163117
-0.00164788
-0.00166047
-0.00166968
-0.00168008
-0.00169064
-0.001699
-0.00170674
-0.00170123
-0.00169376
-0.00169162
-0.0016894
-0.00172837
-0.00173878
-0.00172134
-0.00177313
-0.00171052
-0.00172562
-0.00168387
-0.00161775
-0.00162274
-0.00163287
-0.00164516
-0.00166082
-0.00167038
-0.0016935
-0.0017084
-0.00172034
-0.00171788
-0.00173456
-0.00174099
-0.00170265
-0.00171565
-0.00175475
-0.00173353
-0.00175051
-0.00172869
-0.0017522
-0.00171153
-0.00161835
-0.00162815
-0.00164438
-0.0016518
-0.00166762
-0.00167405
-0.00170305
-0.00172347
-0.0017415
-0.00173497
-0.00173383
-0.00173675
-0.00176905
-0.00179291
-0.00179715
-0.00177551
-0.00177473
-0.00174592
-0.00175113
-0.00176751
-0.00160764
-0.00161354
-0.00161254
-0.00163046
-0.00164727
-0.00164135
-0.00169995
-0.00172213
-0.00175753
-0.00178885
-0.00179907
-0.00179025
-0.00181323
-0.00183626
-0.00180605
-0.0017862
-0.00181664
-0.00182226
-0.00183406
-0.0018598
-0.00159552
-0.0015933
-0.00162206
-0.00161966
-0.00165241
-0.00164997
-0.00171562
-0.00175865
-0.00179928
-0.00183718
-0.00189758
-0.00191971
-0.00192259
-0.00179891
-0.00187192
-0.00181691
-0.00195101
-0.00190026
-0.00191268
-0.00180645
-0.00158282
-0.00160423
-0.00159684
-0.00160348
-0.00164898
-0.00163901
-0.00168719
-0.00175707
-0.0018137
-0.00185833
-0.00187375
-0.00197833
-0.00190408
-0.00170115
-0.00178822
-0.0017183
-0.00180269
-0.00172414
-0.00173008
-0.00166245
-0.00157115
-0.00156496
-0.00158791
-0.00158446
-0.00165378
-0.00161022
-0.00168362
-0.00174461
-0.00184969
-0.00192088
-0.00187838
-0.00199656
-0.00187652
-0.00172709
-0.00181418
-0.00172276
-0.00174305
-0.00164162
-0.00166639
-0.00159987
-0.00154624
-0.00154891
-0.00159063
-0.00155915
-0.00164238
-0.00160336
-0.00166549
-0.00175142
-0.00186094
-0.00203031
-0.0019045
-0.0019942
-0.00186377
-0.00174505
-0.00172878
-0.00169336
-0.00174716
-0.00156469
-0.00161272
-0.00154695
-0.00153113
-0.00153688
-0.0015924
-0.00154895
-0.00161735
-0.00156677
-0.00163994
-0.00168785
-0.00180976
-0.00196598
-0.00188736
-0.00193829
-0.00181738
-0.00171306
-0.00179055
-0.00173659
-0.00176965
-0.00150898
-0.00151079
-0.00152261
-0.00147557
-0.0015069
-0.00155088
-0.00151836
-0.00161318
-0.00153509
-0.00158781
-0.0016875
-0.0017065
-0.00184167
-0.00180592
-0.00181732
-0.00175843
-0.00161174
-0.00175244
-0.00154505
-0.00154593
-0.00152259
-0.00143884
-0.00145243
-0.00136424
-0.00143841
-0.00155285
-0.00154243
-0.00156032
-0.00156581
-0.00158954
-0.0016689
-0.00174629
-0.00179703
-0.00179267
-0.0017236
-0.00156683
-0.00193967
-0.00178889
-0.00175676
-0.00170464
-0.00160853
-0.00167146
-0.00127846
-0.00118457
-0.00137761
-0.001451
-0.00149537
-0.00156567
-0.00156252
-0.00158494
-0.00170819
-0.00171242
-0.00176418
-0.00178881
-0.00191902
-0.00190169
-0.00176549
-0.00154426
-0.00152301
-0.00160091
-0.00138389
-0.00118085
-0.00100249
-0.000912218
-0.00113114
-0.00135842
-0.00141776
-0.00146169
-0.00145162
-0.00151189
-0.00172178
-0.00181444
-0.00192068
-0.00202141
-0.0020477
-0.00199403
-0.00142321
-0.00144347
-0.00160749
-0.00154734
-0.0017547
-0.00158349
-0.000570069
-0.000630129
-0.000878524
-0.00117969
-0.00139075
-0.0015162
-0.00159756
-0.00161294
-0.00168913
-0.0017791
-0.00185546
-0.00186121
-0.00172923
-0.00155283
-0.00143658
-0.00144448
-0.00153604
-0.00152946
-0.0011992
-0.000505894
0.00144857
)
;

boundaryField
{
    movingWall
    {
        type            zeroGradient;
    }
    fixedWalls
    {
        type            zeroGradient;
    }
    frontAndBack
    {
        type            empty;
    }
}


// ************************************************************************* //
