/*--------------------------------*- C++ -*----------------------------------*\
| =========                 |                                                 |
| \\      /  F ield         | OpenFOAM: The Open Source CFD Toolbox           |
|  \\    /   O peration     | Version:  5.x                                   |
|   \\  /    A nd           | Web:      www.OpenFOAM.org                      |
|    \\/     M anipulation  |                                                 |
\*---------------------------------------------------------------------------*/
FoamFile
{
    version     2.0;
    format      ascii;
    class       surfaceScalarField;
    location    "16.6";
    object      phi;
}
// * * * * * * * * * * * * * * * * * * * * * * * * * * * * * * * * * * * * * //

dimensions      [0 3 -1 0 0 0 0];

internalField   nonuniform List<scalar> 
760
(
-1.24742e-06
1.24742e-06
-2.13705e-06
8.89632e-07
-2.55036e-06
4.13313e-07
-2.80698e-06
2.56621e-07
-2.86307e-06
5.6088e-08
-2.92946e-06
6.63898e-08
-2.90765e-06
-2.18124e-08
-2.93182e-06
2.41698e-08
-2.9155e-06
-1.63204e-08
-2.9536e-06
3.81042e-08
-2.95899e-06
5.39295e-09
-2.99112e-06
3.21275e-08
-3.00817e-06
1.70459e-08
-3.02522e-06
1.70557e-08
-3.02749e-06
2.26841e-09
-2.98821e-06
-3.92764e-08
-2.89178e-06
-9.64328e-08
-2.45444e-06
-4.37346e-07
-1.62162e-06
-8.32813e-07
-1.62162e-06
-6.61703e-07
1.90912e-06
-1.05618e-06
1.28411e-06
-1.22179e-06
5.78915e-07
-1.25146e-06
2.86296e-07
-1.27533e-06
7.99588e-08
-1.28517e-06
7.62301e-08
-1.2982e-06
-8.78554e-09
-1.29654e-06
2.25085e-08
-1.30303e-06
-9.82958e-09
-1.29009e-06
2.51683e-08
-1.29977e-06
1.50666e-08
-1.32682e-06
5.91846e-08
-1.37185e-06
6.20711e-08
-1.38381e-06
2.90139e-08
-1.41686e-06
3.53204e-08
-1.3763e-06
-7.98307e-08
-1.39918e-06
-7.35583e-08
-1.43644e-06
-4.00087e-07
-1.16063e-06
-1.10862e-06
-2.78225e-06
-3.11612e-07
2.22073e-06
-4.40396e-07
1.4129e-06
-3.96542e-07
5.35061e-07
-3.53642e-07
2.43396e-07
-3.61864e-07
8.81806e-08
-3.62567e-07
7.69332e-08
-4.09566e-07
3.82139e-08
-4.52388e-07
6.53299e-08
-5.0851e-07
4.62925e-08
-5.6249e-07
7.91488e-08
-6.10936e-07
6.35118e-08
-6.23681e-07
7.19298e-08
-6.27991e-07
6.63816e-08
-6.17556e-07
1.85787e-08
-5.43469e-07
-3.87671e-08
-4.90961e-07
-1.32338e-07
-2.39705e-07
-3.24814e-07
-1.28548e-07
-5.11244e-07
-2.9927e-07
-9.37898e-07
-3.08152e-06
-1.25169e-07
2.3459e-06
-1.28635e-07
1.41636e-06
-4.91293e-08
4.55555e-07
-2.27095e-08
2.16977e-07
-6.00969e-08
1.25568e-07
-1.01456e-07
1.18292e-07
-1.60009e-07
9.67671e-08
-2.0505e-07
1.10371e-07
-2.54521e-07
9.57636e-08
-2.89287e-07
1.13915e-07
-3.01966e-07
7.61904e-08
-3.01065e-07
7.10287e-08
-2.4686e-07
1.21765e-08
-2.56313e-07
2.80319e-08
-2.85032e-07
-1.00475e-08
-3.65636e-07
-5.17352e-08
-4.07011e-07
-2.83439e-07
-2.50477e-07
-6.67778e-07
-2.0002e-07
-9.88355e-07
-3.28154e-06
-2.38138e-08
2.36971e-06
1.48542e-08
1.37769e-06
5.95417e-08
4.10867e-07
7.36763e-08
2.02842e-07
3.08668e-08
1.68377e-07
-2.41871e-08
1.73346e-07
-7.06312e-08
1.43211e-07
-1.12724e-07
1.52464e-07
-1.38569e-07
1.21608e-07
-1.43929e-07
1.19275e-07
-1.55014e-07
8.72756e-08
-1.7267e-07
8.86851e-08
-1.39842e-07
-2.06514e-08
-2.23379e-07
1.11569e-07
-2.78009e-07
4.45825e-08
-2.49374e-07
-8.03709e-08
-1.57569e-07
-3.75243e-07
5.50616e-09
-8.30853e-07
2.67495e-08
-1.0096e-06
-3.25479e-06
-2.6557e-09
2.37237e-06
2.45875e-08
1.35045e-06
4.78483e-08
3.87606e-07
5.77611e-09
2.44914e-07
-4.04443e-08
2.14598e-07
-7.17404e-08
2.04642e-07
-1.05069e-07
1.76539e-07
-1.40892e-07
1.88287e-07
-1.64636e-07
1.45352e-07
-1.49564e-07
1.04203e-07
-1.61616e-07
9.9328e-08
-2.20976e-07
1.48044e-07
-1.21242e-07
-1.20385e-07
-1.30935e-07
1.21262e-07
-1.09273e-07
2.29197e-08
-9.52611e-08
-9.43823e-08
-2.03009e-07
-2.67495e-07
-1.5649e-07
-8.77373e-07
-7.28392e-08
-1.09325e-06
-3.32763e-06
4.24232e-08
2.32995e-06
8.73889e-08
1.30549e-06
6.98368e-08
4.05158e-07
4.59779e-08
2.68773e-07
3.76485e-08
2.22927e-07
-9.49562e-09
2.51786e-07
-6.59975e-08
2.33041e-07
-7.98492e-08
2.02139e-07
-5.89318e-08
1.24435e-07
-1.09985e-07
1.55256e-07
-1.42782e-07
1.32125e-07
-1.48565e-07
1.53827e-07
-9.71223e-09
-2.59237e-07
-1.03668e-07
2.15218e-07
-7.86913e-08
-2.05669e-09
-2.67049e-08
-1.46369e-07
-4.02065e-08
-2.53994e-07
-2.55553e-09
-9.15024e-07
2.06601e-08
-1.11646e-06
-3.30697e-06
5.35024e-09
2.3246e-06
1.76956e-08
1.29314e-06
4.09666e-08
3.81887e-07
4.5477e-09
3.05192e-07
-3.25771e-08
2.60052e-07
-4.20653e-08
2.61274e-07
-8.29841e-08
2.7396e-07
-6.36703e-08
1.82825e-07
-1.70977e-08
7.78623e-08
-1.54606e-07
2.92765e-07
-4.30341e-07
4.0786e-07
-4.0835e-07
1.31835e-07
-1.34526e-07
-5.33061e-07
-1.87842e-07
2.68534e-07
-2.82203e-07
9.23036e-08
-2.11318e-07
-2.17253e-07
-6.79574e-08
-3.97354e-07
-1.21349e-07
-8.61633e-07
-7.3038e-08
-1.16478e-06
-3.38001e-06
3.93209e-08
2.28528e-06
7.47427e-08
1.25772e-06
2.41442e-08
4.32486e-07
1.07743e-08
3.18562e-07
-8.24638e-09
2.79073e-07
4.18553e-08
2.11173e-07
1.13476e-07
2.02339e-07
1.09054e-07
1.87247e-07
-4.76878e-08
2.34604e-07
-2.05076e-07
4.50153e-07
-3.12081e-07
5.14865e-07
-2.1042e-07
3.01752e-08
7.33026e-08
-8.16784e-07
-7.46214e-08
4.16458e-07
-1.38158e-07
1.5584e-07
-1.15709e-07
-2.39702e-07
-1.89949e-07
-3.23115e-07
-1.42019e-07
-9.09562e-07
2.86003e-08
-1.33539e-06
-3.35141e-06
3.82915e-08
2.24698e-06
5.13856e-08
1.24462e-06
9.55264e-08
3.88345e-07
1.0042e-07
3.13668e-07
7.96132e-10
3.78697e-07
-1.30565e-08
2.25025e-07
1.43621e-08
1.74921e-07
-1.64224e-07
3.65833e-07
-4.79122e-07
5.49502e-07
-6.61524e-07
6.32555e-07
-6.36002e-07
4.89342e-07
-4.19725e-07
-1.86102e-07
-2.50866e-07
-9.85642e-07
-2.29148e-07
3.94739e-07
-1.08875e-07
3.5568e-08
-1.57324e-07
-1.91254e-07
-2.59046e-07
-2.21392e-07
-2.75745e-07
-8.92864e-07
-7.3398e-08
-1.53774e-06
-3.42481e-06
1.78378e-08
2.22915e-06
1.90844e-08
1.24338e-06
-4.53015e-09
4.11959e-07
-7.83792e-08
3.87517e-07
-1.9571e-07
4.96028e-07
-1.94776e-07
2.24091e-07
-2.53917e-07
2.34062e-07
-2.78918e-07
3.90833e-07
-2.98327e-07
5.68912e-07
-2.94525e-07
6.28754e-07
-3.4857e-07
5.43387e-07
-4.07204e-07
-1.27468e-07
-2.48263e-07
-1.14458e-06
1.06015e-07
4.04605e-08
2.5568e-07
-1.14097e-07
2.77916e-07
-2.13491e-07
1.0694e-07
-5.04157e-08
4.17569e-09
-7.901e-07
-2.39633e-08
-1.5096e-06
-3.44877e-06
4.26247e-08
2.18652e-06
7.12679e-08
1.21473e-06
-7.66835e-08
5.59911e-07
-2.66971e-07
5.77805e-07
-3.39598e-07
5.68655e-07
-4.13015e-07
2.97508e-07
-5.9249e-07
4.13537e-07
-5.79782e-07
3.78126e-07
-5.14457e-07
5.03586e-07
-3.10475e-07
4.24772e-07
-3.61543e-08
2.69066e-07
-1.67011e-07
3.38906e-09
-3.06874e-07
-1.00472e-06
-1.09301e-07
-1.57113e-07
1.74253e-07
-3.9765e-07
3.71302e-07
-4.1054e-07
4.81133e-07
-1.60247e-07
4.50969e-07
-7.59935e-07
1.14504e-07
-1.17314e-06
-3.33427e-06
1.4889e-08
2.17163e-06
2.60621e-08
1.20356e-06
-5.32956e-08
6.39269e-07
-4.02326e-08
5.64742e-07
4.87972e-08
4.79625e-07
-4.85628e-08
3.94868e-07
-2.60867e-07
6.25841e-07
-4.07516e-07
5.24775e-07
-4.29728e-07
5.25797e-07
-2.70346e-07
2.6539e-07
-4.07576e-08
3.94782e-08
6.69208e-08
-1.04289e-07
-9.65973e-08
-8.41202e-07
-2.64309e-08
-2.2728e-07
3.67663e-08
-4.60847e-07
-1.79529e-07
-1.94245e-07
5.37405e-08
-3.93516e-07
9.52975e-08
-8.01492e-07
2.90874e-09
-1.08075e-06
-3.33136e-06
1.25946e-08
2.15904e-06
2.29779e-08
1.19318e-06
7.51319e-08
5.87115e-07
2.13626e-07
4.26248e-07
2.26101e-07
4.6715e-07
3.94433e-07
2.26535e-07
3.67533e-07
6.52741e-07
2.90806e-07
6.01503e-07
2.46223e-07
5.7038e-07
2.83443e-07
2.2817e-07
4.03682e-07
-8.07613e-08
3.75736e-07
-7.63424e-08
1.43622e-07
-6.09088e-07
2.5198e-07
-3.35637e-07
2.36296e-07
-4.45163e-07
3.02641e-08
1.1787e-08
3.43992e-07
-7.07244e-07
2.83648e-07
-7.41148e-07
1.03551e-07
-9.00652e-07
-3.22781e-06
3.64289e-08
2.12261e-06
2.82447e-09
1.22678e-06
4.41027e-08
5.45836e-07
2.71279e-07
1.99072e-07
3.65418e-07
3.73011e-07
4.95336e-07
9.66171e-08
7.5281e-07
3.95267e-07
1.03875e-06
3.15566e-07
1.11479e-06
4.94338e-07
1.09781e-06
2.45153e-07
1.21132e-06
-1.94278e-07
1.01779e-06
1.17193e-07
1.01035e-06
-6.01654e-07
1.17288e-06
-4.98165e-07
1.12797e-06
-4.00256e-07
1.24168e-06
-1.01922e-07
7.7223e-07
-2.37792e-07
1.94834e-07
-1.63752e-07
1.66413e-08
-7.22459e-07
-3.21117e-06
7.65215e-08
2.04609e-06
1.45583e-07
1.15772e-06
1.49497e-07
5.41923e-07
-2.63438e-08
3.74912e-07
2.54933e-07
9.17339e-08
3.65558e-07
-1.40082e-08
7.28201e-07
3.26249e-08
1.20216e-06
-1.58388e-07
1.35968e-06
3.36813e-07
1.39368e-06
2.1115e-07
1.3338e-06
-1.34392e-07
1.3233e-06
1.27691e-07
1.02264e-06
-3.00998e-07
8.5695e-07
-3.32473e-07
5.23214e-07
-6.65203e-08
-2.39653e-08
4.45258e-07
-2.08501e-07
-5.32559e-08
-5.34748e-08
-3.18779e-07
5.30102e-08
-8.28944e-07
-3.15816e-06
1.55518e-07
1.89057e-06
1.24241e-07
1.189e-06
2.40169e-07
4.25995e-07
3.36728e-07
2.78353e-07
3.13732e-07
1.1473e-07
4.68465e-07
-1.68741e-07
7.84602e-07
-2.83512e-07
9.0344e-07
-2.77226e-07
1.10359e-06
1.36659e-07
1.27211e-06
4.2638e-08
1.11504e-06
2.26757e-08
1.03207e-06
2.10663e-07
1.72888e-07
5.58181e-07
-4.53961e-07
2.94376e-07
-1.46784e-07
-3.73697e-07
-7.6409e-08
3.74883e-07
5.23323e-07
-6.52988e-07
4.71286e-07
-2.66742e-07
7.81159e-08
-4.35774e-07
-3.08004e-06
3.51405e-07
1.53916e-06
5.91639e-07
9.48763e-07
4.82328e-07
5.35306e-07
6.50103e-07
1.10578e-07
7.48111e-07
1.67215e-08
7.54532e-07
-1.75162e-07
8.04586e-07
-3.33566e-07
7.58486e-07
-2.31126e-07
9.079e-07
-1.27549e-08
1.06577e-06
-1.15229e-07
1.14392e-06
-5.54818e-08
1.35651e-06
-1.92543e-09
1.50778e-06
4.06913e-07
1.14201e-06
6.60149e-07
8.95928e-07
-1.27618e-07
9.71849e-07
2.98962e-07
6.82049e-07
-3.63188e-07
8.63981e-08
3.28909e-07
3.41637e-07
-6.91013e-07
-2.7384e-06
4.71879e-07
1.06729e-06
7.81814e-07
6.38828e-07
9.39209e-07
3.77912e-07
7.87257e-07
2.6253e-07
6.12923e-07
1.91056e-07
3.19948e-07
1.17813e-07
-1.72642e-07
1.59025e-07
-5.34153e-07
1.30384e-07
-6.63844e-07
1.16936e-07
-8.27573e-07
4.85009e-08
-8.92511e-07
9.45627e-09
-8.65402e-07
-2.90345e-08
-4.77342e-07
1.88528e-08
1.10963e-07
7.18438e-08
-1.51599e-07
1.34944e-07
6.69944e-08
8.0369e-08
-2.47953e-07
-4.8241e-08
1.73032e-07
-9.20752e-08
7.51016e-07
-1.269e-06
-1.98739e-06
1.06729e-06
1.70611e-06
2.08403e-06
2.34656e-06
2.53761e-06
2.65542e-06
2.81445e-06
2.94483e-06
3.06177e-06
3.11027e-06
3.11973e-06
3.09069e-06
3.10954e-06
3.18139e-06
3.31633e-06
3.3967e-06
3.34846e-06
3.25638e-06
1.98739e-06
)
;

boundaryField
{
    movingWall
    {
        type            calculated;
        value           uniform 0;
    }
    fixedWalls
    {
        type            calculated;
        value           uniform 0;
    }
    frontAndBack
    {
        type            empty;
        value           nonuniform 0();
    }
}


// ************************************************************************* //
