/*--------------------------------*- C++ -*----------------------------------*\
| =========                 |                                                 |
| \\      /  F ield         | OpenFOAM: The Open Source CFD Toolbox           |
|  \\    /   O peration     | Version:  5.x                                   |
|   \\  /    A nd           | Web:      www.OpenFOAM.org                      |
|    \\/     M anipulation  |                                                 |
\*---------------------------------------------------------------------------*/
FoamFile
{
    version     2.0;
    format      ascii;
    class       volScalarField;
    location    "14.1";
    object      p;
}
// * * * * * * * * * * * * * * * * * * * * * * * * * * * * * * * * * * * * * //

dimensions      [0 2 -2 0 0 0 0];

internalField   nonuniform List<scalar> 
400
(
-1.63811e-10
-0.000499012
-0.000861491
-0.00107551
-0.00117994
-0.00122025
-0.00123139
-0.00123766
-0.00123541
-0.00124586
-0.0012339
-0.00122682
-0.00121125
-0.00119507
-0.00118799
-0.00111996
-0.000993321
-0.000746952
-0.000559144
0.000359745
-0.000538445
-0.000886879
-0.00108062
-0.00119847
-0.00122841
-0.0012407
-0.00122683
-0.00123401
-0.00123332
-0.00124275
-0.00124322
-0.0012255
-0.00124395
-0.00121107
-0.00122438
-0.00115481
-0.00115691
-0.00103306
-0.00103442
-0.000364063
-0.000869161
-0.00111213
-0.00118854
-0.00123881
-0.00124147
-0.00124895
-0.00124382
-0.00124257
-0.0012434
-0.00123963
-0.0012407
-0.00122784
-0.00123329
-0.00121032
-0.00121836
-0.00116842
-0.00115735
-0.00110311
-0.00104158
-0.000780879
-0.00108551
-0.00121521
-0.00124969
-0.00124845
-0.0012501
-0.0012465
-0.0012451
-0.00124469
-0.00124469
-0.00124119
-0.00124009
-0.00123117
-0.00124365
-0.00122182
-0.00123168
-0.00119258
-0.00119027
-0.00114666
-0.00122052
-0.00103692
-0.00118308
-0.00127202
-0.00126631
-0.00126428
-0.00125327
-0.00125322
-0.00125204
-0.00124958
-0.00125091
-0.00124131
-0.00124112
-0.00123729
-0.00124426
-0.00123032
-0.00123274
-0.00120679
-0.00121396
-0.00119062
-0.00117032
-0.00112758
-0.00122112
-0.00125213
-0.00125517
-0.00125697
-0.00125623
-0.00125834
-0.00126072
-0.00125766
-0.00125799
-0.00124754
-0.00124073
-0.00123947
-0.0012478
-0.0012327
-0.00124312
-0.00121619
-0.00123366
-0.00120245
-0.00123763
-0.00119307
-0.00123479
-0.00124856
-0.00125157
-0.00126182
-0.00126265
-0.00126563
-0.00127016
-0.0012692
-0.0012661
-0.00125716
-0.00125353
-0.00125771
-0.00126464
-0.00125395
-0.00126126
-0.00125151
-0.00124705
-0.00121259
-0.00123873
-0.00120223
-0.00125378
-0.00128715
-0.0012714
-0.00127473
-0.00128074
-0.00128671
-0.00129297
-0.00129192
-0.00128934
-0.00127697
-0.00127131
-0.00125776
-0.00126267
-0.00124774
-0.00125675
-0.00124444
-0.00127802
-0.00120985
-0.00126379
-0.00121384
-0.00128981
-0.00127864
-0.00128661
-0.00129369
-0.00129842
-0.00130918
-0.00132369
-0.00132371
-0.0013131
-0.00130059
-0.00131703
-0.00130572
-0.00130376
-0.00129465
-0.00130168
-0.00127513
-0.00127851
-0.00123871
-0.00130401
-0.00123161
-0.00130559
-0.00131618
-0.00131909
-0.00131561
-0.00133206
-0.00135212
-0.00137749
-0.00139099
-0.00137568
-0.00133542
-0.00132396
-0.00132261
-0.00129215
-0.00126403
-0.00128458
-0.00127875
-0.00130173
-0.00127991
-0.00129323
-0.00127346
-0.0013313
-0.00135732
-0.00133953
-0.00134526
-0.00136242
-0.00139597
-0.0014628
-0.00149605
-0.00149462
-0.0014379
-0.00137499
-0.0013532
-0.0013406
-0.00132951
-0.00139394
-0.00134509
-0.00140331
-0.00132645
-0.0013507
-0.00128237
-0.00131011
-0.0013015
-0.0013183
-0.00133677
-0.00139038
-0.00148403
-0.00162984
-0.00171579
-0.001731
-0.0016066
-0.00141875
-0.00130025
-0.00127481
-0.00125557
-0.00130488
-0.00128304
-0.00132519
-0.00127031
-0.0013386
-0.00125601
-0.00126076
-0.00128962
-0.00130736
-0.00134568
-0.00142798
-0.00158134
-0.00182761
-0.00191739
-0.0019257
-0.00173397
-0.00146296
-0.00128915
-0.0013663
-0.00135419
-0.00138349
-0.00132817
-0.00130754
-0.00127488
-0.0013184
-0.001296
-0.00125027
-0.00124345
-0.0012816
-0.00130714
-0.00141561
-0.00159535
-0.00186373
-0.00194767
-0.00193473
-0.00176407
-0.00144342
-0.00123912
-0.00127148
-0.00126177
-0.00126997
-0.00130913
-0.0012964
-0.00123743
-0.00125683
-0.00134509
-0.00117975
-0.00120147
-0.00123469
-0.0012752
-0.00135833
-0.00153583
-0.00179346
-0.0019157
-0.00186687
-0.00171268
-0.00140318
-0.00128387
-0.00125496
-0.001321
-0.00137212
-0.00143891
-0.00157669
-0.00142777
-0.00151338
-0.00133523
-0.00110267
-0.00113646
-0.00116783
-0.00117404
-0.0012514
-0.00140859
-0.00156346
-0.00167253
-0.00169175
-0.00161121
-0.00142726
-0.00127629
-0.00137064
-0.00142389
-0.00122487
-0.0013025
-0.00123426
-0.00116692
-0.00115285
-0.00116755
-0.00100271
-0.00101606
-0.00109645
-0.00111402
-0.00115186
-0.00124297
-0.0013586
-0.00144855
-0.00151258
-0.00151303
-0.00136149
-0.00116847
-0.00160715
-0.00153705
-0.00120201
-0.00145904
-0.00147207
-0.00119651
-0.00143725
-0.00103473
-0.00082688
-0.0009595
-0.00103824
-0.00106264
-0.00107505
-0.00113114
-0.00123611
-0.00131593
-0.0014982
-0.00176269
-0.00170513
-0.00146508
-0.00139465
-0.00119566
-0.00124699
-0.00141991
-0.00125783
-0.000900287
-0.000737005
-0.00045371
-0.000554903
-0.000822551
-0.000941886
-0.00104716
-0.00104247
-0.00105794
-0.00103278
-0.00103393
-0.00148948
-0.0021035
-0.00199031
-0.0013916
-0.00144951
-0.00110094
-0.00134664
-0.00120454
-0.00104117
-0.00151864
-0.00081352
-0.000355854
-0.00025888
-0.0005824
-0.000846169
-0.00102362
-0.00109015
-0.0010994
-0.00115137
-0.00127508
-0.00147817
-0.00156045
-0.00150117
-0.00145475
-0.00142071
-0.00143078
-0.00129571
-0.00105988
-0.00084671
-0.000724413
-0.0002486
0.0015287
)
;

boundaryField
{
    movingWall
    {
        type            zeroGradient;
    }
    fixedWalls
    {
        type            zeroGradient;
    }
    frontAndBack
    {
        type            empty;
    }
}


// ************************************************************************* //
