/*--------------------------------*- C++ -*----------------------------------*\
| =========                 |                                                 |
| \\      /  F ield         | OpenFOAM: The Open Source CFD Toolbox           |
|  \\    /   O peration     | Version:  5.x                                   |
|   \\  /    A nd           | Web:      www.OpenFOAM.org                      |
|    \\/     M anipulation  |                                                 |
\*---------------------------------------------------------------------------*/
FoamFile
{
    version     2.0;
    format      ascii;
    class       surfaceScalarField;
    location    "14.1";
    object      phi;
}
// * * * * * * * * * * * * * * * * * * * * * * * * * * * * * * * * * * * * * //

dimensions      [0 3 -1 0 0 0 0];

internalField   nonuniform List<scalar> 
760
(
-1.08522e-06
1.08522e-06
-1.7841e-06
6.98875e-07
-2.14308e-06
3.58982e-07
-2.28638e-06
1.43297e-07
-2.328e-06
4.1624e-08
-2.35896e-06
3.09597e-08
-2.3344e-06
-2.45571e-08
-2.37801e-06
4.36035e-08
-2.3567e-06
-2.13026e-08
-2.40535e-06
4.86462e-08
-2.37681e-06
-2.85374e-08
-2.3803e-06
3.488e-09
-2.37076e-06
-9.54063e-09
-2.33758e-06
-3.31838e-08
-2.33239e-06
-5.18687e-09
-2.24621e-06
-8.61751e-08
-2.20122e-06
-4.49889e-08
-1.85666e-06
-3.44564e-07
-1.23191e-06
-6.24747e-07
-1.23191e-06
-5.96255e-07
1.68148e-06
-9.5638e-07
1.059e-06
-1.00023e-06
4.02829e-07
-1.0539e-06
1.96968e-07
-1.045e-06
3.27311e-08
-1.01588e-06
1.83796e-09
-1.04145e-06
1.01171e-09
-9.97145e-07
-7.03136e-10
-1.03203e-06
1.35826e-08
-9.88892e-07
5.50848e-09
-1.0156e-06
-1.82875e-09
-1.01475e-06
2.63468e-09
-1.03373e-06
9.4439e-09
-1.02039e-06
-4.65302e-08
-9.96037e-07
-2.95353e-08
-9.68269e-07
-1.13944e-07
-9.5211e-07
-6.11474e-08
-1.01644e-06
-2.80232e-07
-9.36501e-07
-7.04688e-07
-2.16841e-06
-3.12748e-07
1.99422e-06
-4.53331e-07
1.19958e-06
-3.79077e-07
3.28574e-07
-3.18351e-07
1.36242e-07
-3.03741e-07
1.81208e-08
-2.9895e-07
-2.95309e-09
-2.93008e-07
-4.9297e-09
-3.16177e-07
2.24654e-08
-2.96385e-07
-6.20875e-09
-3.19181e-07
2.83047e-08
-3.07976e-07
-1.30344e-08
-3.57879e-07
5.2538e-08
-3.74267e-07
2.58313e-08
-4.16866e-07
-3.93052e-09
-3.88191e-07
-5.821e-08
-3.53022e-07
-1.49113e-07
-2.89732e-07
-1.24438e-07
-1.51501e-07
-4.18463e-07
-2.34473e-07
-6.21716e-07
-2.40289e-06
-1.41822e-07
2.13605e-06
-2.065e-07
1.26426e-06
-2.16849e-07
3.38924e-07
-1.7839e-07
9.77831e-08
-1.9752e-07
3.7251e-08
-2.50818e-07
5.03444e-08
-2.80542e-07
2.4794e-08
-3.11058e-07
5.29822e-08
-3.05965e-07
-1.1302e-08
-3.00776e-07
2.31157e-08
-2.63517e-07
-5.02939e-08
-2.45314e-07
3.43351e-08
-2.06352e-07
-1.31311e-08
-1.85673e-07
-2.46093e-08
-1.94277e-07
-4.96055e-08
-1.13925e-07
-2.29465e-07
-1.83244e-07
-5.51183e-08
-2.98567e-07
-3.0314e-07
-2.43631e-07
-6.76652e-07
-2.64652e-06
-6.71581e-08
2.2032e-06
-5.5556e-08
1.25266e-06
-8.65344e-08
3.69902e-07
-1.31484e-07
1.42733e-07
-1.85747e-07
9.15139e-08
-2.3685e-07
1.01447e-07
-2.74807e-07
6.27513e-08
-2.83141e-07
6.13163e-08
-2.83133e-07
-1.13096e-08
-2.54847e-07
-5.17066e-09
-1.64614e-07
-1.40527e-07
-1.50295e-07
2.00155e-08
-1.03809e-07
-5.96172e-08
-7.08785e-08
-5.75396e-08
-9.52888e-08
-2.51953e-08
-1.23406e-07
-2.01349e-07
-5.43074e-08
-1.24216e-07
2.37709e-08
-3.81218e-07
-2.59588e-08
-6.26922e-07
-2.67248e-06
1.80787e-08
2.18513e-06
2.63153e-08
1.24442e-06
1.66583e-08
3.79559e-07
-1.05962e-07
2.65353e-07
-2.00349e-07
1.85901e-07
-2.59931e-07
1.61029e-07
-3.18075e-07
1.20895e-07
-3.38137e-07
8.13787e-08
-3.48037e-07
-1.4093e-09
-3.16786e-07
-3.6422e-08
-1.98649e-07
-2.58664e-07
-1.83741e-07
5.10808e-09
-1.61363e-07
-8.1995e-08
-1.33603e-07
-8.53001e-08
-1.78053e-07
1.92552e-08
-1.96846e-07
-1.82556e-07
-1.46003e-07
-1.75059e-07
-1.21294e-07
-4.05927e-07
-1.27447e-07
-6.20768e-07
-2.79992e-06
-6.2732e-08
2.24786e-06
-2.38386e-08
1.20553e-06
-6.58038e-08
4.21524e-07
-1.01631e-07
3.0118e-07
-2.01076e-07
2.85346e-07
-2.83263e-07
2.43216e-07
-3.35998e-07
1.73631e-07
-3.78708e-07
1.24088e-07
-3.78171e-07
-1.94647e-09
-3.11154e-07
-1.03438e-07
-1.22628e-07
-4.47191e-07
-1.43935e-07
2.64152e-08
-1.12751e-07
-1.13179e-07
-8.68332e-08
-1.11218e-07
-5.81548e-09
-6.17625e-08
4.99749e-08
-2.38347e-07
-3.83688e-08
-8.67154e-08
-1.67455e-08
-4.27551e-07
-7.68723e-09
-6.29827e-07
-2.80761e-06
-1.8932e-08
2.26679e-06
-2.60784e-08
1.21267e-06
-4.28366e-08
4.38282e-07
-1.61015e-07
4.19359e-07
-2.71891e-07
3.96222e-07
-3.74511e-07
3.45836e-07
-4.5713e-07
2.56249e-07
-4.70446e-07
1.37404e-07
-4.7157e-07
-8.22948e-10
-3.20916e-07
-2.54092e-07
-1.86062e-07
-5.82045e-07
-2.28986e-07
6.93398e-08
-2.58987e-07
-8.31783e-08
-2.70381e-07
-9.98237e-08
-1.86511e-07
-1.45633e-07
-2.40249e-07
-1.84609e-07
-1.94104e-07
-1.3286e-07
-3.95538e-08
-5.82101e-07
-7.44641e-08
-5.94916e-07
-2.88208e-06
-1.59845e-08
2.28277e-06
-2.78448e-08
1.22453e-06
-9.96614e-08
5.10099e-07
-2.24904e-07
5.44602e-07
-2.93744e-07
4.65062e-07
-3.53825e-07
4.05917e-07
-4.74603e-07
3.77027e-07
-5.4972e-07
2.12521e-07
-4.65201e-07
-8.53419e-08
-2.05337e-07
-5.13957e-07
-9.95466e-08
-6.87835e-07
-1.72566e-07
1.42359e-07
-1.80693e-07
-7.50506e-08
-2.16448e-07
-6.4069e-08
-2.45983e-07
-1.16098e-07
-2.58383e-07
-1.72209e-07
-2.07352e-07
-1.83891e-07
-7.52118e-08
-7.14242e-07
-7.64475e-09
-6.62483e-07
-2.88972e-06
-5.19873e-08
2.33476e-06
-9.66478e-08
1.2692e-06
-1.70596e-07
5.84048e-07
-1.79845e-07
5.5385e-07
-2.78945e-07
5.64162e-07
-4.48563e-07
5.75535e-07
-6.0872e-07
5.37185e-07
-6.92148e-07
2.95949e-07
-5.74695e-07
-2.02795e-07
-3.24612e-07
-7.6404e-07
-2.61391e-07
-7.51056e-07
-2.6786e-07
1.48828e-07
-2.77633e-07
-6.52778e-08
-3.09281e-07
-3.24208e-08
-4.10531e-07
-1.4848e-08
-3.83745e-07
-1.98995e-07
-3.0152e-07
-2.66116e-07
-2.98084e-07
-7.17678e-07
-6.58216e-08
-8.94745e-07
-2.95554e-06
5.35715e-08
2.28119e-06
3.10849e-08
1.29168e-06
6.64907e-09
6.08483e-07
1.47613e-08
5.45738e-07
-1.62459e-07
7.41382e-07
-5.1845e-07
9.31527e-07
-7.67612e-07
7.86346e-07
-7.48912e-07
2.77249e-07
-6.52136e-07
-2.99572e-07
-4.83194e-07
-9.32982e-07
-2.33175e-07
-1.00108e-06
-1.18786e-08
-7.2468e-08
4.37043e-08
-1.20861e-07
-7.33537e-08
8.46372e-08
-1.28809e-07
4.06068e-08
-8.50917e-08
-2.42712e-07
-3.60994e-08
-3.15108e-07
-1.28884e-07
-6.24893e-07
-8.12815e-08
-9.42348e-07
-3.03682e-06
5.68052e-08
2.22438e-06
6.52526e-08
1.28323e-06
4.17792e-08
6.31957e-07
-1.92427e-07
7.79944e-07
-4.34812e-07
9.83767e-07
-6.07616e-07
1.10433e-06
-7.46809e-07
9.2554e-07
-7.2141e-07
2.5185e-07
-6.79353e-07
-3.41629e-07
-6.0755e-07
-1.00478e-06
-4.17409e-07
-1.19122e-06
-4.16138e-08
-4.48263e-07
1.17227e-07
-2.79702e-07
1.82018e-07
1.98462e-08
2.3005e-07
-7.42554e-09
1.10298e-07
-1.22959e-07
1.79993e-07
-3.84803e-07
9.11414e-08
-5.36041e-07
-2.20459e-09
-8.49002e-07
-3.03903e-06
3.95543e-08
2.18483e-06
7.21125e-08
1.25068e-06
-9.23915e-08
7.96461e-07
-2.11013e-07
8.98566e-07
-3.04154e-07
1.07691e-06
-3.7503e-07
1.17521e-06
-3.1237e-07
8.6288e-07
-2.41581e-07
1.8106e-07
-1.39568e-07
-4.43642e-07
-1.07907e-07
-1.03645e-06
-6.37811e-08
-1.23534e-06
2.18415e-07
-7.30459e-07
3.95106e-07
-4.56392e-07
4.73268e-07
-5.83166e-08
4.52605e-07
1.32374e-08
2.48313e-07
8.13334e-08
1.26797e-07
-2.63287e-07
5.87902e-08
-4.68035e-07
-1.63532e-08
-7.73859e-07
-3.05538e-06
7.58039e-08
2.10903e-06
7.84202e-08
1.24806e-06
1.34262e-07
7.40619e-07
1.31049e-07
9.01779e-07
6.84761e-08
1.13948e-06
1.23179e-07
1.1205e-06
2.60374e-07
7.25685e-07
3.27036e-07
1.14398e-07
3.7596e-07
-4.92566e-07
3.73462e-07
-1.03395e-06
1.66994e-07
-1.02887e-06
1.41164e-07
-7.04629e-07
-1.43247e-07
-1.71981e-07
-2.86712e-07
8.51483e-08
-3.53014e-07
7.95392e-08
-5.26794e-07
2.55114e-07
-3.92626e-07
-3.97456e-07
-2.78452e-07
-5.82209e-07
-1.17178e-08
-1.04059e-06
-3.0671e-06
5.194e-08
2.05709e-06
1.39945e-07
1.16006e-06
1.7865e-07
7.01915e-07
2.48138e-07
8.3229e-07
4.35444e-07
9.52175e-07
6.06075e-07
9.49873e-07
7.82725e-07
5.49035e-07
9.1221e-07
-1.5087e-08
9.55738e-07
-5.36094e-07
8.73383e-07
-9.51593e-07
6.42146e-07
-7.97637e-07
6.01727e-07
-6.6421e-07
6.27302e-07
-1.97556e-07
2.59697e-07
4.52753e-07
1.26901e-07
2.12336e-07
1.69941e-07
2.12073e-07
6.62982e-08
-2.93812e-07
-1.07954e-07
-4.07957e-07
-6.9645e-08
-1.0789e-06
-3.13674e-06
9.5312e-08
1.96177e-06
2.48502e-07
1.00687e-06
3.30347e-07
6.20069e-07
4.96587e-07
6.66051e-07
9.29659e-07
5.19104e-07
1.12706e-06
7.5247e-07
1.38111e-06
2.94986e-07
1.39902e-06
-3.29967e-08
1.42651e-06
-5.63583e-07
1.32717e-06
-8.52255e-07
9.79233e-07
-4.49699e-07
6.60382e-07
-3.45359e-07
7.31185e-07
-2.68359e-07
5.87289e-07
5.96649e-07
5.66177e-07
2.33448e-07
6.27948e-07
1.50302e-07
4.24944e-07
-9.08083e-08
2.06764e-07
-1.89777e-07
2.36475e-07
-1.10861e-06
-2.90027e-06
1.04088e-07
1.85769e-06
2.08536e-07
9.02417e-07
3.51756e-07
4.76849e-07
6.44666e-07
3.7314e-07
8.25552e-07
3.38218e-07
1.11739e-06
4.60634e-07
1.32277e-06
8.96026e-08
1.52946e-06
-2.39682e-07
1.62809e-06
-6.62212e-07
1.34551e-06
-5.69682e-07
6.03442e-07
2.92371e-07
-1.79991e-07
4.38075e-07
-7.39672e-07
2.91321e-07
-3.86107e-07
2.43084e-07
-1.43026e-07
-9.63311e-09
-2.71602e-07
2.78879e-07
2.26086e-07
-5.88497e-07
3.21931e-07
-2.85622e-07
-9.04342e-09
-7.77638e-07
-2.90931e-06
3.3071e-07
1.52698e-06
3.66353e-07
8.66774e-07
3.9855e-07
4.44653e-07
5.57067e-07
2.14623e-07
8.4391e-07
5.13752e-08
1.28626e-06
1.8286e-08
1.40484e-06
-2.89772e-08
1.58738e-06
-4.2222e-07
1.53621e-06
-6.11045e-07
1.2888e-06
-3.22274e-07
1.21782e-06
3.63347e-07
1.24646e-06
4.09439e-07
1.02651e-06
5.11269e-07
1.12886e-06
1.40737e-07
1.43794e-06
-3.18718e-07
1.47204e-06
2.44781e-07
1.24245e-06
-3.58904e-07
7.70744e-07
1.86083e-07
4.66148e-07
-4.73043e-07
-2.44316e-06
4.67899e-07
1.05908e-06
6.85249e-07
6.49424e-07
7.61949e-07
3.67954e-07
7.89532e-07
1.8704e-07
7.15258e-07
1.2565e-07
5.94039e-07
1.39505e-07
3.9937e-07
1.65691e-07
-2.21329e-07
1.9848e-07
-9.34722e-07
1.02347e-07
-1.3024e-06
4.54044e-08
-9.77953e-07
3.89008e-08
-5.73297e-07
4.78311e-09
-1.56186e-07
9.41583e-08
3.19017e-08
-4.73509e-08
-2.03469e-07
-8.33477e-08
1.10493e-07
-6.91809e-08
-2.79813e-07
3.14024e-08
-3.83476e-08
-5.53822e-08
6.43988e-07
-1.15538e-06
-1.79918e-06
1.05908e-06
1.7085e-06
2.07645e-06
2.26349e-06
2.38914e-06
2.52865e-06
2.69434e-06
2.89282e-06
2.99517e-06
3.04057e-06
3.07947e-06
3.08426e-06
3.17841e-06
3.13106e-06
3.04772e-06
2.97853e-06
3.00994e-06
2.95455e-06
1.79918e-06
)
;

boundaryField
{
    movingWall
    {
        type            calculated;
        value           uniform 0;
    }
    fixedWalls
    {
        type            calculated;
        value           uniform 0;
    }
    frontAndBack
    {
        type            empty;
        value           nonuniform 0();
    }
}


// ************************************************************************* //
