/*--------------------------------*- C++ -*----------------------------------*\
| =========                 |                                                 |
| \\      /  F ield         | OpenFOAM: The Open Source CFD Toolbox           |
|  \\    /   O peration     | Version:  5.x                                   |
|   \\  /    A nd           | Web:      www.OpenFOAM.org                      |
|    \\/     M anipulation  |                                                 |
\*---------------------------------------------------------------------------*/
FoamFile
{
    version     2.0;
    format      ascii;
    class       volScalarField;
    location    "3.3";
    object      p;
}
// * * * * * * * * * * * * * * * * * * * * * * * * * * * * * * * * * * * * * //

dimensions      [0 2 -2 0 0 0 0];

internalField   nonuniform List<scalar> 
400
(
5.46592e-11
6.78971e-07
2.11649e-06
4.34762e-06
7.45717e-06
1.15567e-05
1.67907e-05
2.33378e-05
3.14121e-05
4.12606e-05
5.31542e-05
6.73692e-05
8.41524e-05
0.000103651
0.000125811
0.000150288
0.000175915
0.000200568
0.000221023
0.000233343
-7.95394e-07
-1.45718e-07
1.23591e-06
3.3822e-06
6.37653e-06
1.03288e-05
1.53824e-05
2.17165e-05
2.95487e-05
3.9137e-05
5.07752e-05
6.47794e-05
8.14604e-05
0.000101061
0.000123652
0.000149152
0.000176547
0.000203822
0.000227355
0.000242707
-2.42461e-06
-1.82982e-06
-5.58035e-07
1.42045e-06
4.18593e-06
7.84416e-06
1.25348e-05
1.8436e-05
2.57709e-05
3.48148e-05
4.59007e-05
5.94198e-05
7.58072e-05
9.54941e-05
0.000118751
0.000146219
0.000177086
0.000209781
0.000240203
0.000263334
-4.82054e-06
-4.30646e-06
-3.19743e-06
-1.46833e-06
9.55991e-07
4.17366e-06
8.31643e-06
1.35565e-05
2.01168e-05
2.82854e-05
3.84344e-05
5.10434e-05
6.67243e-05
8.62437e-05
0.000110567
0.000139803
0.000175392
0.000216494
0.000258879
0.000298785
-7.90028e-06
-7.4916e-06
-6.59532e-06
-5.1926e-06
-3.21607e-06
-5.79969e-07
2.83226e-06
7.17622e-06
1.26609e-05
1.9569e-05
2.82881e-05
3.9357e-05
5.35289e-05
7.18483e-05
9.56843e-05
0.000126568
0.000167397
0.000219376
0.000280096
0.000354689
-1.15521e-05
-1.1272e-05
-1.06345e-05
-9.62853e-06
-8.19699e-06
-6.27225e-06
-3.76229e-06
-5.42925e-07
3.55787e-06
8.78442e-06
1.54912e-05
2.42045e-05
3.5725e-05
5.12926e-05
7.28558e-05
0.000103567
0.000146561
0.00020835
0.000292186
0.000432459
-1.56391e-05
-1.55094e-05
-1.51717e-05
-1.46234e-05
-1.38193e-05
-1.27155e-05
-1.12548e-05
-9.36135e-06
-6.92737e-06
-3.79258e-06
2.90541e-07
5.7169e-06
1.31338e-05
2.36314e-05
3.90706e-05
6.28195e-05
0.000101918
0.00016383
0.000253203
0.000497945
-2.00008e-05
-2.00436e-05
-2.00414e-05
-2.00001e-05
-1.98852e-05
-1.96814e-05
-1.93755e-05
-1.89559e-05
-1.84051e-05
-1.76901e-05
-1.67465e-05
-1.54504e-05
-1.35659e-05
-1.06384e-05
-5.88619e-06
1.71713e-06
1.79402e-05
5.53711e-05
2.58259e-05
0.000362195
-2.44521e-05
-2.47003e-05
-2.50637e-05
-2.55705e-05
-2.61795e-05
-2.69134e-05
-2.78081e-05
-2.89294e-05
-3.03691e-05
-3.22537e-05
-3.4762e-05
-3.8155e-05
-4.28377e-05
-4.94663e-05
-5.9242e-05
-7.65719e-05
-0.000113352
-0.000112174
-0.000454996
-4.71974e-05
-2.87902e-05
-2.92816e-05
-3.00386e-05
-3.11192e-05
-3.24618e-05
-3.41239e-05
-3.61955e-05
-3.88216e-05
-4.22064e-05
-4.6633e-05
-5.25193e-05
-6.04997e-05
-7.15988e-05
-8.76024e-05
-0.00011124
-0.000144364
-0.000241553
-0.00021345
-0.000596047
-0.000380793
-3.27457e-05
-3.36919e-05
-3.48219e-05
-3.6638e-05
-3.86292e-05
-4.11598e-05
-4.42656e-05
-4.82357e-05
-5.33663e-05
-6.00821e-05
-6.90187e-05
-8.11319e-05
-9.78536e-05
-0.000121618
-0.000158262
-0.00018671
-0.000311657
-0.000298499
-0.000459538
-0.000438252
-3.60937e-05
-3.74672e-05
-3.90646e-05
-4.12714e-05
-4.39724e-05
-4.72894e-05
-5.14002e-05
-5.65323e-05
-6.30674e-05
-7.15212e-05
-8.2641e-05
-9.74774e-05
-0.0001179
-0.000142865
-0.000193791
-0.000215849
-0.000356015
-0.00037945
-0.000532834
-0.000529408
-3.82536e-05
-4.13171e-05
-4.32576e-05
-4.7726e-05
-5.02624e-05
-5.47493e-05
-5.89465e-05
-6.46693e-05
-7.1864e-05
-8.13775e-05
-9.38884e-05
-0.000110161
-0.000134244
-0.000154844
-0.000219414
-0.000233291
-0.000379003
-0.000421568
-0.000594044
-0.000586345
-3.96141e-05
-4.42787e-05
-4.60481e-05
-4.91932e-05
-5.26191e-05
-5.64814e-05
-6.16546e-05
-6.79586e-05
-7.6179e-05
-8.64212e-05
-9.98298e-05
-0.000114765
-0.000141248
-0.00015722
-0.000221046
-0.000231164
-0.000351944
-0.000401135
-0.000489286
-0.000475706
-3.45362e-05
-4.28174e-05
-4.96213e-05
-5.7746e-05
-6.04716e-05
-6.74289e-05
-7.0188e-05
-7.70007e-05
-8.35036e-05
-9.33306e-05
-0.000105931
-0.000118624
-0.000142615
-0.000160028
-0.000206611
-0.000233128
-0.000308222
-0.000366497
-0.000439682
-0.000367558
-3.79158e-05
-6.0422e-05
-5.46002e-05
-5.85381e-05
-5.97761e-05
-6.17925e-05
-6.61149e-05
-7.13447e-05
-7.93495e-05
-8.88038e-05
-0.000101677
-0.000114937
-0.000134699
-0.000152702
-0.000184354
-0.000205241
-0.000256224
-0.000277043
-0.000377707
-0.000245098
-6.98501e-06
-3.36866e-05
-5.47305e-05
-7.18041e-05
-7.21151e-05
-7.90561e-05
-7.79268e-05
-8.35276e-05
-8.69932e-05
-9.66425e-05
-0.000104935
-0.000115508
-0.000132264
-0.000144187
-0.000165887
-0.000186574
-0.000211243
-0.00020093
-0.000255016
-3.64177e-05
-2.71525e-05
-0.000127757
-8.93957e-05
-7.29665e-05
-6.51966e-05
-6.20749e-05
-6.13299e-05
-6.63515e-05
-7.18053e-05
-8.19738e-05
-9.16603e-05
-0.000103557
-0.000117275
-0.000129152
-0.00014056
-0.000136459
-0.000110403
-0.000110319
-2.29439e-05
0.000238257
1.45891e-05
-9.41273e-05
-8.66662e-05
-7.8177e-05
-6.33779e-05
-7.35852e-05
-7.52219e-05
-8.2636e-05
-7.92672e-05
-9.97826e-05
-0.000100986
-0.000107419
-0.000125333
-0.000135206
-0.000142063
-0.000177916
-0.000176135
-7.81217e-05
-0.000120448
0.000560326
-0.00012885
-6.38242e-05
-3.38337e-05
-5.27706e-05
-4.28307e-05
-4.02249e-05
-5.60606e-05
-5.68881e-05
-5.16745e-05
-8.57217e-05
-7.93776e-05
-8.30631e-05
-0.000114884
-0.000108015
-0.000109409
-0.000118037
-7.17982e-05
0.000222754
0.000682155
0.0020196
)
;

boundaryField
{
    movingWall
    {
        type            zeroGradient;
    }
    fixedWalls
    {
        type            zeroGradient;
    }
    frontAndBack
    {
        type            empty;
    }
}


// ************************************************************************* //
