/*--------------------------------*- C++ -*----------------------------------*\
| =========                 |                                                 |
| \\      /  F ield         | OpenFOAM: The Open Source CFD Toolbox           |
|  \\    /   O peration     | Version:  5.x                                   |
|   \\  /    A nd           | Web:      www.OpenFOAM.org                      |
|    \\/     M anipulation  |                                                 |
\*---------------------------------------------------------------------------*/
FoamFile
{
    version     2.0;
    format      ascii;
    class       volScalarField;
    location    "1.8";
    object      p;
}
// * * * * * * * * * * * * * * * * * * * * * * * * * * * * * * * * * * * * * //

dimensions      [0 2 -2 0 0 0 0];

internalField   nonuniform List<scalar> 
400
(
1.21073e-11
1.70478e-07
5.37865e-07
1.10535e-06
1.88169e-06
2.87566e-06
4.09453e-06
5.54176e-06
7.21459e-06
9.10146e-06
1.11794e-05
1.34118e-05
1.57457e-05
1.81105e-05
2.04202e-05
2.25761e-05
2.44724e-05
2.60035e-05
2.70766e-05
2.76142e-05
-1.94258e-07
-2.69693e-08
3.35022e-07
8.95686e-07
1.66515e-06
2.65388e-06
3.87109e-06
5.32239e-06
7.00722e-06
8.91617e-06
1.10282e-05
1.33083e-05
1.57059e-05
1.81477e-05
2.05444e-05
2.27928e-05
2.478e-05
2.6392e-05
2.75262e-05
2.80957e-05
-6.10938e-07
-4.50062e-07
-9.88757e-08
4.48275e-07
1.2043e-06
2.18315e-06
3.39803e-06
4.8589e-06
6.56977e-06
8.52575e-06
1.071e-05
1.30909e-05
1.56196e-05
1.82217e-05
2.08023e-05
2.32479e-05
2.54309e-05
2.72177e-05
2.84849e-05
2.91246e-05
-1.2409e-06
-1.0907e-06
-7.57768e-07
-2.33778e-07
4.98517e-07
1.45844e-06
2.66538e-06
4.13603e-06
5.88143e-06
7.90383e-06
1.01932e-05
1.27241e-05
1.54531e-05
1.83038e-05
2.11735e-05
2.39333e-05
2.64325e-05
2.85062e-05
2.99948e-05
3.07529e-05
-2.07867e-06
-1.94512e-06
-1.64105e-06
-1.15436e-06
-4.61664e-07
4.6389e-07
1.65028e-06
3.12357e-06
4.90469e-06
7.00601e-06
9.42768e-06
1.2154e-05
1.51533e-05
1.83472e-05
2.16252e-05
2.48387e-05
2.78048e-05
3.03114e-05
3.21417e-05
3.30871e-05
-3.11416e-06
-3.00564e-06
-2.74552e-06
-2.31653e-06
-1.68704e-06
-8.20179e-07
3.23338e-07
1.78186e-06
3.58932e-06
5.77146e-06
8.34198e-06
1.13001e-05
1.464e-05
1.82784e-05
2.21002e-05
2.59376e-05
2.9565e-05
3.27042e-05
3.50493e-05
3.62887e-05
-4.33113e-06
-4.25943e-06
-4.06448e-06
-3.72204e-06
-3.18964e-06
-2.41751e-06
-1.352e-06
6.07424e-08
1.87115e-06
4.12178e-06
6.84181e-06
1.00457e-05
1.37988e-05
1.79862e-05
2.25033e-05
2.71717e-05
3.17173e-05
3.57715e-05
3.88914e-05
4.06041e-05
-5.70421e-06
-5.68593e-06
-5.58563e-06
-5.36974e-06
-4.98156e-06
-4.35503e-06
-3.41887e-06
-2.1002e-06
-3.27952e-07
1.96223e-06
4.81511e-06
8.20822e-06
1.24793e-05
1.73084e-05
2.26789e-05
2.84246e-05
3.42283e-05
3.96047e-05
4.3901e-05
4.64122e-05
-7.19456e-06
-7.25345e-06
-7.28858e-06
-7.2539e-06
-7.0737e-06
-6.66185e-06
-5.92616e-06
-4.77157e-06
-3.10167e-06
-8.18065e-07
2.18649e-06
6.06597e-06
1.05398e-05
1.60114e-05
2.23778e-05
2.94788e-05
3.69775e-05
4.42696e-05
5.03719e-05
5.43079e-05
-8.744e-06
-8.91494e-06
-9.14211e-06
-9.36255e-06
-9.47468e-06
-9.36803e-06
-8.92692e-06
-8.03307e-06
-6.56565e-06
-4.39961e-06
-1.40457e-06
2.54678e-06
7.51401e-06
1.37101e-05
2.12051e-05
2.99495e-05
3.96707e-05
4.97283e-05
5.8626e-05
6.52458e-05
-1.02626e-05
-1.06027e-05
-1.1101e-05
-1.16763e-05
-1.21903e-05
-1.25035e-05
-1.24751e-05
-1.19643e-05
-1.08282e-05
-8.91722e-06
-6.07101e-06
-2.11967e-06
3.11051e-06
9.94722e-06
1.85898e-05
2.91943e-05
4.16974e-05
5.56411e-05
6.88776e-05
8.07649e-05
-1.16274e-05
-1.22255e-05
-1.31047e-05
-1.41682e-05
-1.52246e-05
-1.60982e-05
-1.66237e-05
-1.66416e-05
-1.5992e-05
-1.45056e-05
-1.1992e-05
-8.22358e-06
-2.89568e-06
4.23109e-06
1.37688e-05
2.61961e-05
4.18771e-05
6.09959e-05
8.07288e-05
0.000103247
-1.2561e-05
-1.36866e-05
-1.50678e-05
-1.68229e-05
-1.85911e-05
-2.01888e-05
-2.14267e-05
-2.21352e-05
-2.2148e-05
-2.12907e-05
-1.93672e-05
-1.61479e-05
-1.13505e-05
-4.69686e-06
5.3112e-06
1.90413e-05
3.78442e-05
6.35221e-05
9.18944e-05
0.000135844
-1.32194e-05
-1.46261e-05
-1.68463e-05
-1.94955e-05
-2.22535e-05
-2.47882e-05
-2.69247e-05
-2.84976e-05
-2.93528e-05
-2.93237e-05
-2.82131e-05
-2.57401e-05
-2.14858e-05
-1.45689e-05
-4.34467e-06
9.46013e-06
2.88988e-05
5.94668e-05
9.52956e-05
0.000176636
-1.19395e-05
-1.70932e-05
-1.85002e-05
-2.33706e-05
-2.67121e-05
-3.01821e-05
-3.32587e-05
-3.58169e-05
-3.76739e-05
-3.86918e-05
-3.88099e-05
-3.79523e-05
-3.59624e-05
-3.26271e-05
-2.76269e-05
-1.8524e-05
-5.32671e-06
3.33521e-05
5.64833e-05
0.000200817
-1.01884e-05
-1.16135e-05
-1.77137e-05
-2.16052e-05
-2.81956e-05
-3.38934e-05
-3.92053e-05
-4.35424e-05
-4.67987e-05
-4.89458e-05
-5.01315e-05
-5.0468e-05
-5.00656e-05
-4.89617e-05
-4.64832e-05
-4.19121e-05
-3.56615e-05
8.67198e-08
-5.30679e-05
0.000152591
-1.8005e-06
-2.13976e-05
-2.32486e-05
-3.81287e-05
-4.08898e-05
-4.73978e-05
-5.18808e-05
-5.58717e-05
-5.92409e-05
-6.19093e-05
-6.4272e-05
-6.65552e-05
-6.92286e-05
-7.43511e-05
-8.047e-05
-8.90737e-05
-0.000121944
-8.97111e-05
-0.000217567
5.18668e-05
-1.65727e-06
-1.0516e-05
-1.48719e-05
-2.0294e-05
-3.15983e-05
-4.07257e-05
-5.04798e-05
-5.85901e-05
-6.53374e-05
-7.00033e-05
-7.39027e-05
-7.70764e-05
-8.06504e-05
-8.75203e-05
-9.72833e-05
-0.000108131
-0.000171439
-0.000151155
-0.000256012
2.9326e-05
4.60834e-05
-2.88852e-05
-2.93116e-05
-5.97583e-05
-5.95394e-05
-7.41037e-05
-8.01498e-05
-8.54849e-05
-9.04734e-05
-9.2341e-05
-9.46563e-05
-9.90931e-05
-9.57546e-05
-0.000116615
-0.000124111
-0.000144281
-0.000276705
-0.000315451
-0.000286113
0.000163358
-6.3329e-05
2.21144e-06
9.32592e-06
-2.1394e-05
-4.26185e-05
-5.67082e-05
-6.99426e-05
-7.79882e-05
-8.91986e-05
-8.99417e-05
-9.63795e-05
-9.61739e-05
-9.81829e-05
-0.000108817
-0.000120538
-0.000145212
-0.000160237
-9.27795e-05
0.000309415
0.00127801
)
;

boundaryField
{
    movingWall
    {
        type            zeroGradient;
    }
    fixedWalls
    {
        type            zeroGradient;
    }
    frontAndBack
    {
        type            empty;
    }
}


// ************************************************************************* //
