/*--------------------------------*- C++ -*----------------------------------*\
| =========                 |                                                 |
| \\      /  F ield         | OpenFOAM: The Open Source CFD Toolbox           |
|  \\    /   O peration     | Version:  5.x                                   |
|   \\  /    A nd           | Web:      www.OpenFOAM.org                      |
|    \\/     M anipulation  |                                                 |
\*---------------------------------------------------------------------------*/
FoamFile
{
    version     2.0;
    format      ascii;
    class       surfaceScalarField;
    location    "1.8";
    object      phi;
}
// * * * * * * * * * * * * * * * * * * * * * * * * * * * * * * * * * * * * * //

dimensions      [0 3 -1 0 0 0 0];

internalField   nonuniform List<scalar> 
760
(
-5.7703e-09
5.7703e-09
-1.16125e-08
5.84223e-09
-1.72466e-08
5.63402e-09
-2.25667e-08
5.32013e-09
-2.74688e-08
4.90207e-09
-3.185e-08
4.38123e-09
-3.56094e-08
3.75945e-09
-3.86487e-08
3.03926e-09
-4.08731e-08
2.2244e-09
-4.21937e-08
1.32058e-09
-4.2531e-08
3.37359e-10
-4.18074e-08
-7.23624e-10
-3.99781e-08
-1.82935e-09
-3.70207e-08
-2.9574e-09
-3.29487e-08
-4.07196e-09
-2.78199e-08
-5.12882e-09
-2.17446e-08
-6.07531e-09
-1.48906e-08
-6.85398e-09
-7.48411e-09
-7.40649e-09
-7.48411e-09
-6.05374e-09
1.1824e-08
-1.21813e-08
1.19698e-08
-1.80917e-08
1.15444e-08
-2.36746e-08
1.09031e-08
-2.88219e-08
1.00494e-08
-3.3427e-08
8.98629e-09
-3.73852e-08
7.71764e-09
-4.05944e-08
6.24853e-09
-4.29562e-08
4.58619e-09
-4.43775e-08
2.74184e-09
-4.47757e-08
7.3558e-10
-4.40649e-08
-1.43447e-09
-4.21878e-08
-3.70638e-09
-3.91195e-08
-6.02576e-09
-3.48668e-08
-8.32459e-09
-2.94822e-08
-1.05135e-08
-2.30752e-08
-1.24823e-08
-1.582e-08
-1.41091e-08
-7.95858e-09
-1.5268e-08
-1.54427e-08
-6.26523e-09
1.80893e-08
-1.26111e-08
1.83157e-08
-1.87379e-08
1.76712e-08
-2.4535e-08
1.67001e-08
-2.98931e-08
1.54076e-08
-3.47049e-08
1.37981e-08
-3.88643e-08
1.1877e-08
-4.22671e-08
9.65131e-09
-4.48112e-08
7.1303e-09
-4.63979e-08
4.32855e-09
-4.69349e-08
1.27259e-09
-4.63265e-08
-2.04291e-09
-4.44986e-08
-5.53428e-09
-4.14065e-08
-9.11789e-09
-3.70382e-08
-1.26928e-08
-3.14294e-08
-1.61223e-08
-2.46795e-08
-1.92322e-08
-1.69658e-08
-2.18229e-08
-8.55098e-09
-2.36828e-08
-2.39937e-08
-6.58122e-09
2.46705e-08
-1.32533e-08
2.49878e-08
-1.97041e-08
2.41219e-08
-2.58219e-08
2.2818e-08
-3.1497e-08
2.10826e-08
-3.66206e-08
1.89216e-08
-4.10851e-08
1.63416e-08
-4.47837e-08
1.33499e-08
-4.76095e-08
9.95612e-09
-4.94561e-08
6.17517e-09
-5.02192e-08
2.03569e-09
-4.97876e-08
-2.47455e-09
-4.80571e-08
-7.26478e-09
-4.4953e-08
-1.2222e-08
-4.04311e-08
-1.72147e-08
-3.44965e-08
-2.2057e-08
-2.72267e-08
-2.65019e-08
-1.87979e-08
-3.02516e-08
-9.50394e-09
-3.29768e-08
-3.34976e-08
-7.00509e-09
3.16756e-08
-1.4115e-08
3.20977e-08
-2.10005e-08
3.10074e-08
-2.75491e-08
2.93666e-08
-3.36498e-08
2.71834e-08
-3.91932e-08
2.44651e-08
-4.40705e-08
2.12189e-08
-4.81725e-08
1.74518e-08
-5.13875e-08
1.31712e-08
-5.36007e-08
8.38834e-09
-5.46928e-08
3.1278e-09
-5.45344e-08
-2.63293e-09
-5.29785e-08
-8.82072e-09
-4.99064e-08
-1.52941e-08
-4.52217e-08
-2.18994e-08
-3.88774e-08
-2.84013e-08
-3.09081e-08
-3.44712e-08
-2.14752e-08
-3.96845e-08
-1.091e-08
-4.3542e-08
-4.44076e-08
-7.53774e-09
3.92133e-08
-1.51983e-08
3.97583e-08
-2.26305e-08
3.84396e-08
-2.97208e-08
3.64569e-08
-3.63573e-08
3.38199e-08
-4.24302e-08
3.0538e-08
-4.78307e-08
2.66194e-08
-5.24487e-08
2.20698e-08
-5.61697e-08
1.68922e-08
-5.88709e-08
1.10896e-08
-6.04181e-08
4.67496e-09
-6.0664e-08
-2.38705e-09
-5.94035e-08
-1.00812e-08
-5.64589e-08
-1.82386e-08
-5.16542e-08
-2.67041e-08
-4.48551e-08
-3.52003e-08
-3.60159e-08
-4.33104e-08
-2.52503e-08
-5.04502e-08
-1.29244e-08
-5.58679e-08
-5.7332e-08
-8.18002e-09
4.73933e-08
-1.65056e-08
4.80839e-08
-2.45979e-08
4.65318e-08
-3.23419e-08
4.42009e-08
-3.96249e-08
4.11029e-08
-4.63376e-08
3.72507e-08
-5.23731e-08
3.26549e-08
-5.76238e-08
2.73205e-08
-6.1976e-08
2.12443e-08
-6.53028e-08
1.44164e-08
-6.74568e-08
6.82901e-09
-6.8283e-08
-1.56085e-09
-6.74986e-08
-1.08656e-08
-6.48547e-08
-2.08825e-08
-6.006e-08
-3.14989e-08
-5.28365e-08
-4.24238e-08
-4.29936e-08
-5.31533e-08
-3.0527e-08
-6.29167e-08
-1.58135e-08
-7.05814e-08
-7.31455e-08
-8.93237e-09
5.63257e-08
-1.8039e-08
5.71905e-08
-2.69067e-08
5.53995e-08
-3.54179e-08
5.27122e-08
-4.34583e-08
4.91432e-08
-5.09199e-08
4.47122e-08
-5.77008e-08
3.94358e-08
-6.37009e-08
3.33206e-08
-6.88145e-08
2.63579e-08
-7.29185e-08
1.85204e-08
-7.58548e-08
9.76534e-09
-7.7494e-08
7.82931e-11
-7.74401e-08
-1.09195e-08
-7.53816e-08
-2.2941e-08
-7.08659e-08
-3.60146e-08
-6.33922e-08
-4.98975e-08
-5.25085e-08
-6.4037e-08
-3.79554e-08
-7.74698e-08
-2.00496e-08
-8.84872e-08
-9.31951e-08
-9.79369e-09
6.61194e-08
-1.97998e-08
6.71966e-08
-2.95617e-08
6.51614e-08
-3.89561e-08
6.21066e-08
-4.78642e-08
5.80514e-08
-5.61799e-08
5.30279e-08
-6.381e-08
4.70658e-08
-7.06696e-08
4.01802e-08
-7.66727e-08
3.2361e-08
-8.17173e-08
2.35649e-08
-8.56663e-08
1.37144e-08
-8.83219e-08
2.73392e-09
-8.93801e-08
-9.86132e-09
-8.83474e-08
-2.39737e-08
-8.45924e-08
-3.97696e-08
-7.72991e-08
-5.71907e-08
-6.55633e-08
-7.57728e-08
-4.85998e-08
-9.44334e-08
-2.65049e-08
-1.10582e-07
-1.197e-07
-1.07592e-08
7.68786e-08
-2.17873e-08
7.82247e-08
-3.25692e-08
7.59433e-08
-4.29677e-08
7.25051e-08
-5.28541e-08
6.79377e-08
-6.21219e-08
6.22958e-08
-7.0691e-08
5.56349e-08
-7.85018e-08
4.79911e-08
-8.55032e-08
3.93625e-08
-9.16344e-08
2.96961e-08
-9.67979e-08
1.88779e-08
-1.00804e-07
6.73993e-09
-1.03416e-07
-7.24934e-09
-1.04032e-07
-2.33576e-08
-1.01821e-07
-4.19808e-08
-9.55642e-08
-6.34473e-08
-8.36512e-08
-8.76858e-08
-6.42368e-08
-1.13848e-07
-3.68606e-08
-1.37958e-07
-1.56561e-07
-1.18042e-08
8.86829e-08
-2.3993e-08
9.04135e-08
-3.59369e-08
8.78872e-08
-4.74735e-08
8.40416e-08
-5.84506e-08
7.89149e-08
-6.87575e-08
7.26026e-08
-7.83318e-08
6.52093e-08
-8.71517e-08
5.68109e-08
-9.522e-08
4.74308e-08
-1.02544e-07
3.70197e-08
-1.09101e-07
2.54358e-08
-1.14788e-07
1.24263e-08
-1.19495e-07
-2.54231e-09
-1.22583e-07
-2.02696e-08
-1.23096e-07
-4.14678e-08
-1.19395e-07
-6.71478e-08
-1.08903e-07
-9.81781e-08
-8.7869e-08
-1.34882e-07
-5.45027e-08
-1.71325e-07
-2.11063e-07
-1.29214e-08
1.01604e-07
-2.64204e-08
1.03913e-07
-3.96853e-08
1.01152e-07
-5.25137e-08
9.687e-08
-6.47011e-08
9.11023e-08
-7.6119e-08
8.40205e-08
-8.67293e-08
7.58196e-08
-9.65628e-08
6.66444e-08
-1.057e-07
5.65683e-08
-1.14252e-07
4.55715e-08
-1.22333e-07
3.35166e-08
-1.30022e-07
2.01156e-08
-1.37187e-07
4.62209e-09
-1.43785e-07
-1.36713e-08
-1.48675e-07
-3.65773e-08
-1.50006e-07
-6.58172e-08
-1.44157e-07
-1.04028e-07
-1.24325e-07
-1.54713e-07
-8.65467e-08
-2.09103e-07
-2.9761e-07
-1.36313e-08
1.15236e-07
-2.89824e-08
1.19264e-07
-4.37806e-08
1.1595e-07
-5.81676e-08
1.11257e-07
-7.17051e-08
1.0464e-07
-8.42848e-08
9.66003e-08
-9.59071e-08
8.74419e-08
-1.06678e-07
7.74155e-08
-1.16777e-07
6.66672e-08
-1.26435e-07
5.52292e-08
-1.35917e-07
4.29987e-08
-1.45461e-07
2.96594e-08
-1.55724e-07
1.48853e-08
-1.67012e-07
-2.3829e-09
-1.78204e-07
-2.53858e-08
-1.88201e-07
-5.58199e-08
-1.92907e-07
-9.93218e-08
-1.80513e-07
-1.67108e-07
-1.48101e-07
-2.41514e-07
-4.45711e-07
-1.5914e-08
1.3115e-07
-3.21509e-08
1.35501e-07
-4.84425e-08
1.32242e-07
-6.4526e-08
1.2734e-07
-7.9587e-08
1.19701e-07
-9.33704e-08
1.10384e-07
-1.0593e-07
1.00001e-07
-1.17478e-07
8.89634e-08
-1.28331e-07
7.75199e-08
-1.38926e-07
6.58244e-08
-1.49945e-07
5.40182e-08
-1.62093e-07
4.18068e-08
-1.75713e-07
2.85062e-08
-1.90879e-07
1.27826e-08
-2.09222e-07
-7.04311e-09
-2.31379e-07
-3.36631e-08
-2.56127e-07
-7.45734e-08
-2.67183e-07
-1.56052e-07
-2.63243e-07
-2.45454e-07
-7.08954e-07
-8.52752e-09
1.39677e-07
-3.44547e-08
1.61428e-07
-5.28692e-08
1.50656e-07
-7.27644e-08
1.47236e-07
-8.91536e-08
1.3609e-07
-1.03903e-07
1.25133e-07
-1.17061e-07
1.1316e-07
-1.28998e-07
1.00901e-07
-1.40067e-07
8.85888e-08
-1.50596e-07
7.63532e-08
-1.61083e-07
6.45047e-08
-1.72529e-07
5.3253e-08
-1.86966e-07
4.29433e-08
-2.07291e-07
3.31082e-08
-2.36426e-07
2.20918e-08
-2.78481e-07
8.39161e-09
-3.40225e-07
-1.28296e-08
-3.81568e-07
-1.14709e-07
-4.23279e-07
-2.03743e-07
-1.13223e-06
-3.06021e-08
1.70279e-07
-3.78837e-08
1.68709e-07
-5.93728e-08
1.72146e-07
-7.76101e-08
1.65473e-07
-9.65835e-08
1.55063e-07
-1.13417e-07
1.41966e-07
-1.28237e-07
1.2798e-07
-1.41066e-07
1.1373e-07
-1.52598e-07
1.00121e-07
-1.63657e-07
8.74123e-08
-1.75775e-07
7.66227e-08
-1.89972e-07
6.74505e-08
-2.08474e-07
6.14446e-08
-2.3396e-07
5.85951e-08
-2.7051e-07
5.86413e-08
-3.2e-07
5.78816e-08
-3.97524e-07
6.46949e-08
-4.52891e-07
-5.93428e-08
-4.45957e-07
-2.10676e-07
-1.57819e-06
1.46091e-08
1.5567e-07
-4.80111e-08
2.3133e-07
-7.88635e-08
2.02998e-07
-1.048e-07
1.91409e-07
-1.22294e-07
1.72558e-07
-1.36758e-07
1.5643e-07
-1.47915e-07
1.39137e-07
-1.57202e-07
1.23017e-07
-1.65641e-07
1.08559e-07
-1.72556e-07
9.43277e-08
-1.79475e-07
8.35413e-08
-1.85552e-07
7.35275e-08
-1.93439e-07
6.93316e-08
-2.09561e-07
7.47168e-08
-2.38877e-07
8.79575e-08
-2.97545e-07
1.16549e-07
-4.11699e-07
1.78849e-07
-4.88169e-07
1.71271e-08
-2.8493e-07
-4.13915e-07
-1.86312e-06
8.01083e-08
7.55617e-08
5.45601e-08
2.56878e-07
2.51289e-08
2.32429e-07
-3.67875e-08
2.53326e-07
-7.54947e-08
2.11265e-07
-1.10497e-07
1.91432e-07
-1.36301e-07
1.64941e-07
-1.55499e-07
1.42215e-07
-1.71323e-07
1.24383e-07
-1.81834e-07
1.04839e-07
-1.93942e-07
9.56491e-08
-2.03141e-07
8.27267e-08
-2.18299e-07
8.44896e-08
-2.3986e-07
9.62776e-08
-2.79432e-07
1.2753e-07
-3.27631e-07
1.64748e-07
-3.71272e-07
2.2249e-07
-3.58435e-07
4.28961e-09
-7.16293e-09
-7.65187e-07
-1.87028e-06
-4.43546e-07
5.19108e-07
-4.86364e-07
2.99696e-07
-5.15413e-07
2.61478e-07
-4.75689e-07
2.13601e-07
-4.48451e-07
1.84027e-07
-4.11171e-07
1.54153e-07
-3.78488e-07
1.32257e-07
-3.44449e-07
1.08176e-07
-3.18764e-07
9.86983e-08
-2.88608e-07
7.46834e-08
-2.6638e-07
7.34208e-08
-2.41636e-07
5.79827e-08
-2.03593e-07
4.64468e-08
-1.7959e-07
7.22746e-08
-8.25174e-08
3.04574e-08
-1.21205e-08
9.43514e-08
1.99211e-07
1.11592e-08
3.53325e-07
-1.49824e-07
3.73309e-07
-7.85171e-07
-1.49697e-06
5.19108e-07
8.18804e-07
1.08028e-06
1.29388e-06
1.47791e-06
1.63206e-06
1.76432e-06
1.8725e-06
1.97119e-06
2.04588e-06
2.1193e-06
2.17728e-06
2.22373e-06
2.296e-06
2.32646e-06
2.42081e-06
2.43197e-06
2.28215e-06
1.49697e-06
)
;

boundaryField
{
    movingWall
    {
        type            calculated;
        value           uniform 0;
    }
    fixedWalls
    {
        type            calculated;
        value           uniform 0;
    }
    frontAndBack
    {
        type            empty;
        value           nonuniform 0();
    }
}


// ************************************************************************* //
