/*--------------------------------*- C++ -*----------------------------------*\
| =========                 |                                                 |
| \\      /  F ield         | OpenFOAM: The Open Source CFD Toolbox           |
|  \\    /   O peration     | Version:  5.x                                   |
|   \\  /    A nd           | Web:      www.OpenFOAM.org                      |
|    \\/     M anipulation  |                                                 |
\*---------------------------------------------------------------------------*/
FoamFile
{
    version     2.0;
    format      ascii;
    class       volVectorField;
    location    "1.8";
    object      U;
}
// * * * * * * * * * * * * * * * * * * * * * * * * * * * * * * * * * * * * * //

dimensions      [0 1 -1 0 0 0 0];

internalField   nonuniform List<vector> 
400
(
(-5.76948e-05 5.72047e-05 0)
(-0.000174165 5.79207e-05 0)
(-0.000289414 5.58598e-05 0)
(-0.000399235 5.27515e-05 0)
(-0.000501736 4.86098e-05 0)
(-0.000594819 4.34473e-05 0)
(-0.00067645 3.72812e-05 0)
(-0.000744635 3.01366e-05 0)
(-0.000797443 2.20507e-05 0)
(-0.000833034 1.30805e-05 0)
(-0.000849734 3.31217e-06 0)
(-0.000845946 -7.16224e-06 0)
(-0.00082043 -1.81459e-05 0)
(-0.00077252 -2.93292e-05 0)
(-0.000702105 -4.03633e-05 0)
(-0.000609881 -5.0813e-05 0)
(-0.000497511 -6.01597e-05 0)
(-0.000367821 -6.78397e-05 0)
(-0.000224416 -7.32837e-05 0)
(-7.48754e-05 -7.40373e-05 0)
(-6.05305e-05 0.0001752 0)
(-0.000182711 0.000177367 0)
(-0.000303609 0.000171061 0)
(-0.000418838 0.000161552 0)
(-0.000526435 0.000148887 0)
(-0.000624221 0.000133107 0)
(-0.000710089 0.000114266 0)
(-0.00078197 9.24393e-05 0)
(-0.00083786 6.77341e-05 0)
(-0.000875837 4.03122e-05 0)
(-0.000894168 1.04199e-05 0)
(-0.000891134 -2.15891e-05 0)
(-0.000865276 -5.51629e-05 0)
(-0.000815792 -8.94632e-05 0)
(-0.000742471 -0.000123413 0)
(-0.000645884 -0.000155657 0)
(-0.000527627 -0.00018458 0)
(-0.000390582 -0.000208414 0)
(-0.000238537 -0.000225352 0)
(-7.96272e-05 -0.000227823 0)
(-6.26433e-05 0.000298468 0)
(-0.000189135 0.000302174 0)
(-0.000314402 0.000291504 0)
(-0.000433943 0.000275419 0)
(-0.000545793 0.000253999 0)
(-0.000647757 0.000227316 0)
(-0.000737705 0.000195458 0)
(-0.000813536 0.000158541 0)
(-0.00087319 0.000116726 0)
(-0.000914657 7.02564e-05 0)
(-0.000936049 1.95042e-05 0)
(-0.000935455 -3.494e-05 0)
(-0.00091115 -9.22364e-05 0)
(-0.00086196 -0.000151067 0)
(-0.000787286 -0.000209615 0)
(-0.000687333 -0.000265541 0)
(-0.000563414 -0.00031602 0)
(-0.000418337 -0.000357875 0)
(-0.000256055 -0.000387794 0)
(-8.55648e-05 -0.000392561 0)
(-6.58002e-05 0.00042661 0)
(-0.000198733 0.000432025 0)
(-0.000330534 0.000416967 0)
(-0.000456532 0.000394276 0)
(-0.000574765 0.000364062 0)
(-0.000683017 0.00032642 0)
(-0.000779134 0.000281465 0)
(-0.000860976 0.000229332 0)
(-0.000926411 0.000170207 0)
(-0.000973309 0.000104362 0)
(-0.00099959 3.22304e-05 0)
(-0.00100307 -4.54959e-05 0)
(-0.000981569 -0.000127789 0)
(-0.000933303 -0.000212881 0)
(-0.000857047 -0.00029827 0)
(-0.000752364 -0.000380594 0)
(-0.000620017 -0.000455648 0)
(-0.000462574 -0.000518521 0)
(-0.00028416 -0.000563909 0)
(-9.51278e-05 -0.000572046 0)
(-7.00356e-05 0.000562168 0)
(-0.000211615 0.000569537 0)
(-0.00035219 0.000550043 0)
(-0.000486854 0.00052068 0)
(-0.000613656 0.000481585 0)
(-0.000730362 0.000432877 0)
(-0.0008348 0.000374684 0)
(-0.000924801 0.000307141 0)
(-0.000998166 0.000230409 0)
(-0.00105264 0.000144718 0)
(-0.00108591 5.04589e-05 0)
(-0.00109548 -5.16914e-05 0)
(-0.00107854 -0.000160708 0)
(-0.00103245 -0.000274539 0)
(-0.000955008 -0.000390115 0)
(-0.000844721 -0.000503035 0)
(-0.000701359 -0.000607473 0)
(-0.000526886 -0.000696293 0)
(-0.000325443 -0.00076137 0)
(-0.000109269 -0.000774886 0)
(-7.53591e-05 0.000707267 0)
(-0.000227816 0.000716915 0)
(-0.000379433 0.000692922 0)
(-0.000524995 0.000656806 0)
(-0.000662574 0.000608727 0)
(-0.000789924 0.000548836 0)
(-0.000904876 0.000477272 0)
(-0.00100526 0.000394147 0)
(-0.00108884 0.000299551 0)
(-0.00115326 0.000193588 0)
(-0.001196 7.64695e-05 0)
(-0.00121425 -5.1316e-05 0)
(-0.00120442 -0.000189066 0)
(-0.00116272 -0.000334685 0)
(-0.00108556 -0.000484811 0)
(-0.000969739 -0.000634117 0)
(-0.000813305 -0.000774937 0)
(-0.000616887 -0.000897242 0)
(-0.000384153 -0.000988778 0)
(-0.000129613 -0.00101137 0)
(-8.17804e-05 0.000864084 0)
(-0.000247376 0.000876424 0)
(-0.000412339 0.000847857 0)
(-0.000571055 0.000804889 0)
(-0.000721635 0.000747707 0)
(-0.000861828 0.000676511 0)
(-0.0009895 0.000591465 0)
(-0.00110253 0.000492658 0)
(-0.00119874 0.000380066 0)
(-0.00127573 0.000253569 0)
(-0.00133082 0.000113039 0)
(-0.00136102 -4.14176e-05 0)
(-0.00136192 -0.000209948 0)
(-0.00132821 -0.000390733 0)
(-0.00125446 -0.000580697 0)
(-0.00113487 -0.000773997 0)
(-0.00096453 -0.000961096 0)
(-0.00074132 -0.00112829 0)
(-0.000467361 -0.00125713 0)
(-0.000159034 -0.00129589 0)
(-8.93067e-05 0.0010348 0)
(-0.000270337 0.00105036 0)
(-0.000450999 0.00101713 0)
(-0.000625155 0.00096719 0)
(-0.000790966 0.000900752 0)
(-0.000946182 0.00081811 0)
(-0.00108875 0.000719505 0)
(-0.00121667 0.000605029 0)
(-0.00132795 0.000474529 0)
(-0.00142031 0.000327568 0)
(-0.001491 0.000163453 0)
(-0.00153725 -1.86236e-05 0)
(-0.00155376 -0.000219137 0)
(-0.0015335 -0.000438283 0)
(-0.00146885 -0.000673958 0)
(-0.00135018 -0.000920695 0)
(-0.00116767 -0.00116767 0)
(-0.00091377 -0.00139695 0)
(-0.000587144 -0.0015805 0)
(-0.000202892 -0.00164975 0)
(-9.79308e-05 0.00122159 0)
(-0.000296726 0.00124105 0)
(-0.000495515 0.00120309 0)
(-0.000687452 0.00114601 0)
(-0.000870735 0.00107009 0)
(-0.0010431 0.000975803 0)
(-0.00120261 0.000863561 0)
(-0.00134754 0.000733556 0)
(-0.00147622 0.000585554 0)
(-0.00158683 0.000418763 0)
(-0.00167703 0.000231761 0)
(-0.00174363 2.25113e-05 0)
(-0.00178162 -0.000210487 0)
(-0.00178307 -0.000470358 0)
(-0.00173692 -0.000757447 0)
(-0.00162864 -0.00106848 0)
(-0.00144088 -0.00139316 0)
(-0.00115541 -0.00171029 0)
(-0.000764903 -0.00197663 0)
(-0.000271806 -0.00210668 0)
(-0.000107612 0.00142643 0)
(-0.000326526 0.00145088 0)
(-0.000546007 0.00140817 0)
(-0.000758176 0.00134374 0)
(-0.000961206 0.00125797 0)
(-0.00115275 0.00115165 0)
(-0.00133103 0.00102561 0)
(-0.00149472 0.000880304 0)
(-0.00164278 0.000715562 0)
(-0.00177414 0.000530311 0)
(-0.00188729 0.000322381 0)
(-0.00197953 8.84484e-05 0)
(-0.00204669 -0.000175766 0)
(-0.00208052 -0.00047663 0)
(-0.00206704 -0.000819116 0)
(-0.00198597 -0.0012053 0)
(-0.00180959 -0.00162945 0)
(-0.00149925 -0.00207193 0)
(-0.00104003 -0.00246626 0)
(-0.000388053 -0.00272337 0)
(-0.000118065 0.0016519 0)
(-0.00035941 0.00168254 0)
(-0.000602554 0.0016351 0)
(-0.000837684 0.00156294 0)
(-0.00106286 0.00146663 0)
(-0.0012755 0.00134756 0)
(-0.00147402 0.00120726 0)
(-0.00165765 0.00104682 0)
(-0.00182628 0.000866386 0)
(-0.00198008 0.000664803 0)
(-0.00211896 0.000439188 0)
(-0.00224184 0.000184563 0)
(-0.00234679 -0.00010673 0)
(-0.00242653 -0.000443527 0)
(-0.0024657 -0.000840343 0)
(-0.00243909 -0.00130892 0)
(-0.00230749 -0.00185568 0)
(-0.00199585 -0.00247451 0)
(-0.00148753 -0.00306731 0)
(-0.000600881 -0.00360081 0)
(-0.000129354 0.00189347 0)
(-0.000395419 0.00193872 0)
(-0.000665407 0.00188656 0)
(-0.000926692 0.00180673 0)
(-0.00117664 0.00169856 0)
(-0.00141219 0.00156521 0)
(-0.00163185 0.00140953 0)
(-0.00183569 0.00123376 0)
(-0.00202489 0.0010388 0)
(-0.00220144 0.000823806 0)
(-0.00236763 0.000585678 0)
(-0.00252558 0.000318594 0)
(-0.00267495 1.31945e-05 0)
(-0.00281436 -0.000347626 0)
(-0.0029327 -0.000790161 0)
(-0.00300158 -0.0013393 0)
(-0.0029746 -0.00202746 0)
(-0.00271882 -0.00288606 0)
(-0.00225141 -0.00377364 0)
(-0.00102661 -0.0049286 0)
(-0.000133473 0.002185 0)
(-0.000426549 0.00222226 0)
(-0.000734207 0.00216749 0)
(-0.00102574 0.00207668 0)
(-0.00130446 0.00195536 0)
(-0.00156463 0.00180533 0)
(-0.00180557 0.00163235 0)
(-0.00202848 0.00144038 0)
(-0.00223635 0.0012317 0)
(-0.00243332 0.00100624 0)
(-0.00262425 0.000760657 0)
(-0.00281436 0.000485989 0)
(-0.00301301 0.000167307 0)
(-0.00322995 -0.000214651 0)
(-0.00345756 -0.000680464 0)
(-0.00367684 -0.00127846 0)
(-0.00385189 -0.00208615 0)
(-0.0037632 -0.00322898 0)
(-0.00359401 -0.0044951 0)
(-0.00195495 -0.00705111 0)
(-0.000166193 0.00236672 0)
(-0.000486026 0.00258512 0)
(-0.000810015 0.00247847 0)
(-0.00113905 0.0024002 0)
(-0.00144803 0.00224864 0)
(-0.00173533 0.00207322 0)
(-0.00199694 0.00187643 0)
(-0.00223648 0.00166503 0)
(-0.00245919 0.00144234 0)
(-0.00267271 0.00121011 0)
(-0.0028883 0.000969226 0)
(-0.00311967 0.000718676 0)
(-0.00337673 0.000450504 0)
(-0.00366392 0.000142446 0)
(-0.00399921 -0.000254552 0)
(-0.00441129 -0.000823864 0)
(-0.00492002 -0.00170508 0)
(-0.0051849 -0.003272 0)
(-0.00587993 -0.00483461 0)
(-0.00390755 -0.0105967 0)
(7.6592e-06 0.00295121 0)
(-0.000388653 0.0026973 0)
(-0.000922085 0.00279203 0)
(-0.00125501 0.00260572 0)
(-0.00163191 0.00249367 0)
(-0.0019369 0.00231725 0)
(-0.00221386 0.00211692 0)
(-0.00246268 0.00189372 0)
(-0.00269133 0.00165857 0)
(-0.00290629 0.00141725 0)
(-0.00311504 0.00117191 0)
(-0.00333176 0.000917235 0)
(-0.00358695 0.000644748 0)
(-0.00393084 0.000327547 0)
(-0.00441669 -8.45229e-05 0)
(-0.00511859 -0.00065899 0)
(-0.00626376 -0.00148353 0)
(-0.00692201 -0.00312453 0)
(-0.00925038 -0.00464252 0)
(-0.00628229 -0.0170543 0)
(-0.000453017 0.00250709 0)
(-0.000724089 0.0040309 0)
(-0.000866481 0.00337224 0)
(-0.00143492 0.00353131 0)
(-0.00173303 0.00312594 0)
(-0.00211284 0.00283191 0)
(-0.00242114 0.00250705 0)
(-0.00269557 0.00220328 0)
(-0.00293642 0.00192297 0)
(-0.00316062 0.00166792 0)
(-0.00339067 0.00144823 0)
(-0.00365086 0.00126462 0)
(-0.00397284 0.00113596 0)
(-0.00440448 0.00107407 0)
(-0.00500686 0.00105203 0)
(-0.00583982 0.0010501 0)
(-0.00731713 0.00111428 0)
(-0.00772971 -0.00110133 0)
(-0.0120588 -0.00322756 0)
(-0.00380227 -0.0278274 0)
(0.000490524 0.00450398 0)
(-7.18359e-06 0.0023575 0)
(-0.00173765 0.00325949 0)
(-0.00161789 0.00267889 0)
(-0.00239817 0.00276854 0)
(-0.00257785 0.00257331 0)
(-0.00285281 0.00240224 0)
(-0.00305054 0.00218891 0)
(-0.0032277 0.0019654 0)
(-0.00338024 0.00173278 0)
(-0.00351624 0.00152537 0)
(-0.00364114 0.00133375 0)
(-0.00377198 0.0012067 0)
(-0.00400054 0.00112345 0)
(-0.00440041 0.00111173 0)
(-0.00489186 0.00103185 0)
(-0.00769551 0.00115234 0)
(-0.00747215 -0.00162474 0)
(-0.0143466 -0.00608766 0)
(0.00492419 -0.0368363 0)
(0.00255548 0.00131495 0)
(0.000547222 0.00740369 0)
(0.00163106 0.00524639 0)
(-0.000588542 0.0055671 0)
(-0.000976324 0.0045792 0)
(-0.00196779 0.00410575 0)
(-0.00248525 0.00350382 0)
(-0.00293859 0.00300445 0)
(-0.00327348 0.00259518 0)
(-0.00353735 0.00221345 0)
(-0.00374892 0.00196469 0)
(-0.0039583 0.00175014 0)
(-0.00417636 0.00168602 0)
(-0.0045166 0.00205532 0)
(-0.00513331 0.00261015 0)
(-0.00557437 0.00394866 0)
(-0.00847081 0.00656039 0)
(-0.00507029 0.00250293 0)
(-0.0112251 -0.00955796 0)
(0.0112763 -0.0391614 0)
(-0.0134375 0.00227702 0)
(-0.00545192 0.00220709 0)
(-0.0129956 0.00345553 0)
(-0.00840338 0.00374201 0)
(-0.0100019 0.00328707 0)
(-0.0083226 0.00297398 0)
(-0.00793967 0.00262235 0)
(-0.0071676 0.00229024 0)
(-0.0066639 0.00205871 0)
(-0.00597095 0.00170888 0)
(-0.00565364 0.00163328 0)
(-0.00495181 0.00132881 0)
(-0.00447132 0.00152803 0)
(-0.0039668 0.00149346 0)
(-0.00290423 0.00219163 0)
(-7.93541e-06 0.00220679 0)
(-0.00071558 0.00124902 0)
(0.00901433 -0.00257618 0)
(0.0036053 -0.0240434 0)
(0.0138351 -0.0411062 0)
(0.00792 0.0168333 0)
(0.0139719 0.0104912 0)
(0.0181681 0.00768856 0)
(0.024069 0.00549897 0)
(0.0279883 0.00454251 0)
(0.0313735 0.00363808 0)
(0.0338426 0.00301936 0)
(0.0368759 0.00232425 0)
(0.0377638 0.0021079 0)
(0.0415239 0.00146742 0)
(0.0398162 0.00145034 0)
(0.0455846 0.00115707 0)
(0.0409979 0.000427337 0)
(0.0485305 0.00163538 0)
(0.0428444 -0.000836509 0)
(0.0499754 0.00183961 0)
(0.0451459 -0.000537334 0)
(0.048887 -0.00206587 0)
(0.039433 -0.00303547 0)
(0.0271021 -0.0109478 0)
)
;

boundaryField
{
    movingWall
    {
        type            fixedValue;
        value           uniform (1 0 0);
    }
    fixedWalls
    {
        type            noSlip;
    }
    frontAndBack
    {
        type            empty;
    }
}


// ************************************************************************* //
