/*--------------------------------*- C++ -*----------------------------------*\
| =========                 |                                                 |
| \\      /  F ield         | OpenFOAM: The Open Source CFD Toolbox           |
|  \\    /   O peration     | Version:  5.x                                   |
|   \\  /    A nd           | Web:      www.OpenFOAM.org                      |
|    \\/     M anipulation  |                                                 |
\*---------------------------------------------------------------------------*/
FoamFile
{
    version     2.0;
    format      ascii;
    class       volScalarField;
    location    "0.4";
    object      p;
}
// * * * * * * * * * * * * * * * * * * * * * * * * * * * * * * * * * * * * * //

dimensions      [0 2 -2 0 0 0 0];

internalField   nonuniform List<scalar> 
400
(
-1.22135e-12
4.03531e-07
1.20639e-06
2.38824e-06
3.92e-06
5.76424e-06
7.87622e-06
1.02051e-05
1.26949e-05
1.52861e-05
1.79165e-05
2.05226e-05
2.30408e-05
2.54088e-05
2.7567e-05
2.94601e-05
3.10385e-05
3.22603e-05
3.30922e-05
3.3511e-05
-4.03759e-07
9.69743e-09
8.32234e-07
2.04286e-06
3.61164e-06
5.50009e-06
7.66234e-06
1.00463e-05
1.2595e-05
1.52475e-05
1.79404e-05
2.06089e-05
2.31882e-05
2.56144e-05
2.78267e-05
2.97681e-05
3.13875e-05
3.26414e-05
3.34955e-05
3.39255e-05
-1.22745e-06
-7.93657e-07
6.91618e-08
1.33866e-06
2.98307e-06
4.96175e-06
7.22649e-06
9.7228e-06
1.23912e-05
1.51683e-05
1.79884e-05
2.0784e-05
2.34877e-05
2.6033e-05
2.83556e-05
3.03957e-05
3.20991e-05
3.34191e-05
3.43188e-05
3.4772e-05
-2.49121e-06
-2.02602e-06
-1.10105e-06
2.59147e-07
2.01987e-06
4.13707e-06
6.55888e-06
9.22706e-06
1.20784e-05
1.5046e-05
1.80604e-05
2.10505e-05
2.39447e-05
2.66724e-05
2.91649e-05
3.13573e-05
3.31904e-05
3.46129e-05
3.55835e-05
3.60726e-05
-4.22707e-06
-3.71831e-06
-2.7072e-06
-1.22161e-06
6.99473e-07
3.00711e-06
5.64426e-06
8.54757e-06
1.16489e-05
1.48764e-05
1.8156e-05
2.14117e-05
2.45669e-05
2.75452e-05
3.02717e-05
3.26749e-05
3.46884e-05
3.62538e-05
3.73237e-05
3.78634e-05
-6.47943e-06
-5.91325e-06
-4.78891e-06
-3.13907e-06
-1.00875e-06
1.54633e-06
4.46222e-06
7.6689e-06
1.10919e-05
1.46537e-05
1.82743e-05
2.18721e-05
2.53642e-05
2.86674e-05
3.1699e-05
3.43784e-05
3.66298e-05
3.83848e-05
3.95869e-05
4.01943e-05
-9.3068e-06
-8.66693e-06
-7.39779e-06
-5.53892e-06
-3.14383e-06
-2.77447e-07
2.98725e-06
6.57183e-06
1.03943e-05
1.43703e-05
1.84136e-05
2.24361e-05
2.63482e-05
3.00585e-05
3.34748e-05
3.65055e-05
3.90618e-05
4.10619e-05
4.24362e-05
4.31321e-05
-1.27843e-05
-1.20509e-05
-1.05989e-05
-8.47799e-06
-5.75359e-06
-2.50305e-06
1.18892e-06
5.23357e-06
9.54015e-06
1.40169e-05
1.85709e-05
2.31078e-05
2.75309e-05
3.174e-05
3.56321e-05
3.91015e-05
4.2043e-05
4.43562e-05
4.59528e-05
4.67639e-05
-1.70071e-05
-1.6155e-05
-1.44728e-05
-1.20252e-05
-8.89473e-06
-5.17552e-06
-9.67367e-07
3.62845e-06
8.51134e-06
1.35819e-05
1.87414e-05
2.38897e-05
2.89236e-05
3.37345e-05
3.82069e-05
4.2219e-05
4.5644e-05
4.83562e-05
5.02403e-05
5.12021e-05
-2.20962e-05
-2.10915e-05
-1.91179e-05
-1.62626e-05
-1.26327e-05
-8.34509e-06
-3.51909e-06
1.72912e-06
7.28837e-06
1.30524e-05
1.89177e-05
2.4781e-05
3.05345e-05
3.6062e-05
4.12361e-05
4.59156e-05
4.99472e-05
5.31703e-05
5.54299e-05
5.65929e-05
-2.8206e-05
-2.7001e-05
-2.46539e-05
-2.12862e-05
-1.70404e-05
-1.20651e-05
-6.50407e-06
-4.91122e-07
5.85192e-06
1.24136e-05
1.90891e-05
2.57755e-05
3.23646e-05
3.87364e-05
4.47525e-05
5.02512e-05
5.5046e-05
5.89297e-05
6.16883e-05
6.31286e-05
-3.55382e-05
-3.40597e-05
-3.12254e-05
-2.72057e-05
-2.21961e-05
-1.63878e-05
-9.95599e-06
-3.0543e-06
4.1856e-06
1.16509e-05
1.92407e-05
2.6859e-05
3.44038e-05
4.1758e-05
4.87774e-05
5.52801e-05
6.10408e-05
6.57905e-05
6.92274e-05
7.10686e-05
-4.43634e-05
-4.24909e-05
-3.90066e-05
-3.41436e-05
-2.81779e-05
-2.13575e-05
-1.38974e-05
-5.97273e-06
2.27935e-06
1.07509e-05
1.93533e-05
2.80062e-05
3.66248e-05
4.51051e-05
5.33078e-05
6.10387e-05
6.80297e-05
7.39335e-05
7.83154e-05
8.07751e-05
-5.5064e-05
-5.25786e-05
-4.82062e-05
-4.223e-05
-3.50529e-05
-2.69994e-05
-1.83315e-05
-9.24151e-06
1.34935e-07
9.70466e-06
1.94026e-05
2.91771e-05
3.89747e-05
4.87215e-05
5.83004e-05
6.75221e-05
7.60878e-05
8.35566e-05
8.92868e-05
9.27766e-05
-6.81596e-05
-6.46779e-05
-5.90691e-05
-5.15896e-05
-4.28617e-05
-3.33049e-05
-2.32263e-05
-1.28263e-05
-2.22555e-06
8.51225e-06
1.93607e-05
3.0313e-05
4.13662e-05
5.2499e-05
6.3645e-05
7.46527e-05
8.52235e-05
9.48494e-05
0.000102539
0.000107875
-8.48653e-05
-7.92875e-05
-7.18853e-05
-6.23186e-05
-5.15925e-05
-4.02031e-05
-2.84928e-05
-1.66473e-05
-4.74859e-06
7.18973e-06
1.91987e-05
3.13347e-05
4.3668e-05
5.62578e-05
6.91291e-05
8.22253e-05
9.53147e-05
0.000107915
0.000118472
0.000127471
-0.00010375
-9.65561e-05
-8.6878e-05
-7.4432e-05
-6.11263e-05
-4.75203e-05
-3.39566e-05
-2.05605e-05
-7.33907e-06
5.77553e-06
1.88925e-05
3.21453e-05
4.56994e-05
5.97244e-05
7.4387e-05
8.981e-05
0.000105955
0.00012264
0.000137015
0.000152581
-0.000140579
-0.000118998
-0.000105204
-8.79678e-05
-7.11769e-05
-5.49035e-05
-3.93048e-05
-2.43312e-05
-9.84252e-06
4.34607e-06
1.84467e-05
3.26467e-05
4.72559e-05
6.2559e-05
7.89193e-05
9.68376e-05
0.000116892
0.000140357
0.000161262
0.00019386
-0.000161785
-0.000143655
-0.000123792
-0.000101941
-8.11567e-05
-6.1931e-05
-4.42381e-05
-2.77555e-05
-1.21445e-05
2.92033e-06
1.7747e-05
3.26925e-05
4.80447e-05
6.4206e-05
8.16405e-05
0.000100933
0.000122294
0.000150057
0.000168148
0.000222483
-0.000278531
-0.000166121
-0.000144487
-0.00011352
-8.78577e-05
-6.63352e-05
-4.721e-05
-2.97722e-05
-1.34958e-05
2.06828e-06
1.73189e-05
3.26319e-05
4.84155e-05
6.52508e-05
8.3965e-05
0.000106483
0.000133722
0.000178905
0.000220099
0.000369668
)
;

boundaryField
{
    movingWall
    {
        type            zeroGradient;
    }
    fixedWalls
    {
        type            zeroGradient;
    }
    frontAndBack
    {
        type            empty;
    }
}


// ************************************************************************* //
