/*--------------------------------*- C++ -*----------------------------------*\
| =========                 |                                                 |
| \\      /  F ield         | OpenFOAM: The Open Source CFD Toolbox           |
|  \\    /   O peration     | Version:  5.x                                   |
|   \\  /    A nd           | Web:      www.OpenFOAM.org                      |
|    \\/     M anipulation  |                                                 |
\*---------------------------------------------------------------------------*/
FoamFile
{
    version     2.0;
    format      ascii;
    class       surfaceScalarField;
    location    "0.4";
    object      phi;
}
// * * * * * * * * * * * * * * * * * * * * * * * * * * * * * * * * * * * * * //

dimensions      [0 3 -1 0 0 0 0];

internalField   nonuniform List<scalar> 
760
(
-1.64102e-09
1.64103e-09
-3.25007e-09
1.60904e-09
-4.77599e-09
1.52593e-09
-6.18073e-09
1.40474e-09
-7.43016e-09
1.24944e-09
-8.49489e-09
1.06472e-09
-9.35059e-09
8.55702e-10
-9.97823e-09
6.27647e-10
-1.03641e-08
3.85831e-10
-1.04995e-08
1.35462e-10
-1.03812e-08
-1.18309e-10
-1.00109e-08
-3.70286e-10
-9.39575e-09
-6.15186e-10
-8.5482e-09
-8.47544e-10
-7.48649e-09
-1.06171e-09
-6.23455e-09
-1.25194e-09
-4.82197e-09
-1.41259e-09
-3.28356e-09
-1.53841e-09
-1.65863e-09
-1.62493e-09
-1.65863e-09
-1.69317e-09
3.33419e-09
-3.35289e-09
3.26877e-09
-4.92616e-09
3.09919e-09
-6.37358e-09
2.85216e-09
-7.6601e-09
2.53595e-09
-8.75568e-09
2.1603e-09
-9.63569e-09
1.73571e-09
-1.0281e-08
1.27292e-09
-1.06777e-08
7.82578e-10
-1.08174e-08
2.75118e-10
-1.06965e-08
-2.39188e-10
-1.03168e-08
-7.49997e-10
-9.68519e-09
-1.24677e-09
-8.81418e-09
-1.71855e-09
-7.72198e-09
-2.15391e-09
-6.43279e-09
-2.54113e-09
-4.97679e-09
-2.86859e-09
-3.38981e-09
-3.12539e-09
-1.71259e-09
-3.30215e-09
-3.37122e-09
-1.77893e-09
5.11313e-09
-3.52183e-09
5.01166e-09
-5.17231e-09
4.74967e-09
-6.68879e-09
4.36864e-09
-8.03474e-09
3.8819e-09
-9.17931e-09
3.30488e-09
-1.00976e-08
2.65401e-09
-1.07705e-08
1.94583e-09
-1.11844e-08
1.1965e-09
-1.13309e-08
4.21617e-10
-1.12065e-08
-3.63588e-10
-1.08127e-08
-1.14382e-09
-1.0156e-08
-1.90347e-09
-9.24849e-09
-2.62608e-09
-8.10808e-09
-3.29432e-09
-6.75913e-09
-3.89008e-09
-5.23259e-09
-4.39513e-09
-3.56587e-09
-4.79211e-09
-1.80213e-09
-5.06589e-09
-5.17335e-09
-1.9115e-09
7.02463e-09
-3.78267e-09
6.88283e-09
-5.55176e-09
6.51877e-09
-7.17378e-09
5.99066e-09
-8.60999e-09
5.3181e-09
-9.82851e-09
4.5234e-09
-1.08043e-08
3.62977e-09
-1.15185e-08
2.66006e-09
-1.19581e-08
1.63606e-09
-1.21149e-08
5.78442e-10
-1.19855e-08
-4.92987e-10
-1.15709e-08
-1.55838e-09
-1.0877e-08
-2.59737e-09
-9.91493e-09
-3.58818e-09
-8.70193e-09
-4.50732e-09
-7.26226e-09
-5.32974e-09
-5.62785e-09
-6.02954e-09
-3.8384e-09
-6.58156e-09
-1.94091e-09
-6.96339e-09
-7.11426e-09
-2.09592e-09
9.12055e-09
-4.14493e-09
8.93184e-09
-6.07749e-09
8.45133e-09
-7.84375e-09
7.75692e-09
-9.40217e-09
6.87652e-09
-1.07198e-08
5.84107e-09
-1.1772e-08
4.68189e-09
-1.25407e-08
3.42882e-09
-1.30141e-08
2.10944e-09
-1.31847e-08
7.49083e-10
-1.30493e-08
-6.28468e-10
-1.26081e-08
-1.99956e-09
-1.18657e-08
-3.33975e-09
-1.08316e-08
-4.62226e-09
-9.52159e-09
-5.81733e-09
-7.95923e-09
-6.8921e-09
-6.17723e-09
-7.81154e-09
-4.21827e-09
-8.54052e-09
-2.13471e-09
-9.04694e-09
-9.24896e-09
-2.33973e-09
1.14603e-08
-4.62272e-09
1.12148e-08
-6.76839e-09
1.0597e-08
-8.72046e-09
9.70899e-09
-1.04341e-08
8.5902e-09
-1.1876e-08
7.28292e-09
-1.30225e-08
5.82839e-09
-1.3858e-08
4.26433e-09
-1.43727e-08
2.62407e-09
-1.45605e-08
9.36945e-10
-1.44185e-08
-7.70474e-10
-1.39461e-08
-2.472e-09
-1.31455e-08
-4.14031e-09
-1.20234e-08
-5.74437e-09
-1.05926e-08
-7.24816e-09
-8.8746e-09
-8.61008e-09
-6.90231e-09
-9.78382e-09
-4.72168e-09
-1.07211e-08
-2.39226e-09
-1.13764e-08
-1.16412e-08
-2.65397e-09
1.41142e-08
-5.23636e-09
1.37972e-08
-7.65125e-09
1.30119e-08
-9.83406e-09
1.18918e-08
-1.17368e-08
1.04929e-08
-1.33267e-08
8.87286e-09
-1.45836e-08
7.08528e-09
-1.5496e-08
5.17675e-09
-1.6058e-08
3.18602e-09
-1.62662e-08
1.14514e-09
-1.61182e-08
-9.18455e-10
-1.5612e-08
-2.9782e-09
-1.47464e-08
-5.00589e-09
-1.35231e-08
-6.96771e-09
-1.19494e-08
-8.82183e-09
-1.00426e-08
-1.05169e-08
-7.83385e-09
-1.19926e-08
-5.37224e-09
-1.31828e-08
-2.72645e-09
-1.40222e-08
-1.43677e-08
-3.05482e-09
1.71691e-08
-6.01514e-09
1.67575e-08
-8.76366e-09
1.57604e-08
-1.12256e-08
1.43537e-08
-1.33507e-08
1.2618e-08
-1.51096e-08
1.06318e-08
-1.64888e-08
8.4645e-09
-1.74845e-08
6.17241e-09
-1.80972e-08
3.79879e-09
-1.83282e-08
1.37613e-09
-1.81763e-08
-1.07039e-09
-1.76373e-08
-3.51719e-09
-1.67047e-08
-5.9385e-09
-1.53721e-08
-8.3003e-09
-1.36377e-08
-1.05562e-08
-1.15101e-08
-1.26445e-08
-9.0154e-09
-1.44872e-08
-6.20424e-09
-1.59939e-08
-3.15641e-09
-1.707e-08
-1.75241e-08
-3.56653e-09
2.07356e-08
-7.0017e-09
2.01927e-08
-1.01587e-08
1.89174e-08
-1.2951e-08
1.71461e-08
-1.53288e-08
1.49957e-08
-1.72713e-08
1.25743e-08
-1.87774e-08
9.97062e-09
-1.98562e-08
7.25113e-09
-2.05189e-08
4.46153e-09
-2.07738e-08
1.63102e-09
-2.06221e-08
-1.22211e-09
-2.00566e-08
-4.08268e-09
-1.90628e-08
-6.93227e-09
-1.7622e-08
-9.74112e-09
-1.57171e-08
-1.24612e-08
-1.33412e-08
-1.50204e-08
-1.05089e-08
-1.73195e-08
-7.26821e-09
-1.92346e-08
-3.71124e-09
-2.0627e-08
-2.12353e-08
-4.22651e-09
2.49621e-08
-8.25942e-09
2.42256e-08
-1.19122e-08
2.25702e-08
-1.50866e-08
2.03205e-08
-1.77398e-08
1.76489e-08
-1.98687e-08
1.47032e-08
-2.14938e-08
1.15957e-08
-2.26446e-08
8.40199e-09
-2.33494e-08
5.16632e-09
-2.3627e-08
1.90863e-09
-2.34826e-08
-1.36649e-09
-2.2905e-08
-4.66028e-09
-2.18684e-08
-7.96895e-09
-2.03353e-08
-1.12741e-08
-1.82649e-08
-1.45316e-08
-1.56239e-08
-1.76614e-08
-1.24035e-08
-2.05399e-08
-8.64014e-09
-2.2998e-08
-4.43665e-09
-2.48304e-08
-2.5672e-08
-5.09509e-09
3.00572e-08
-9.8848e-09
2.90153e-08
-1.41341e-08
2.68195e-08
-1.77375e-08
2.39239e-08
-2.06727e-08
2.05841e-08
-2.29699e-08
1.70004e-08
-2.46852e-08
1.3311e-08
-2.58805e-08
9.59724e-09
-2.66085e-08
5.8943e-09
-2.69037e-08
2.20391e-09
-2.67775e-08
-1.4927e-09
-2.6214e-08
-5.22386e-09
-2.51714e-08
-9.0115e-09
-2.35861e-08
-1.28594e-08
-2.13808e-08
-1.67369e-08
-1.84793e-08
-2.05629e-08
-1.48296e-08
-2.41896e-08
-1.04373e-08
-2.73903e-08
-5.40791e-09
-2.98598e-08
-3.10799e-08
-6.27413e-09
3.63313e-08
-1.20286e-08
3.47698e-08
-1.69866e-08
3.17775e-08
-2.10492e-08
2.79864e-08
-2.42418e-08
2.37768e-08
-2.66541e-08
1.94127e-08
-2.83987e-08
1.50556e-08
-2.95852e-08
1.07837e-08
-3.03017e-08
6.61082e-09
-3.06041e-08
2.50631e-09
-3.05114e-08
-1.5854e-09
-3.00031e-08
-5.73218e-09
-2.90185e-08
-9.99604e-09
-2.74584e-08
-1.44196e-08
-2.51915e-08
-1.90037e-08
-2.20747e-08
-2.36797e-08
-1.79802e-08
-2.82841e-08
-1.28454e-08
-3.25251e-08
-6.75521e-09
-3.595e-08
-3.78351e-08
-7.94412e-09
4.42755e-08
-1.49324e-08
4.17581e-08
-2.07114e-08
3.75565e-08
-2.5223e-08
3.2498e-08
-2.85923e-08
2.7146e-08
-3.10075e-08
2.18279e-08
-3.26715e-08
1.67196e-08
-3.37621e-08
1.18743e-08
-3.44119e-08
7.26057e-09
-3.47026e-08
2.79706e-09
-3.46638e-08
-1.62418e-09
-3.4271e-08
-6.12504e-09
-3.34427e-08
-1.08243e-08
-3.20374e-08
-1.58249e-08
-2.98532e-08
-2.11879e-08
-2.66402e-08
-2.68928e-08
-2.21447e-08
-3.27797e-08
-1.61657e-08
-3.85041e-08
-8.71536e-09
-4.34003e-08
-4.65505e-08
-1.04423e-08
5.47178e-08
-1.89923e-08
5.03081e-08
-2.56725e-08
4.42366e-08
-3.05363e-08
3.73618e-08
-3.38958e-08
3.05056e-08
-3.61124e-08
2.40445e-08
-3.75211e-08
1.81283e-08
-3.83841e-08
1.27374e-08
-3.88853e-08
7.76179e-09
-3.9135e-08
3.04677e-09
-3.91749e-08
-1.58428e-09
-3.89791e-08
-6.32083e-09
-3.8448e-08
-1.13555e-08
-3.73968e-08
-1.68761e-08
-3.55405e-08
-2.30442e-08
-3.24855e-08
-2.99478e-08
-2.77577e-08
-3.75075e-08
-2.08979e-08
-4.53639e-08
-1.17397e-08
-5.25585e-08
-5.82901e-08
-1.43942e-08
6.9112e-08
-2.48638e-08
6.07777e-08
-3.24157e-08
5.17886e-08
-3.73489e-08
4.2295e-08
-4.03406e-08
3.34973e-08
-4.20311e-08
2.5735e-08
-4.29236e-08
1.90208e-08
-4.33743e-08
1.31881e-08
-4.36157e-08
8.00318e-09
-4.37823e-08
3.21332e-09
-4.39275e-08
-1.43902e-09
-4.403e-08
-6.21839e-09
-4.39826e-08
-1.14028e-08
-4.35701e-08
-1.72887e-08
-4.24277e-08
-2.41865e-08
-3.99923e-08
-3.23832e-08
-3.54675e-08
-4.20322e-08
-2.78828e-08
-5.29487e-08
-1.67221e-08
-6.37192e-08
-7.50122e-08
-2.13727e-08
9.04847e-08
-3.37133e-08
7.31183e-08
-4.17415e-08
5.98168e-08
-4.60962e-08
4.66497e-08
-4.81004e-08
3.55015e-08
-4.87645e-08
2.63991e-08
-4.87801e-08
1.90363e-08
-4.85822e-08
1.29903e-08
-4.84297e-08
7.85061e-09
-4.84605e-08
3.24412e-09
-4.8733e-08
-1.16647e-09
-4.9241e-08
-5.71046e-09
-4.98973e-08
-1.07464e-08
-5.04951e-08
-1.6691e-08
-5.06313e-08
-2.40503e-08
-4.95887e-08
-3.34258e-08
-4.6172e-08
-4.54489e-08
-3.85226e-08
-6.05981e-08
-2.56025e-08
-7.66393e-08
-1.00615e-07
-3.17851e-08
1.2227e-07
-4.67181e-08
8.80513e-08
-5.46111e-08
6.77097e-08
-5.72214e-08
4.926e-08
-5.72415e-08
3.55217e-08
-5.6176e-08
2.53336e-08
-5.4871e-08
1.77313e-08
-5.37673e-08
1.18866e-08
-5.30803e-08
7.16363e-09
-5.29156e-08
3.07938e-09
-5.33247e-08
-7.57355e-10
-5.43298e-08
-4.70528e-09
-5.58987e-08
-9.17756e-09
-5.79164e-08
-1.46732e-08
-6.00709e-08
-2.18958e-08
-6.16168e-08
-3.18799e-08
-6.10018e-08
-4.60639e-08
-5.46258e-08
-6.69741e-08
-4.15666e-08
-8.96985e-08
-1.42181e-07
-6.3307e-08
1.85577e-07
-7.08708e-08
9.56151e-08
-7.31334e-08
6.99724e-08
-7.12103e-08
4.73369e-08
-6.75847e-08
3.1896e-08
-6.38965e-08
2.16454e-08
-6.08128e-08
1.46475e-08
-5.85664e-08
9.64015e-09
-5.72264e-08
5.82368e-09
-5.68115e-08
2.66447e-09
-5.73358e-08
-2.3309e-10
-5.88875e-08
-3.15349e-09
-6.15158e-08
-6.54931e-09
-6.53122e-08
-1.08769e-08
-7.03104e-08
-1.68976e-08
-7.62876e-08
-2.59027e-08
-8.23732e-08
-3.99783e-08
-8.28717e-08
-6.64756e-08
-7.67967e-08
-9.57735e-08
-2.18978e-07
-1.05385e-07
2.90962e-07
-1.04997e-07
9.52273e-08
-9.95769e-08
6.4552e-08
-8.90107e-08
3.67708e-08
-7.88968e-08
2.17821e-08
-7.09896e-08
1.37382e-08
-6.52308e-08
8.88879e-09
-6.13116e-08
5.72092e-09
-5.89575e-08
3.46958e-09
-5.79926e-08
1.69959e-09
-5.83401e-08
1.14356e-10
-6.00486e-08
-1.44499e-09
-6.32681e-08
-3.32978e-09
-6.82199e-08
-5.92508e-09
-7.50902e-08
-1.00272e-08
-8.33836e-08
-1.76093e-08
-9.22347e-08
-3.11271e-08
-9.44851e-08
-6.42253e-08
-8.7988e-08
-1.02271e-07
-3.06966e-07
2.90962e-07
3.86189e-07
4.50741e-07
4.87512e-07
5.09294e-07
5.23032e-07
5.31921e-07
5.37642e-07
5.41112e-07
5.42811e-07
5.42925e-07
5.4148e-07
5.38151e-07
5.32226e-07
5.22198e-07
5.04589e-07
4.73462e-07
4.09237e-07
3.06966e-07
)
;

boundaryField
{
    movingWall
    {
        type            calculated;
        value           uniform 0;
    }
    fixedWalls
    {
        type            calculated;
        value           uniform 0;
    }
    frontAndBack
    {
        type            empty;
        value           nonuniform 0();
    }
}


// ************************************************************************* //
