/*--------------------------------*- C++ -*----------------------------------*\
| =========                 |                                                 |
| \\      /  F ield         | OpenFOAM: The Open Source CFD Toolbox           |
|  \\    /   O peration     | Version:  5.x                                   |
|   \\  /    A nd           | Web:      www.OpenFOAM.org                      |
|    \\/     M anipulation  |                                                 |
\*---------------------------------------------------------------------------*/
FoamFile
{
    version     2.0;
    format      ascii;
    class       volScalarField;
    location    "16.5";
    object      p;
}
// * * * * * * * * * * * * * * * * * * * * * * * * * * * * * * * * * * * * * //

dimensions      [0 2 -2 0 0 0 0];

internalField   nonuniform List<scalar> 
400
(
-7.84968e-11
-0.000615197
-0.0010917
-0.00140502
-0.00155188
-0.00163007
-0.00165128
-0.00165019
-0.00163644
-0.0016327
-0.00161811
-0.0016213
-0.00161875
-0.00162049
-0.00161262
-0.00152276
-0.00132938
-0.00100134
-0.000612201
0.000920039
-0.000669122
-0.00110757
-0.00140788
-0.00156519
-0.00163965
-0.00166839
-0.00166256
-0.00166339
-0.00164541
-0.00163201
-0.00163755
-0.00161993
-0.00164704
-0.00165011
-0.00167972
-0.00165274
-0.00161039
-0.00152629
-0.00135783
-0.000288813
-0.00111694
-0.00141647
-0.00154246
-0.00162607
-0.00163989
-0.00165318
-0.00165276
-0.00164323
-0.0016393
-0.00163022
-0.00163555
-0.00163126
-0.00164503
-0.00164004
-0.00166222
-0.00160194
-0.00164604
-0.00157055
-0.00151
-0.00102376
-0.00136411
-0.00155202
-0.00159064
-0.00162282
-0.00163237
-0.00164128
-0.00164572
-0.00164615
-0.00164762
-0.00164317
-0.00164698
-0.00163984
-0.00165411
-0.00165345
-0.0016749
-0.00165762
-0.00167264
-0.00158848
-0.00164722
-0.00141447
-0.00148822
-0.00158335
-0.0015904
-0.0016133
-0.00162119
-0.00163144
-0.00163708
-0.00163903
-0.00164468
-0.00163843
-0.0016453
-0.00163751
-0.00164771
-0.00165272
-0.00167865
-0.00164764
-0.00169466
-0.0016111
-0.00164923
-0.00152239
-0.0015278
-0.00156653
-0.00158926
-0.00159932
-0.00161548
-0.00162566
-0.0016372
-0.00164325
-0.00165056
-0.00165002
-0.00165389
-0.00165345
-0.00164982
-0.00165076
-0.00168958
-0.00165825
-0.00171635
-0.00163292
-0.0016873
-0.00160657
-0.00154528
-0.00156984
-0.00158576
-0.00160008
-0.00161079
-0.00162423
-0.00163633
-0.00164586
-0.00165481
-0.00164932
-0.00164025
-0.00163354
-0.00163531
-0.00166891
-0.00168203
-0.00166196
-0.00172057
-0.00165276
-0.00167335
-0.00163504
-0.00156172
-0.00156536
-0.00157521
-0.0015875
-0.00160403
-0.00161784
-0.00163996
-0.00165618
-0.00166916
-0.00166557
-0.00168038
-0.00168292
-0.00164421
-0.00165648
-0.00169453
-0.00167193
-0.00169464
-0.00166956
-0.00170596
-0.00164943
-0.00155972
-0.00157275
-0.0015853
-0.00159565
-0.00160975
-0.00162301
-0.00165046
-0.00167211
-0.00169046
-0.0016846
-0.00167921
-0.00168088
-0.00169821
-0.001723
-0.00173784
-0.00171047
-0.00170927
-0.0016745
-0.00168524
-0.00168437
-0.00155102
-0.00155663
-0.0015549
-0.00157407
-0.00158731
-0.00159451
-0.00164604
-0.00167474
-0.001711
-0.00173693
-0.00174894
-0.00174288
-0.0017458
-0.00176129
-0.00174158
-0.0017193
-0.0017417
-0.00173391
-0.00174335
-0.00177499
-0.00154042
-0.00154332
-0.00156507
-0.00156973
-0.00159839
-0.00160176
-0.00166198
-0.00170729
-0.00175096
-0.00178383
-0.00184166
-0.00186018
-0.00185965
-0.00174506
-0.00181917
-0.00175903
-0.0019249
-0.00183269
-0.00184437
-0.00175937
-0.00153231
-0.00155271
-0.00154554
-0.0015521
-0.00159597
-0.00158404
-0.00163224
-0.00171026
-0.0017746
-0.00180919
-0.00181891
-0.00191921
-0.00185536
-0.0016531
-0.00174095
-0.00167381
-0.0017666
-0.00168999
-0.00170857
-0.00163759
-0.00152132
-0.0015114
-0.00153884
-0.0015326
-0.00160283
-0.00155906
-0.0016433
-0.00171078
-0.00182943
-0.00188467
-0.00182749
-0.00195594
-0.00182695
-0.00166841
-0.00176491
-0.00166208
-0.00169306
-0.00160729
-0.00162027
-0.00156118
-0.00150192
-0.00150566
-0.00154625
-0.00150942
-0.00159349
-0.00155206
-0.00162699
-0.00172037
-0.00184507
-0.00199085
-0.00184564
-0.00196108
-0.0018031
-0.00167825
-0.00166944
-0.00163754
-0.00170503
-0.00152278
-0.00155717
-0.0015064
-0.00148771
-0.00149504
-0.00154551
-0.00149792
-0.00156799
-0.00150878
-0.001599
-0.00165025
-0.00178771
-0.00191897
-0.00182507
-0.0018924
-0.00175603
-0.00165387
-0.00174066
-0.00168107
-0.00171411
-0.00147918
-0.00145918
-0.00149175
-0.00142663
-0.0014594
-0.00150485
-0.00146892
-0.00156652
-0.00147618
-0.00154189
-0.00163826
-0.00167159
-0.0017939
-0.00175177
-0.00177791
-0.00170426
-0.00158556
-0.00170837
-0.00149058
-0.00148707
-0.00148697
-0.00138547
-0.00142761
-0.00131348
-0.00139127
-0.00150404
-0.00149197
-0.00151343
-0.00151496
-0.00154199
-0.0016135
-0.00168586
-0.00174499
-0.00174323
-0.00166751
-0.00149961
-0.00191109
-0.00174156
-0.00170743
-0.00165177
-0.0015614
-0.0016232
-0.00123463
-0.00113275
-0.00132808
-0.00140136
-0.00144982
-0.00151879
-0.00150899
-0.00153744
-0.0016492
-0.00165177
-0.00170085
-0.00174942
-0.00189193
-0.00184686
-0.00170011
-0.00149435
-0.00148256
-0.00154708
-0.00132302
-0.00111151
-0.000928858
-0.000860841
-0.00107944
-0.00131359
-0.00136894
-0.00141721
-0.0014032
-0.00147011
-0.00166548
-0.00174285
-0.00186139
-0.0019962
-0.00201966
-0.00192719
-0.00136163
-0.00139381
-0.0015728
-0.00148124
-0.00171347
-0.00150525
-0.000505693
-0.000580303
-0.000824189
-0.00113129
-0.00134559
-0.00147358
-0.00154585
-0.00155777
-0.00163621
-0.00172442
-0.00181034
-0.00180697
-0.00166715
-0.00149642
-0.00138486
-0.00139956
-0.00150071
-0.00147763
-0.00113926
-0.000455697
0.00148775
)
;

boundaryField
{
    movingWall
    {
        type            zeroGradient;
    }
    fixedWalls
    {
        type            zeroGradient;
    }
    frontAndBack
    {
        type            empty;
    }
}


// ************************************************************************* //
