/*--------------------------------*- C++ -*----------------------------------*\
| =========                 |                                                 |
| \\      /  F ield         | OpenFOAM: The Open Source CFD Toolbox           |
|  \\    /   O peration     | Version:  5.x                                   |
|   \\  /    A nd           | Web:      www.OpenFOAM.org                      |
|    \\/     M anipulation  |                                                 |
\*---------------------------------------------------------------------------*/
FoamFile
{
    version     2.0;
    format      ascii;
    class       volScalarField;
    location    "3.4";
    object      p;
}
// * * * * * * * * * * * * * * * * * * * * * * * * * * * * * * * * * * * * * //

dimensions      [0 2 -2 0 0 0 0];

internalField   nonuniform List<scalar> 
400
(
1.00757e-11
6.58679e-07
2.06534e-06
4.25657e-06
7.32457e-06
1.13919e-05
1.66206e-05
2.32161e-05
3.14321e-05
4.15737e-05
5.3995e-05
6.90841e-05
8.7234e-05
0.000108772
0.000133814
0.000162194
0.000192867
0.000223482
0.000249882
0.000266722
-7.97039e-07
-1.68057e-07
1.178e-06
3.27556e-06
6.21425e-06
1.01131e-05
1.51304e-05
2.14685e-05
2.93802e-05
3.91759e-05
5.12269e-05
6.59609e-05
8.3843e-05
0.000105329
0.00013077
0.000160024
0.000192647
0.000226517
0.000257169
0.000278819
-2.42637e-06
-1.85614e-06
-6.29633e-07
1.28326e-06
3.96667e-06
7.53177e-06
1.21277e-05
1.79482e-05
2.52419e-05
3.43241e-05
4.5592e-05
5.95377e-05
7.6755e-05
9.79222e-05
0.000123731
0.000154686
0.00019105
0.000231505
0.000271468
0.000305565
-4.81465e-06
-4.33091e-06
-3.28044e-06
-1.63953e-06
6.67329e-07
3.73842e-06
7.7071e-06
1.27499e-05
1.91001e-05
2.70663e-05
3.70589e-05
4.96274e-05
6.55071e-05
8.56673e-05
0.000111318
0.000143838
0.000184912
0.000234961
0.000290539
0.000351521
-7.87117e-06
-7.49935e-06
-6.67643e-06
-5.38688e-06
-3.56706e-06
-1.13729e-06
2.01117e-06
6.0243e-06
1.11008e-05
1.75158e-05
2.56564e-05
3.60786e-05
4.95979e-05
6.74285e-05
9.13924e-05
0.000124265
0.000168659
0.000228987
0.000306773
0.00042173
-1.14747e-05
-1.12376e-05
-1.06874e-05
-9.81793e-06
-8.58004e-06
-6.91855e-06
-4.7592e-06
-2.00248e-06
1.49033e-06
5.91995e-06
1.15869e-05
1.89549e-05
2.87591e-05
4.21931e-05
6.12375e-05
8.93264e-05
0.000132729
0.000197496
0.000292606
0.000500981
-1.54786e-05
-1.5397e-05
-1.51573e-05
-1.47632e-05
-1.41807e-05
-1.33843e-05
-1.23435e-05
-1.10214e-05
-9.36572e-06
-7.29458e-06
-4.67206e-06
-1.26508e-06
3.33557e-06
9.86283e-06
1.95782e-05
3.47594e-05
6.28643e-05
0.000113251
0.000148013
0.000476927
-1.97142e-05
-1.98085e-05
-1.99098e-05
-2.00311e-05
-2.01512e-05
-2.02765e-05
-2.04274e-05
-2.06422e-05
-2.09765e-05
-2.15039e-05
-2.23175e-05
-2.35345e-05
-2.53042e-05
-2.7819e-05
-3.15023e-05
-3.86022e-05
-5.14931e-05
-4.51937e-05
-0.000252739
0.000136283
-2.39891e-05
-2.42934e-05
-2.47596e-05
-2.54274e-05
-2.62651e-05
-2.732e-05
-2.86634e-05
-3.0417e-05
-3.27553e-05
-3.59259e-05
-4.02894e-05
-4.63882e-05
-5.50814e-05
-6.77991e-05
-8.68031e-05
-0.00011816
-0.000194741
-0.00017684
-0.000602718
-0.000298722
-2.80954e-05
-2.86506e-05
-2.95015e-05
-3.07282e-05
-3.22728e-05
-3.42139e-05
-3.66754e-05
-3.98545e-05
-4.40363e-05
-4.96163e-05
-5.71755e-05
-6.75911e-05
-8.22379e-05
-0.000103536
-0.000135922
-0.000168766
-0.000287102
-0.000264251
-0.000501452
-0.000435873
-3.17572e-05
-3.2812e-05
-3.4006e-05
-3.59851e-05
-3.81189e-05
-4.0862e-05
-4.4236e-05
-4.85987e-05
-5.43139e-05
-6.18985e-05
-7.21001e-05
-8.60375e-05
-0.00010529
-0.00013106
-0.000177688
-0.000203861
-0.000341091
-0.0003589
-0.000493397
-0.000486572
-3.47416e-05
-3.62905e-05
-3.79145e-05
-4.02155e-05
-4.29883e-05
-4.63991e-05
-5.06484e-05
-5.59804e-05
-6.28167e-05
-7.17272e-05
-8.35354e-05
-9.92939e-05
-0.000122038
-0.000144134
-0.000205942
-0.000222295
-0.000373708
-0.000414207
-0.000607745
-0.000567661
-3.64189e-05
-3.97409e-05
-4.17645e-05
-4.64118e-05
-4.88886e-05
-5.35085e-05
-5.7579e-05
-6.32921e-05
-7.03813e-05
-7.98373e-05
-9.23439e-05
-0.000107609
-0.000135148
-0.000148402
-0.000220751
-0.000226012
-0.00036459
-0.000417563
-0.000532002
-0.000507822
-3.73251e-05
-4.25984e-05
-4.44137e-05
-4.77216e-05
-5.08893e-05
-5.45437e-05
-5.94379e-05
-6.53522e-05
-7.31073e-05
-8.27328e-05
-9.5672e-05
-0.000108445
-0.000137381
-0.000145646
-0.000206513
-0.000223807
-0.000317235
-0.000357906
-0.000422265
-0.000390414
-3.06859e-05
-3.94047e-05
-4.74646e-05
-5.58578e-05
-5.81426e-05
-6.50342e-05
-6.73268e-05
-7.3702e-05
-7.92133e-05
-8.7891e-05
-9.91464e-05
-0.000110845
-0.00013328
-0.000145523
-0.000187511
-0.000210268
-0.000270705
-0.000310378
-0.000396188
-0.000309993
-3.55741e-05
-5.97191e-05
-5.30002e-05
-5.7153e-05
-5.79067e-05
-5.93506e-05
-6.27115e-05
-6.73692e-05
-7.39385e-05
-8.22993e-05
-9.34013e-05
-0.000104862
-0.000121925
-0.000135052
-0.000161878
-0.000171651
-0.000213971
-0.000206544
-0.000292077
-0.00016078
-2.29184e-06
-3.1553e-05
-5.18209e-05
-7.02306e-05
-7.03586e-05
-7.57525e-05
-7.44351e-05
-7.90482e-05
-8.06483e-05
-8.93364e-05
-9.62614e-05
-0.000103869
-0.000117796
-0.000126059
-0.000142259
-0.000153771
-0.000175225
-0.000137148
-0.000161746
4.00695e-05
-2.60386e-05
-0.000133616
-8.98907e-05
-7.21149e-05
-6.40161e-05
-5.97109e-05
-5.75337e-05
-6.18109e-05
-6.53133e-05
-7.38534e-05
-8.22022e-05
-9.10852e-05
-0.000101357
-0.000109668
-0.000116448
-0.00010597
-7.37009e-05
-7.50564e-05
1.75076e-05
0.000265988
1.69874e-05
-9.67408e-05
-8.45751e-05
-7.46578e-05
-6.22623e-05
-6.68788e-05
-6.96737e-05
-8.03364e-05
-7.02735e-05
-9.03465e-05
-9.47284e-05
-9.53719e-05
-0.000107694
-0.000119629
-0.000120077
-0.000150064
-0.00015498
-5.55581e-05
-9.89845e-05
0.000559963
-0.000125166
-6.5056e-05
-3.08441e-05
-5.33495e-05
-4.24412e-05
-3.47194e-05
-4.8167e-05
-5.62214e-05
-4.3027e-05
-7.32376e-05
-7.8809e-05
-6.87551e-05
-9.39633e-05
-9.51346e-05
-8.12428e-05
-8.47421e-05
-5.03664e-05
0.0002472
0.00069579
0.0020191
)
;

boundaryField
{
    movingWall
    {
        type            zeroGradient;
    }
    fixedWalls
    {
        type            zeroGradient;
    }
    frontAndBack
    {
        type            empty;
    }
}


// ************************************************************************* //
