/*--------------------------------*- C++ -*----------------------------------*\
| =========                 |                                                 |
| \\      /  F ield         | OpenFOAM: The Open Source CFD Toolbox           |
|  \\    /   O peration     | Version:  5.x                                   |
|   \\  /    A nd           | Web:      www.OpenFOAM.org                      |
|    \\/     M anipulation  |                                                 |
\*---------------------------------------------------------------------------*/
FoamFile
{
    version     2.0;
    format      ascii;
    class       surfaceScalarField;
    location    "3.4";
    object      phi;
}
// * * * * * * * * * * * * * * * * * * * * * * * * * * * * * * * * * * * * * //

dimensions      [0 3 -1 0 0 0 0];

internalField   nonuniform List<scalar> 
760
(
-1.2539e-08
1.2539e-08
-2.5713e-08
1.3174e-08
-3.90932e-08
1.33802e-08
-5.27694e-08
1.36762e-08
-6.68084e-08
1.4039e-08
-8.12467e-08
1.44383e-08
-9.60753e-08
1.48286e-08
-1.11218e-07
1.5143e-08
-1.26501e-07
1.52831e-08
-1.41607e-07
1.51057e-08
-1.56015e-07
1.44079e-08
-1.68927e-07
1.29123e-08
-1.79184e-07
1.02564e-08
-1.85183e-07
5.99948e-09
-1.84815e-07
-3.68174e-10
-1.75086e-07
-9.72943e-09
-1.53019e-07
-2.20666e-08
-1.16097e-07
-3.69222e-08
-6.39832e-08
-5.21137e-08
-6.39832e-08
-1.30407e-08
2.55797e-08
-2.67361e-08
2.68695e-08
-4.06365e-08
2.72805e-08
-5.48312e-08
2.78709e-08
-6.93891e-08
2.85969e-08
-8.43524e-08
2.94016e-08
-9.9724e-08
3.02002e-08
-1.15449e-07
3.08679e-08
-1.31386e-07
3.12199e-08
-1.47264e-07
3.09837e-08
-1.62624e-07
2.97685e-08
-1.7674e-07
2.70285e-08
-1.88515e-07
2.20314e-08
-1.96362e-07
1.38465e-08
-1.98246e-07
1.51558e-09
-1.90747e-07
-1.72288e-08
-1.70178e-07
-4.2635e-08
-1.32549e-07
-7.45512e-08
-7.58633e-08
-1.088e-07
-1.39847e-07
-1.28495e-08
3.84292e-08
-2.63737e-08
4.03936e-08
-4.01245e-08
4.10314e-08
-5.42062e-08
4.19526e-08
-6.87067e-08
4.30974e-08
-8.36967e-08
4.43916e-08
-9.92215e-08
4.5725e-08
-1.15287e-07
4.69336e-08
-1.31838e-07
4.77711e-08
-1.48724e-07
4.78694e-08
-1.65644e-07
4.6688e-08
-1.82064e-07
4.34488e-08
-1.97095e-07
3.70623e-08
-2.09318e-07
2.60698e-08
-2.16531e-07
8.72846e-09
-2.15425e-07
-1.83347e-08
-2.00627e-07
-5.74331e-08
-1.65312e-07
-1.09866e-07
-1.02454e-07
-1.71658e-07
-2.423e-07
-1.25182e-08
5.09474e-08
-2.57392e-08
5.36147e-08
-3.92198e-08
5.45119e-08
-5.30834e-08
5.58162e-08
-6.74431e-08
5.7457e-08
-8.24067e-08
5.93551e-08
-9.80754e-08
6.13937e-08
-1.14539e-07
6.33973e-08
-1.31865e-07
6.50972e-08
-1.50078e-07
6.60826e-08
-1.69121e-07
6.57303e-08
-1.88781e-07
6.31092e-08
-2.08568e-07
5.68493e-08
-2.27476e-07
4.49775e-08
-2.43523e-07
2.47757e-08
-2.53703e-07
-8.15438e-09
-2.51032e-07
-6.01045e-08
-2.24859e-07
-1.36039e-07
-1.57539e-07
-2.38979e-07
-3.99839e-07
-1.20518e-08
6.29991e-08
-2.48434e-08
6.64064e-08
-3.7934e-08
6.76025e-08
-5.14668e-08
6.9349e-08
-6.55795e-08
7.15697e-08
-8.04187e-08
7.41944e-08
-9.61474e-08
7.71225e-08
-1.12952e-07
8.02022e-08
-1.31047e-07
8.31924e-08
-1.50674e-07
8.57094e-08
-1.72091e-07
8.71468e-08
-1.95537e-07
8.65558e-08
-2.2115e-07
8.24615e-08
-2.48754e-07
7.25817e-08
-2.77392e-07
5.34136e-08
-3.05348e-07
1.98024e-08
-3.25615e-07
-3.98377e-08
-3.24629e-07
-1.37025e-07
-2.70685e-07
-2.92923e-07
-6.70524e-07
-1.14301e-08
7.44292e-08
-2.36483e-08
7.86246e-08
-3.62101e-08
8.01643e-08
-4.92745e-08
8.24134e-08
-6.29956e-08
8.52908e-08
-7.75508e-08
8.87495e-08
-9.31587e-08
9.27304e-08
-1.101e-07
9.71433e-08
-1.28739e-07
1.01832e-07
-1.49553e-07
1.06523e-07
-1.73163e-07
1.10756e-07
-2.00368e-07
1.13761e-07
-2.32174e-07
1.14267e-07
-2.69762e-07
1.1017e-07
-3.14348e-07
9.79995e-08
-3.66262e-07
7.17164e-08
-4.25607e-07
1.95068e-08
-4.78929e-07
-8.37028e-08
-4.92606e-07
-2.79246e-07
-1.16313e-06
-1.0626e-08
8.50553e-08
-2.21089e-08
9.01074e-08
-3.39876e-08
9.2043e-08
-4.64274e-08
9.48532e-08
-5.95797e-08
9.84431e-08
-7.3634e-08
1.02804e-07
-8.88445e-08
1.07941e-07
-1.05564e-07
1.13863e-07
-1.24282e-07
1.2055e-07
-1.4568e-07
1.27922e-07
-1.70713e-07
1.35789e-07
-2.00731e-07
1.43779e-07
-2.37684e-07
1.51221e-07
-2.84431e-07
1.56917e-07
-3.45374e-07
1.58942e-07
-4.28284e-07
1.54627e-07
-5.41458e-07
1.32681e-07
-6.71651e-07
4.64906e-08
-7.83077e-07
-1.6782e-07
-1.94621e-06
-9.60283e-09
9.46581e-08
-2.0174e-08
1.00679e-07
-3.12087e-08
1.03078e-07
-4.2865e-08
1.06509e-07
-5.52572e-08
1.10835e-07
-6.85558e-08
1.16102e-07
-8.30177e-08
1.22403e-07
-9.90298e-08
1.29875e-07
-1.17158e-07
1.38678e-07
-1.38218e-07
1.48982e-07
-1.63395e-07
1.60966e-07
-1.94438e-07
1.74822e-07
-2.33999e-07
1.90782e-07
-2.86262e-07
2.09181e-07
-3.57879e-07
2.30559e-07
-4.60984e-07
2.57732e-07
-6.22037e-07
2.93733e-07
-7.44514e-07
1.68968e-07
-7.36544e-07
-1.7579e-07
-2.68275e-06
-8.2799e-09
1.02938e-07
-1.77782e-08
1.10177e-07
-2.78076e-08
1.13107e-07
-3.8564e-08
1.17266e-07
-5.00182e-08
1.2229e-07
-6.23002e-08
1.28384e-07
-7.56199e-08
1.35723e-07
-9.03481e-08
1.44603e-07
-1.07043e-07
1.55373e-07
-1.26517e-07
1.68456e-07
-1.49945e-07
1.84394e-07
-1.79051e-07
2.03928e-07
-2.16436e-07
2.28167e-07
-2.66337e-07
2.59082e-07
-3.34637e-07
2.98859e-07
-4.17625e-07
3.40719e-07
-5.41143e-07
4.17251e-07
-5.76774e-07
2.04599e-07
-2.87462e-07
-4.65102e-07
-2.97021e-06
-6.61873e-09
1.09557e-07
-1.4855e-08
1.18413e-07
-2.37486e-08
1.22001e-07
-3.35192e-08
1.27037e-07
-4.39128e-08
1.32683e-07
-5.49562e-08
1.39428e-07
-6.67707e-08
1.47537e-07
-7.96679e-08
1.575e-07
-9.41576e-08
1.69862e-07
-1.10986e-07
1.85284e-07
-1.31234e-07
2.04643e-07
-1.56395e-07
2.29088e-07
-1.8835e-07
2.60122e-07
-2.29026e-07
2.99758e-07
-2.8623e-07
3.56063e-07
-3.36938e-07
3.91428e-07
-3.89281e-07
4.69594e-07
-3.96639e-07
2.11957e-07
-9.67069e-08
-7.65034e-07
-3.06692e-06
-3.92752e-09
1.13484e-07
-1.11711e-08
1.25657e-07
-1.85951e-08
1.29425e-07
-2.80609e-08
1.36502e-07
-3.72296e-08
1.41852e-07
-4.69809e-08
1.49179e-07
-5.68746e-08
1.57431e-07
-6.73231e-08
1.67949e-07
-7.86371e-08
1.81176e-07
-9.12565e-08
1.97903e-07
-1.05782e-07
2.19168e-07
-1.23038e-07
2.46344e-07
-1.44652e-07
2.81736e-07
-1.66796e-07
3.21902e-07
-2.08031e-07
3.97298e-07
-2.42009e-07
4.25406e-07
-2.74922e-07
5.02506e-07
-2.71286e-07
2.08321e-07
-1.64551e-07
-8.71769e-07
-3.23147e-06
-1.78874e-09
1.15273e-07
-7.2486e-09
1.31117e-07
-1.38631e-08
1.36039e-07
-2.1422e-08
1.44061e-07
-2.94491e-08
1.49879e-07
-3.76861e-08
1.57416e-07
-4.5833e-08
1.65578e-07
-5.38991e-08
1.76015e-07
-6.2098e-08
1.89375e-07
-7.0846e-08
2.06651e-07
-8.0786e-08
2.29108e-07
-9.13986e-08
2.56957e-07
-1.07257e-07
2.97595e-07
-1.15118e-07
3.29762e-07
-1.35043e-07
4.17224e-07
-1.44377e-07
4.34739e-07
-1.40997e-07
4.99126e-07
-1.09431e-07
1.76755e-07
-1.70918e-08
-9.64108e-07
-3.24856e-06
9.71965e-09
1.05553e-07
3.33249e-09
1.37504e-07
-3.06337e-09
1.42435e-07
-1.52112e-08
1.56209e-07
-2.37183e-08
1.58386e-07
-3.26396e-08
1.66337e-07
-3.78792e-08
1.70817e-07
-4.21814e-08
1.80317e-07
-4.47783e-08
1.91972e-07
-4.64368e-08
2.0831e-07
-4.71209e-08
2.29792e-07
-4.43423e-08
2.54178e-07
-4.32095e-08
2.96462e-07
-3.99091e-08
3.26461e-07
-2.71641e-08
4.04479e-07
-3.17135e-08
4.39288e-07
1.30348e-08
4.54378e-07
9.3112e-09
1.80479e-07
1.07117e-07
-1.06191e-06
-3.14145e-06
3.52491e-09
1.02028e-07
6.76747e-10
1.40352e-07
-5.3369e-09
1.48449e-07
-9.2832e-09
1.60155e-07
-1.37294e-08
1.62832e-07
-1.77573e-08
1.70365e-07
-2.13172e-08
1.74377e-07
-2.38483e-08
1.82848e-07
-2.55441e-08
1.93668e-07
-2.53494e-08
2.08115e-07
-2.5014e-08
2.29457e-07
-2.18603e-08
2.51024e-07
-1.50796e-08
2.89682e-07
-1.36454e-08
3.25027e-07
1.75679e-08
3.73266e-07
2.21935e-08
4.34663e-07
9.47661e-08
3.81805e-07
1.09826e-07
1.65419e-07
6.24849e-08
-1.01457e-06
-3.07896e-06
6.27934e-08
3.9235e-08
4.85161e-08
1.54629e-07
2.71144e-08
1.6985e-07
-8.19185e-10
1.88089e-07
-1.78057e-08
1.79819e-07
-2.83416e-08
1.80901e-07
-2.84515e-08
1.74487e-07
-2.58565e-08
1.80253e-07
-1.74431e-08
1.85255e-07
-7.63093e-09
1.98303e-07
8.31391e-09
2.13512e-07
2.42493e-08
2.35089e-07
5.2056e-08
2.61875e-07
8.02141e-08
2.96869e-07
1.23937e-07
3.29543e-07
1.63328e-07
3.95272e-07
2.05286e-07
3.39847e-07
1.61677e-07
2.09028e-07
8.08141e-08
-9.3371e-07
-2.99815e-06
3.99042e-08
-6.69138e-10
2.23034e-08
1.7223e-07
2.19028e-08
1.70251e-07
1.72956e-08
1.92696e-07
1.33506e-08
1.83764e-07
9.28891e-09
1.84963e-07
1.0139e-08
1.73637e-07
1.13832e-08
1.79009e-07
1.5768e-08
1.8087e-07
2.19248e-08
1.92146e-07
3.13605e-08
2.04076e-07
4.47484e-08
2.21701e-07
6.19664e-08
2.44657e-07
7.97108e-08
2.79125e-07
1.1755e-07
2.91703e-07
1.30251e-07
3.82571e-07
2.47991e-07
2.22107e-07
2.75583e-07
1.81437e-07
2.01284e-07
-8.5941e-07
-2.79686e-06
1.6062e-07
-1.61289e-07
3.10333e-08
3.01817e-07
-9.27216e-08
2.94006e-07
-1.35056e-07
2.3503e-07
-1.31707e-07
1.80415e-07
-1.19409e-07
1.72665e-07
-9.25726e-08
1.468e-07
-7.13171e-08
1.57753e-07
-4.34461e-08
1.52999e-07
-2.13129e-08
1.70013e-07
9.6548e-09
1.73108e-07
3.84823e-08
1.92874e-07
7.68432e-08
2.06296e-07
1.24604e-07
2.31364e-07
1.89237e-07
2.2707e-07
2.37669e-07
3.34139e-07
3.50381e-07
1.09395e-07
2.70416e-07
2.61402e-07
1.67884e-07
-7.56879e-07
-2.62898e-06
1.73738e-07
-3.35028e-07
3.74389e-07
1.01166e-07
4.24012e-07
2.44382e-07
3.98204e-07
2.60838e-07
4.01147e-07
1.77473e-07
3.52292e-07
2.2152e-07
3.30622e-07
1.6847e-07
2.93039e-07
1.95337e-07
2.76135e-07
1.69903e-07
2.4885e-07
1.97298e-07
2.48629e-07
1.73329e-07
2.47665e-07
1.93838e-07
2.61454e-07
1.92507e-07
2.88836e-07
2.03983e-07
2.93426e-07
2.2248e-07
2.61733e-07
3.65832e-07
3.37164e-07
3.39638e-08
2.59875e-07
3.38691e-07
2.93208e-07
-7.90212e-07
-2.33577e-06
-7.35657e-07
4.0063e-07
-8.68866e-07
2.34375e-07
-8.49046e-07
2.24563e-07
-8.05041e-07
2.16833e-07
-7.83693e-07
1.56126e-07
-7.39672e-07
1.77498e-07
-7.26618e-07
1.55416e-07
-6.71968e-07
1.40687e-07
-6.29914e-07
1.27849e-07
-5.80482e-07
1.47867e-07
-5.21546e-07
1.14393e-07
-4.45499e-07
1.1779e-07
-3.76424e-07
1.23432e-07
-2.84104e-07
1.11662e-07
-1.72764e-07
1.11139e-07
5.28329e-08
1.40235e-07
1.85412e-07
-9.86154e-08
5.28351e-07
-4.24808e-09
6.61872e-07
-9.23733e-07
-1.6739e-06
4.0063e-07
6.35004e-07
8.59567e-07
1.0764e-06
1.23253e-06
1.41002e-06
1.56544e-06
1.70613e-06
1.83398e-06
1.98184e-06
2.09624e-06
2.21403e-06
2.33746e-06
2.44912e-06
2.56026e-06
2.70049e-06
2.60188e-06
2.59763e-06
1.6739e-06
)
;

boundaryField
{
    movingWall
    {
        type            calculated;
        value           uniform 0;
    }
    fixedWalls
    {
        type            calculated;
        value           uniform 0;
    }
    frontAndBack
    {
        type            empty;
        value           nonuniform 0();
    }
}


// ************************************************************************* //
