/*--------------------------------*- C++ -*----------------------------------*\
| =========                 |                                                 |
| \\      /  F ield         | OpenFOAM: The Open Source CFD Toolbox           |
|  \\    /   O peration     | Version:  5.x                                   |
|   \\  /    A nd           | Web:      www.OpenFOAM.org                      |
|    \\/     M anipulation  |                                                 |
\*---------------------------------------------------------------------------*/
FoamFile
{
    version     2.0;
    format      ascii;
    class       volScalarField;
    location    "4.7";
    object      p;
}
// * * * * * * * * * * * * * * * * * * * * * * * * * * * * * * * * * * * * * //

dimensions      [0 2 -2 0 0 0 0];

internalField   nonuniform List<scalar> 
400
(
-1.50958e-10
1.38452e-07
5.11418e-07
1.12581e-06
2.05913e-06
3.41192e-06
5.33953e-06
8.07377e-06
1.19704e-05
1.75686e-05
2.56937e-05
3.75988e-05
5.50207e-05
7.90803e-05
0.00010421
9.90381e-05
2.05731e-05
-5.06802e-05
0.000153432
0.00185525
-3.97616e-07
-2.91946e-07
7.91123e-09
5.0061e-07
1.24408e-06
2.30629e-06
3.78577e-06
5.81093e-06
8.53646e-06
1.21242e-05
1.66396e-05
2.17547e-05
2.59385e-05
2.38028e-05
-1.56802e-06
-9.25383e-05
-0.000280424
-0.000478417
-0.000448194
0.000635619
-1.29057e-06
-1.24915e-06
-1.09023e-06
-8.29079e-07
-4.42709e-07
8.02166e-08
7.41329e-07
1.50614e-06
2.2563e-06
2.68441e-06
2.05264e-06
-1.3247e-06
-1.10694e-05
-3.46712e-05
-8.79176e-05
-0.000209933
-0.000442484
-0.000687917
-0.000626978
-0.00014171
-2.54968e-06
-2.59528e-06
-2.62489e-06
-2.66826e-06
-2.74088e-06
-2.89113e-06
-3.21496e-06
-3.90102e-06
-5.31045e-06
-8.11978e-06
-1.35904e-05
-2.40829e-05
-4.39239e-05
-8.08941e-05
-0.000149974
-0.000269262
-0.000489321
-0.000774579
-0.000875037
-0.000561909
-4.05061e-06
-4.19654e-06
-4.43766e-06
-4.81478e-06
-5.37415e-06
-6.21167e-06
-7.4975e-06
-9.52749e-06
-1.28062e-05
-1.81868e-05
-2.70793e-05
-4.18599e-05
-6.66815e-05
-0.000106051
-0.000177907
-0.000274794
-0.000449191
-0.000642599
-0.000704344
-0.000560955
-5.64034e-06
-5.89347e-06
-6.34904e-06
-7.05284e-06
-8.06641e-06
-9.50814e-06
-1.1582e-05
-1.46225e-05
-1.91609e-05
-2.60465e-05
-3.65809e-05
-5.2382e-05
-7.8592e-05
-0.000110071
-0.000177822
-0.000242727
-0.000355005
-0.000437347
-0.000459245
-0.000396547
-7.16108e-06
-7.53377e-06
-8.19891e-06
-9.20715e-06
-1.06046e-05
-1.25114e-05
-1.51226e-05
-1.87606e-05
-2.38948e-05
-3.12197e-05
-4.21503e-05
-5.54699e-05
-8.26626e-05
-0.000102553
-0.000158919
-0.000201085
-0.000277966
-0.000335563
-0.000397661
-0.000357528
-8.4518e-06
-8.96711e-06
-9.83556e-06
-1.11148e-05
-1.28141e-05
-1.50244e-05
-1.79122e-05
-2.1741e-05
-2.69152e-05
-3.35122e-05
-4.47189e-05
-5.2723e-05
-8.00991e-05
-9.00811e-05
-0.000132527
-0.000152142
-0.000206803
-0.000216592
-0.000267641
-0.000228348
-9.34722e-06
-1.01123e-05
-1.11914e-05
-1.28248e-05
-1.47383e-05
-1.71556e-05
-2.00651e-05
-2.37351e-05
-2.87198e-05
-3.31271e-05
-4.5199e-05
-4.72512e-05
-7.24231e-05
-7.45217e-05
-0.000107683
-0.000106427
-0.000143741
-0.000111854
-0.000112605
-8.81724e-05
-9.66497e-06
-1.08061e-05
-1.21124e-05
-1.39872e-05
-1.60786e-05
-1.84878e-05
-2.13766e-05
-2.43971e-05
-2.95733e-05
-3.10994e-05
-4.33621e-05
-3.98578e-05
-6.34001e-05
-5.62114e-05
-8.54009e-05
-6.59277e-05
-0.000100474
-5.43924e-05
-7.57105e-05
-3.91844e-05
-9.15646e-06
-1.09551e-05
-1.28515e-05
-1.56536e-05
-1.78642e-05
-2.07128e-05
-2.32306e-05
-2.53274e-05
-3.03878e-05
-2.93251e-05
-4.0441e-05
-3.48715e-05
-5.38517e-05
-4.12432e-05
-6.81181e-05
-4.04774e-05
-7.57649e-05
-2.00869e-05
-8.35314e-05
-1.51371e-05
-7.75363e-06
-1.12827e-05
-1.30728e-05
-1.58593e-05
-1.81556e-05
-1.99727e-05
-2.2992e-05
-2.3384e-05
-2.89351e-05
-2.57817e-05
-3.55637e-05
-2.70117e-05
-4.4631e-05
-2.36593e-05
-5.32537e-05
-8.14985e-06
-5.45002e-05
2.68468e-05
-3.86634e-05
4.46623e-05
-3.17999e-06
-7.82511e-06
-1.31434e-05
-1.82857e-05
-2.15062e-05
-2.47973e-05
-2.64651e-05
-2.71769e-05
-3.02298e-05
-2.64617e-05
-3.41921e-05
-2.34345e-05
-3.93078e-05
-1.69283e-05
-4.32484e-05
-4.40524e-07
-3.85094e-05
4.73317e-05
-7.98904e-06
9.28989e-05
-1.83199e-06
-1.48206e-05
-1.52961e-05
-1.99216e-05
-2.13104e-05
-2.22141e-05
-2.38788e-05
-2.32419e-05
-2.57638e-05
-2.12729e-05
-2.76222e-05
-1.49832e-05
-2.96812e-05
-8.90406e-07
-2.97466e-05
2.77995e-05
-2.6283e-05
6.6155e-05
-6.42871e-06
8.82795e-05
1.95769e-05
-1.70833e-06
-1.29657e-05
-2.52603e-05
-2.90654e-05
-3.33819e-05
-3.22912e-05
-3.17921e-05
-3.07371e-05
-2.64954e-05
-2.96817e-05
-1.78382e-05
-2.91702e-05
-6.6763e-06
-2.95692e-05
8.92413e-06
-3.25947e-05
3.82001e-05
-6.83645e-05
5.79273e-05
-6.80039e-06
-4.7738e-05
-2.11538e-05
-3.64328e-05
-3.15754e-05
-2.6249e-05
-2.53444e-05
-2.40769e-05
-2.31543e-05
-1.89613e-05
-1.97894e-05
-9.3901e-06
-1.70091e-05
5.67945e-06
-9.63004e-06
3.13817e-05
1.01455e-05
3.91167e-05
-5.02038e-06
6.22108e-05
2.54904e-05
-7.94753e-05
-4.73515e-05
-5.82902e-05
-4.466e-05
-4.59726e-05
-3.76591e-05
-3.8122e-05
-3.25217e-05
-2.85735e-05
-2.55931e-05
-2.10574e-05
-1.73876e-05
-1.41077e-05
-9.5584e-06
6.50949e-07
-5.70827e-05
2.06478e-05
-6.48921e-05
9.96721e-05
-3.0173e-05
-0.00017931
-5.92658e-05
-4.13087e-05
-4.11934e-05
-3.40377e-05
-3.24368e-05
-3.01808e-05
-2.4958e-05
-2.03195e-05
-1.318e-05
-6.56511e-06
-6.35297e-06
7.04277e-06
-1.61335e-05
-1.31668e-05
5.13021e-05
6.14479e-05
0.00013559
0.000265221
6.59986e-05
-6.20486e-05
-3.65061e-05
-3.21933e-05
-2.78169e-05
-1.9477e-05
-2.91005e-05
-4.04512e-05
-3.68741e-05
-2.98642e-05
-2.36422e-05
-3.01431e-05
-2.67463e-05
-6.46409e-06
-1.1301e-05
-5.23192e-05
8.61023e-06
2.6656e-05
1.06916e-05
0.000559302
-7.57044e-05
-5.37051e-05
1.69283e-05
-6.07442e-05
-1.29607e-05
-5.93491e-06
-6.75579e-06
-1.19485e-05
-9.96529e-06
-5.13368e-06
-1.03241e-06
-8.872e-07
-2.45528e-06
1.8245e-05
4.05853e-05
6.21507e-05
2.67958e-05
0.0002665
0.000673271
0.00185514
)
;

boundaryField
{
    movingWall
    {
        type            zeroGradient;
    }
    fixedWalls
    {
        type            zeroGradient;
    }
    frontAndBack
    {
        type            empty;
    }
}


// ************************************************************************* //
