/*--------------------------------*- C++ -*----------------------------------*\
| =========                 |                                                 |
| \\      /  F ield         | OpenFOAM: The Open Source CFD Toolbox           |
|  \\    /   O peration     | Version:  5.x                                   |
|   \\  /    A nd           | Web:      www.OpenFOAM.org                      |
|    \\/     M anipulation  |                                                 |
\*---------------------------------------------------------------------------*/
FoamFile
{
    version     2.0;
    format      ascii;
    class       surfaceScalarField;
    location    "4.7";
    object      phi;
}
// * * * * * * * * * * * * * * * * * * * * * * * * * * * * * * * * * * * * * //

dimensions      [0 3 -1 0 0 0 0];

internalField   nonuniform List<scalar> 
760
(
-1.7571e-08
1.75711e-08
-3.66335e-08
1.90625e-08
-5.67251e-08
2.00916e-08
-7.84658e-08
2.17406e-08
-1.02573e-07
2.41069e-08
-1.2995e-07
2.73777e-08
-1.61801e-07
3.18509e-08
-1.99803e-07
3.80018e-08
-2.46358e-07
4.6555e-08
-3.05081e-07
5.87224e-08
-3.81665e-07
7.65841e-08
-4.85527e-07
1.03863e-07
-6.33001e-07
1.47473e-07
-8.53498e-07
2.20497e-07
-1.19643e-06
3.42936e-07
-1.70352e-06
5.07082e-07
-2.26565e-06
5.62135e-07
-2.46509e-06
1.99439e-07
-1.76826e-06
-6.9683e-07
-1.76826e-06
-1.84317e-08
3.60027e-08
-3.83789e-08
3.90098e-08
-5.93172e-08
4.10298e-08
-8.18281e-08
4.42515e-08
-1.06573e-07
4.88518e-08
-1.34366e-07
5.51707e-08
-1.66255e-07
6.37399e-08
-2.03632e-07
7.53791e-08
-2.48431e-07
9.1354e-08
-3.0337e-07
1.13661e-07
-3.72304e-07
1.45518e-07
-4.60691e-07
1.92249e-07
-5.75938e-07
2.6272e-07
-7.25908e-07
3.70467e-07
-9.11614e-07
5.28642e-07
-1.12383e-06
7.19296e-07
-1.33993e-06
7.78233e-07
-1.39686e-06
2.56368e-07
-8.06435e-07
-1.28725e-06
-2.57469e-06
-1.75193e-08
5.3522e-08
-3.65008e-08
5.79913e-08
-5.63572e-08
6.08861e-08
-7.75767e-08
6.54711e-08
-1.0069e-07
7.19651e-08
-1.26317e-07
8.0798e-08
-1.55212e-07
9.26346e-08
-1.88309e-07
1.08476e-07
-2.26778e-07
1.29823e-07
-2.72043e-07
1.58926e-07
-3.25709e-07
1.99184e-07
-3.89216e-07
2.55756e-07
-4.62803e-07
3.36308e-07
-5.43513e-07
4.51177e-07
-6.2033e-07
6.05459e-07
-6.6204e-07
7.61007e-07
-6.77252e-07
7.93445e-07
-6.7988e-07
2.58996e-07
-5.62301e-07
-1.40483e-06
-3.13699e-06
-1.60819e-08
6.9604e-08
-3.35537e-08
7.54631e-08
-5.17518e-08
7.90841e-08
-7.10415e-08
8.47608e-08
-9.17848e-08
9.27084e-08
-1.14363e-07
1.03376e-07
-1.39184e-07
1.17456e-07
-1.66677e-07
1.35969e-07
-1.97238e-07
1.60384e-07
-2.31096e-07
1.92784e-07
-2.6798e-07
2.36068e-07
-3.06527e-07
2.94303e-07
-3.43e-07
3.72781e-07
-3.68416e-07
4.76593e-07
-3.7447e-07
6.11513e-07
-3.28196e-07
7.14733e-07
-2.44439e-07
7.09687e-07
-1.62241e-07
1.76797e-07
-1.22447e-07
-1.44462e-06
-3.25944e-06
-1.42668e-08
8.38708e-08
-2.98602e-08
9.10565e-08
-4.60339e-08
9.52579e-08
-6.30223e-08
1.01749e-07
-8.1006e-08
1.10692e-07
-1.0012e-07
1.2249e-07
-1.20434e-07
1.3777e-07
-1.41899e-07
1.57434e-07
-1.6424e-07
1.82725e-07
-1.86772e-07
2.15317e-07
-2.07996e-07
2.57292e-07
-2.24934e-07
3.11241e-07
-2.33605e-07
3.81452e-07
-2.18745e-07
4.61733e-07
-1.83146e-07
5.75914e-07
-9.21008e-08
6.23687e-07
2.6799e-08
5.90787e-07
1.28172e-07
7.54243e-08
1.90913e-07
-1.50736e-06
-3.06853e-06
-1.2143e-08
9.60138e-08
-2.55883e-08
1.04502e-07
-3.95124e-08
1.09182e-07
-5.40178e-08
1.16255e-07
-6.91108e-08
1.25785e-07
-8.46921e-08
1.38072e-07
-1.00545e-07
1.53623e-07
-1.16272e-07
1.7316e-07
-1.31168e-07
1.97621e-07
-1.44069e-07
2.28218e-07
-1.53199e-07
2.66422e-07
-1.5345e-07
3.11492e-07
-1.46172e-07
3.74173e-07
-1.07136e-07
4.22697e-07
-5.37562e-08
5.22535e-07
3.82576e-08
5.31674e-07
1.44398e-07
4.84647e-07
1.92733e-07
2.70895e-08
5.32646e-08
-1.3679e-06
-3.01526e-06
-9.72335e-09
1.05737e-07
-2.08462e-08
1.15625e-07
-3.2405e-08
1.20741e-07
-4.44359e-08
1.28286e-07
-5.67192e-08
1.38068e-07
-6.89709e-08
1.50323e-07
-8.07225e-08
1.65374e-07
-9.13404e-08
1.83778e-07
-9.9865e-08
2.06146e-07
-1.04608e-07
2.32961e-07
-1.0519e-07
2.67004e-07
-9.14677e-08
2.9777e-07
-7.53644e-08
3.5807e-07
-3.18546e-08
3.79187e-07
2.92607e-08
4.61419e-07
1.15388e-07
4.45546e-07
1.95097e-07
4.04938e-07
2.33179e-07
-1.09925e-08
6.80571e-08
-1.20277e-06
-2.94721e-06
-7.02877e-09
1.12766e-07
-1.57273e-08
1.24323e-07
-2.49235e-08
1.29937e-07
-3.46015e-08
1.37963e-07
-4.43663e-08
1.47833e-07
-5.37182e-08
1.59675e-07
-6.20711e-08
1.73727e-07
-6.86482e-08
1.90356e-07
-7.27362e-08
2.10234e-07
-7.08394e-08
2.31064e-07
-6.78651e-08
2.6403e-07
-5.00781e-08
2.79983e-07
-2.78043e-08
3.35796e-07
1.233e-08
3.39053e-07
7.03563e-08
4.03393e-07
1.51019e-07
3.64883e-07
2.23523e-07
3.32434e-07
2.60529e-07
-4.79987e-08
1.92733e-07
-1.13498e-06
-2.75447e-06
-3.66568e-09
1.16432e-07
-9.94181e-09
1.30599e-07
-1.66574e-08
1.36653e-07
-2.47236e-08
1.4603e-07
-3.23665e-08
1.55476e-07
-3.96093e-08
1.66918e-07
-4.52429e-08
1.79361e-07
-4.84119e-08
1.93525e-07
-4.93672e-08
2.11189e-07
-4.30724e-08
2.24769e-07
-3.48588e-08
2.55816e-07
-1.58175e-08
2.60941e-07
1.2031e-08
3.07948e-07
5.15873e-08
2.99496e-07
9.83173e-08
3.56663e-07
1.6443e-07
2.98771e-07
2.1226e-07
2.84604e-07
2.18055e-07
-5.37938e-08
1.02498e-07
-1.01942e-06
-2.65198e-06
-2.22756e-10
1.16654e-07
-4.0699e-09
1.34446e-07
-8.94728e-09
1.4153e-07
-1.50344e-08
1.52117e-07
-2.10395e-08
1.61481e-07
-2.6291e-08
1.7217e-07
-3.03031e-08
1.83373e-07
-3.12234e-08
1.94445e-07
-3.07654e-08
2.10731e-07
-2.43942e-08
2.18398e-07
-1.43729e-08
2.45795e-07
-5.91981e-10
2.47161e-07
2.48452e-08
2.8251e-07
5.58643e-08
2.68477e-07
9.49814e-08
3.17546e-07
1.42602e-07
2.5115e-07
1.70956e-07
2.5625e-07
1.73e-07
-5.58371e-08
3.55493e-09
-8.49975e-07
-2.64842e-06
7.4968e-09
1.09158e-07
6.7694e-09
1.35174e-07
3.87121e-09
1.44428e-07
-3.64232e-09
1.5963e-07
-1.0156e-08
1.67995e-07
-1.6813e-08
1.78827e-07
-1.99537e-08
1.86514e-07
-1.97118e-08
1.94203e-07
-1.586e-08
2.06879e-07
-8.31825e-09
2.10856e-07
6.53845e-09
2.30938e-07
2.38851e-08
2.29814e-07
4.82456e-08
2.5815e-07
8.0591e-08
2.36132e-07
1.11786e-07
2.86351e-07
1.51592e-07
2.11344e-07
1.68035e-07
2.39807e-07
1.5576e-07
-4.35626e-08
4.33635e-08
-7.37579e-07
-2.60506e-06
1.26438e-08
9.65137e-08
9.33273e-09
1.38485e-07
5.56325e-09
1.48198e-07
2.2258e-09
1.62968e-07
-1.67118e-09
1.71892e-07
-4.25851e-09
1.81414e-07
-5.71181e-09
1.87967e-07
-6.57126e-09
1.95062e-07
-2.08431e-09
2.02392e-07
9.01158e-10
2.07871e-07
1.27986e-08
2.19041e-07
2.22819e-08
2.2033e-07
4.14678e-08
2.38964e-07
5.4409e-08
2.23191e-07
8.3658e-08
2.57102e-07
1.03268e-07
1.91734e-07
1.32026e-07
2.11048e-07
1.41434e-07
-5.29701e-08
8.31022e-08
-6.79247e-07
-2.52196e-06
3.92116e-08
5.73021e-08
4.90379e-08
1.28659e-07
4.42859e-08
1.5295e-07
2.45567e-08
1.82697e-07
9.55095e-09
1.86897e-07
-4.13278e-09
1.95098e-07
-8.99738e-09
1.92831e-07
-9.21109e-09
1.95276e-07
-1.86968e-09
1.95051e-07
5.93844e-09
2.00063e-07
2.25957e-08
2.02383e-07
3.8272e-08
2.04654e-07
6.31527e-08
2.14083e-07
8.76183e-08
1.98725e-07
1.16889e-07
2.27831e-07
1.36293e-07
1.7233e-07
1.47733e-07
1.99609e-07
8.31606e-08
1.1602e-08
9.42135e-09
-6.05508e-07
-2.51253e-06
5.38244e-08
3.47771e-09
1.95562e-08
1.62927e-07
1.02305e-08
1.62275e-07
1.4937e-08
1.77991e-07
1.3625e-08
1.88209e-07
1.35321e-08
1.95191e-07
1.24486e-08
1.93915e-07
1.14913e-08
1.96233e-07
1.54135e-08
1.91129e-07
1.90308e-08
1.96445e-07
2.74568e-08
1.93957e-07
3.03861e-08
2.01725e-07
4.40566e-08
2.00413e-07
3.19505e-08
2.10831e-07
5.38431e-08
2.05939e-07
1.60183e-08
2.10154e-07
7.06828e-08
1.44945e-07
6.11713e-08
2.11135e-08
-2.8799e-09
-5.41457e-07
-2.51541e-06
1.53737e-07
-1.5026e-07
1.47338e-07
1.69326e-07
1.10136e-07
1.99478e-07
3.49931e-08
2.53133e-07
-7.85438e-09
2.31057e-07
-3.12084e-08
2.18545e-07
-3.3657e-08
1.96364e-07
-2.84014e-08
1.90978e-07
-1.59663e-08
1.78694e-07
-4.88812e-09
1.85367e-07
1.67114e-08
1.72358e-07
2.8703e-08
1.89733e-07
5.93088e-08
1.69807e-07
6.96421e-08
2.00498e-07
1.21609e-07
1.53971e-07
1.24189e-07
2.07575e-07
1.37176e-07
1.31957e-07
3.37911e-09
1.5491e-07
-2.6159e-08
-5.11918e-07
-2.54157e-06
2.5783e-07
-4.0809e-07
1.51508e-07
2.75648e-07
1.66278e-07
1.84708e-07
1.62412e-07
2.56999e-07
1.26631e-07
2.66838e-07
9.31758e-08
2.52e-07
7.57336e-08
2.13806e-07
6.38448e-08
2.02867e-07
6.27139e-08
1.79825e-07
6.51572e-08
1.82924e-07
7.13603e-08
1.66155e-07
7.23004e-08
1.88793e-07
8.34885e-08
1.58619e-07
6.02279e-08
2.23759e-07
3.67969e-08
1.77402e-07
-3.37027e-08
2.78075e-07
8.07494e-08
1.75054e-08
4.16721e-08
1.93988e-07
4.60368e-08
-5.16283e-07
-2.49554e-06
8.46952e-08
-4.92785e-07
-1.98153e-07
5.58496e-07
-3.28068e-07
3.14623e-07
-3.28971e-07
2.57902e-07
-3.22405e-07
2.60272e-07
-2.75061e-07
2.04656e-07
-2.37493e-07
1.76238e-07
-2.04185e-07
1.69559e-07
-1.66385e-07
1.42024e-07
-1.37911e-07
1.54451e-07
-1.08102e-07
1.36345e-07
-8.24766e-08
1.63168e-07
-5.63699e-08
1.32512e-07
-5.46408e-08
2.22029e-07
3.58398e-08
8.69217e-08
-4.33334e-08
3.57248e-07
1.24796e-07
-1.50624e-07
1.26419e-07
1.92365e-07
3.32217e-08
-4.23086e-07
-2.46231e-06
-1.65167e-08
-4.76268e-07
3.97821e-07
1.44159e-07
3.88242e-07
3.24201e-07
4.40069e-07
2.06074e-07
5.07114e-07
1.93227e-07
5.36886e-07
1.74885e-07
5.70502e-07
1.42622e-07
5.50521e-07
1.8954e-07
5.58374e-07
1.34171e-07
5.23743e-07
1.89082e-07
5.12326e-07
1.47762e-07
4.75423e-07
2.00071e-07
4.61021e-07
1.46914e-07
4.51956e-07
2.31094e-07
4.95701e-07
4.31768e-08
3.56246e-07
4.96702e-07
2.5877e-07
-5.31481e-08
1.65125e-07
2.8601e-07
2.48438e-07
-5.06399e-07
-2.21388e-06
-8.49409e-07
3.73141e-07
-9.62942e-07
2.57692e-07
-8.78985e-07
2.40244e-07
-8.57787e-07
1.84877e-07
-8.23014e-07
1.58454e-07
-7.88098e-07
1.39968e-07
-7.854e-07
1.39924e-07
-7.50113e-07
1.54253e-07
-7.18785e-07
1.02842e-07
-6.4897e-07
1.19266e-07
-6.0961e-07
1.08403e-07
-5.26308e-07
1.1677e-07
-4.65514e-07
8.61201e-08
-3.25501e-07
9.10814e-08
-3.40493e-07
5.81691e-08
-3.00793e-08
1.86288e-07
-4.19171e-09
-7.90357e-08
2.80164e-07
1.65467e-09
6.67477e-07
-8.93712e-07
-1.5464e-06
3.73141e-07
6.30833e-07
8.71077e-07
1.05595e-06
1.21441e-06
1.35438e-06
1.4943e-06
1.64855e-06
1.7514e-06
1.87066e-06
1.97906e-06
2.09583e-06
2.18195e-06
2.27304e-06
2.3312e-06
2.51749e-06
2.43846e-06
2.44011e-06
1.5464e-06
)
;

boundaryField
{
    movingWall
    {
        type            calculated;
        value           uniform 0;
    }
    fixedWalls
    {
        type            calculated;
        value           uniform 0;
    }
    frontAndBack
    {
        type            empty;
        value           nonuniform 0();
    }
}


// ************************************************************************* //
