/*--------------------------------*- C++ -*----------------------------------*\
| =========                 |                                                 |
| \\      /  F ield         | OpenFOAM: The Open Source CFD Toolbox           |
|  \\    /   O peration     | Version:  5.x                                   |
|   \\  /    A nd           | Web:      www.OpenFOAM.org                      |
|    \\/     M anipulation  |                                                 |
\*---------------------------------------------------------------------------*/
FoamFile
{
    version     2.0;
    format      ascii;
    class       volScalarField;
    location    "0.6";
    object      p;
}
// * * * * * * * * * * * * * * * * * * * * * * * * * * * * * * * * * * * * * //

dimensions      [0 2 -2 0 0 0 0];

internalField   nonuniform List<scalar> 
400
(
-9.21997e-12
3.87574e-07
1.16263e-06
2.30639e-06
3.7925e-06
5.58667e-06
7.6475e-06
9.92736e-06
1.23733e-05
1.4928e-05
1.75309e-05
2.01192e-05
2.26292e-05
2.49975e-05
2.71628e-05
2.90674e-05
3.06591e-05
3.1893e-05
3.27338e-05
3.31557e-05
-3.89791e-07
6.69572e-09
7.9955e-07
1.96951e-06
3.48958e-06
5.32467e-06
7.4325e-06
9.76449e-06
1.22667e-05
1.48807e-05
1.75449e-05
2.01952e-05
2.27665e-05
2.5194e-05
2.74149e-05
2.93695e-05
3.1004e-05
3.22719e-05
3.31361e-05
3.35699e-05
-1.18822e-06
-7.73452e-07
5.59399e-08
1.27964e-06
2.8693e-06
4.78818e-06
6.99217e-06
9.43073e-06
1.20479e-05
1.47831e-05
1.75725e-05
2.03495e-05
2.30464e-05
2.55954e-05
2.79302e-05
2.99879e-05
3.17107e-05
3.30485e-05
3.39613e-05
3.44197e-05
-2.41321e-06
-1.97031e-06
-1.08475e-06
2.21477e-07
1.91786e-06
3.96508e-06
6.31618e-06
8.91765e-06
1.17104e-05
1.46308e-05
1.76116e-05
2.05826e-05
2.34722e-05
2.6208e-05
2.87187e-05
3.09357e-05
3.27957e-05
3.42426e-05
3.52312e-05
3.57282e-05
-4.0942e-06
-3.61254e-06
-2.64965e-06
-1.22999e-06
6.12802e-07
2.83573e-06
5.38789e-06
8.21169e-06
1.1244e-05
1.44169e-05
1.7659e-05
2.08954e-05
2.40491e-05
2.7042e-05
2.9796e-05
3.22346e-05
3.42862e-05
3.58863e-05
3.69818e-05
3.75334e-05
-6.27172e-06
-5.7395e-06
-4.67587e-06
-3.10882e-06
-1.07635e-06
1.37357e-06
4.18478e-06
7.29444e-06
1.06343e-05
1.41315e-05
1.77094e-05
2.12877e-05
2.47833e-05
2.81105e-05
3.11827e-05
3.39132e-05
3.62191e-05
3.80239e-05
3.92633e-05
3.98885e-05
-8.99879e-06
-8.40253e-06
-7.21159e-06
-5.45897e-06
-3.18862e-06
-4.55225e-07
2.67826e-06
6.14249e-06
9.86305e-06
1.37614e-05
1.77553e-05
2.17585e-05
2.56807e-05
2.94282e-05
3.29035e-05
3.60075e-05
3.86418e-05
4.07137e-05
4.21425e-05
4.28653e-05
-1.23428e-05
-1.16666e-05
-1.03173e-05
-8.33508e-06
-5.77211e-06
-2.692e-06
8.3358e-07
4.72726e-06
8.90759e-06
1.32898e-05
1.77858e-05
2.23038e-05
2.67462e-05
3.10102e-05
3.49864e-05
3.85599e-05
4.16129e-05
4.40298e-05
4.57064e-05
4.65582e-05
-1.63881e-05
-1.56125e-05
-1.40675e-05
-1.18036e-05
-8.88448e-06
-5.38566e-06
-1.39006e-06
3.01522e-06
7.74079e-06
1.26955e-05
1.7786e-05
2.29158e-05
2.79809e-05
3.28697e-05
3.746e-05
4.16184e-05
4.52021e-05
4.80644e-05
5.00666e-05
5.10908e-05
-2.12401e-05
-2.034e-05
-1.85531e-05
-1.59442e-05
-1.25934e-05
-8.59246e-06
-4.03889e-06
9.68471e-07
6.33144e-06
1.19529e-05
1.77354e-05
2.35802e-05
2.93795e-05
3.50144e-05
4.03504e-05
4.52335e-05
4.94897e-05
5.29303e-05
5.53654e-05
5.6626e-05
-2.70311e-05
-2.59726e-05
-2.38841e-05
-2.08508e-05
-1.69765e-05
-1.23751e-05
-7.16315e-06
-1.45377e-06
4.64532e-06
1.10321e-05
1.76077e-05
2.42744e-05
3.09257e-05
3.74405e-05
4.36744e-05
4.94523e-05
5.45635e-05
5.87632e-05
6.17848e-05
6.33821e-05
-3.393e-05
-3.2663e-05
-3.01943e-05
-2.66339e-05
-2.21212e-05
-1.68008e-05
-1.08141e-05
-4.29198e-06
2.64763e-06
9.90004e-06
1.73693e-05
2.49647e-05
3.2588e-05
4.01246e-05
4.7429e-05
5.43086e-05
6.05113e-05
6.57215e-05
6.95555e-05
7.16605e-05
-4.21557e-05
-4.06023e-05
-3.76471e-05
-3.34216e-05
-2.8123e-05
-2.19368e-05
-1.50382e-05
-7.58099e-06
3.07361e-07
8.52312e-06
1.69803e-05
2.56031e-05
3.43129e-05
4.30148e-05
5.15764e-05
5.9803e-05
6.74047e-05
7.39816e-05
7.89666e-05
8.18918e-05
-5.20252e-05
-5.00355e-05
-4.64451e-05
-4.13624e-05
-3.50817e-05
-2.78433e-05
-1.98714e-05
-1.13444e-05
-2.39762e-06
6.87167e-06
1.63958e-05
2.61258e-05
3.60179e-05
4.60159e-05
5.60247e-05
6.58738e-05
7.5264e-05
8.37187e-05
9.03651e-05
9.47194e-05
-6.38303e-05
-6.12485e-05
-5.68371e-05
-5.06241e-05
-4.30926e-05
-3.45653e-05
-2.53267e-05
-1.55822e-05
-5.47013e-06
4.92704e-06
1.55704e-05
2.64534e-05
3.75845e-05
4.8973e-05
6.05965e-05
7.23548e-05
8.39917e-05
9.50584e-05
0.000104132
0.00011113
-7.89932e-05
-7.47804e-05
-6.92022e-05
-6.13979e-05
-5.22408e-05
-4.21123e-05
-3.13739e-05
-2.02525e-05
-8.87825e-06
2.69451e-06
1.44711e-05
2.64951e-05
3.88559e-05
5.16574e-05
6.49944e-05
7.89073e-05
9.32681e-05
0.000107913
0.000120453
0.000132857
-9.33257e-05
-9.03184e-05
-8.37495e-05
-7.38633e-05
-6.25684e-05
-5.04311e-05
-3.79151e-05
-2.52509e-05
-1.25412e-05
2.10663e-07
1.30696e-05
2.61554e-05
3.96373e-05
5.37419e-05
6.8727e-05
8.48389e-05
0.000102176
0.000121701
0.000137836
0.000161042
-0.000127847
-0.000110862
-0.000102623
-8.83559e-05
-7.39732e-05
-5.9267e-05
-4.4671e-05
-3.03359e-05
-1.62745e-05
-2.40373e-06
1.14263e-05
2.54204e-05
3.97909e-05
5.49853e-05
7.15718e-05
9.04555e-05
0.000112185
0.000140587
0.000164612
0.000206926
-0.000142776
-0.000140466
-0.00012393
-0.000106364
-8.74682e-05
-6.9091e-05
-5.18378e-05
-3.55863e-05
-2.01292e-05
-5.22732e-06
9.37503e-06
2.39471e-05
3.87534e-05
5.41547e-05
7.03964e-05
8.84432e-05
0.000106522
0.000140465
0.000149571
0.000233583
-0.000248259
-0.000151842
-0.000140818
-0.000117239
-9.43281e-05
-7.42523e-05
-5.57671e-05
-3.85251e-05
-2.23277e-05
-6.8827e-06
8.1143e-06
2.29749e-05
3.81004e-05
5.41166e-05
7.15821e-05
9.45085e-05
0.000120183
0.000175721
0.000230907
0.000411928
)
;

boundaryField
{
    movingWall
    {
        type            zeroGradient;
    }
    fixedWalls
    {
        type            zeroGradient;
    }
    frontAndBack
    {
        type            empty;
    }
}


// ************************************************************************* //
