/*--------------------------------*- C++ -*----------------------------------*\
| =========                 |                                                 |
| \\      /  F ield         | OpenFOAM: The Open Source CFD Toolbox           |
|  \\    /   O peration     | Version:  5.x                                   |
|   \\  /    A nd           | Web:      www.OpenFOAM.org                      |
|    \\/     M anipulation  |                                                 |
\*---------------------------------------------------------------------------*/
FoamFile
{
    version     2.0;
    format      ascii;
    class       surfaceScalarField;
    location    "0.6";
    object      phi;
}
// * * * * * * * * * * * * * * * * * * * * * * * * * * * * * * * * * * * * * //

dimensions      [0 3 -1 0 0 0 0];

internalField   nonuniform List<scalar> 
760
(
-2.42293e-09
2.42293e-09
-4.80724e-09
2.38431e-09
-7.07069e-09
2.26345e-09
-9.15755e-09
2.08686e-09
-1.10176e-08
1.86009e-09
-1.26073e-08
1.5897e-09
-1.38902e-08
1.28284e-09
-1.48371e-08
9.46942e-10
-1.54266e-08
5.89508e-10
-1.56446e-08
2.18022e-10
-1.54846e-08
-1.60071e-10
-1.49476e-08
-5.36974e-10
-1.40428e-08
-9.04819e-10
-1.27875e-08
-1.25524e-09
-1.1208e-08
-1.57949e-09
-9.3395e-09
-1.86854e-09
-7.2261e-09
-2.11341e-09
-4.92042e-09
-2.30568e-09
-2.48236e-09
-2.43806e-09
-2.48236e-09
-2.50629e-09
4.92922e-09
-4.97201e-09
4.85003e-09
-7.31182e-09
4.60326e-09
-9.46796e-09
4.243e-09
-1.13887e-08
3.78086e-09
-1.30295e-08
3.23044e-09
-1.43531e-08
2.60645e-09
-1.53302e-08
1.92404e-09
-1.5939e-08
1.19835e-09
-1.61654e-08
4.44401e-10
-1.60025e-08
-3.22987e-10
-1.54513e-08
-1.08822e-09
-1.45204e-08
-1.83562e-09
-1.32273e-08
-2.54838e-09
-1.1598e-08
-3.20877e-09
-9.66822e-09
-3.79834e-09
-7.48307e-09
-4.29856e-09
-5.09685e-09
-4.6919e-09
-2.57188e-09
-4.96302e-09
-5.05425e-09
-2.63072e-09
7.55994e-09
-5.21771e-09
7.43702e-09
-7.67054e-09
7.05608e-09
-9.92838e-09
6.50084e-09
-1.19374e-08
5.78992e-09
-1.36518e-08
4.94485e-09
-1.5034e-08
3.98863e-09
-1.60545e-08
2.94456e-09
-1.66917e-08
1.83555e-09
-1.69314e-08
6.84063e-10
-1.67664e-08
-4.88004e-10
-1.61971e-08
-1.65753e-09
-1.52314e-08
-2.80131e-09
-1.38856e-08
-3.89415e-09
-1.21853e-08
-4.90905e-09
-1.01662e-08
-5.8175e-09
-7.87437e-09
-6.59038e-09
-5.36659e-09
-7.19968e-09
-2.70904e-09
-7.62057e-09
-7.76329e-09
-2.82278e-09
1.03827e-08
-5.59657e-09
1.02108e-08
-8.22285e-09
9.68236e-09
-1.0636e-08
8.914e-09
-1.27792e-08
7.93307e-09
-1.46049e-08
6.77057e-09
-1.60752e-08
5.45893e-09
-1.71609e-08
4.03026e-09
-1.78408e-08
2.51543e-09
-1.81008e-08
9.44067e-10
-1.79333e-08
-6.55423e-10
-1.73379e-08
-2.25294e-09
-1.63209e-08
-3.81835e-09
-1.48968e-08
-5.31823e-09
-1.30898e-08
-6.71605e-09
-1.09351e-08
-7.97224e-09
-8.48003e-09
-9.0454e-09
-5.78494e-09
-9.89476e-09
-2.92207e-09
-1.04834e-08
-1.06854e-08
-3.08944e-09
1.34722e-08
-6.12179e-09
1.32432e-08
-8.98679e-09
1.25474e-08
-1.16121e-08
1.15393e-08
-1.39369e-08
1.02578e-08
-1.59121e-08
8.74579e-09
-1.75e-08
7.04675e-09
-1.86723e-08
5.20257e-09
-1.9409e-08
3.25217e-09
-1.96968e-08
1.23185e-09
-1.95276e-08
-8.24573e-10
-1.88995e-08
-2.88105e-09
-1.78163e-08
-4.90158e-09
-1.62894e-08
-6.84509e-09
-1.43402e-08
-8.66526e-09
-1.20023e-08
-1.03102e-08
-9.32386e-09
-1.17238e-08
-6.36964e-09
-1.2849e-08
-3.22043e-09
-1.36327e-08
-1.39058e-08
-3.44101e-09
1.69132e-08
-6.81268e-09
1.66148e-08
-9.98835e-09
1.5723e-08
-1.28868e-08
1.44378e-08
-1.54425e-08
1.28135e-08
-1.76054e-08
1.09087e-08
-1.93393e-08
8.78061e-09
-2.06186e-08
6.48185e-09
-2.14258e-08
4.05943e-09
-2.17492e-08
1.55521e-09
-2.15805e-08
-9.9328e-10
-2.09155e-08
-3.54599e-09
-1.97542e-08
-6.0629e-09
-1.81028e-08
-8.49649e-09
-1.59773e-08
-1.07908e-08
-1.34074e-08
-1.28801e-08
-1.04409e-08
-1.46903e-08
-7.14716e-09
-1.61427e-08
-3.61843e-09
-1.71614e-08
-1.75242e-08
-3.8925e-09
2.08057e-08
-7.69699e-09
2.04193e-08
-1.12642e-08
1.92902e-08
-1.45015e-08
1.76751e-08
-1.73386e-08
1.56507e-08
-1.97263e-08
1.32965e-08
-2.16323e-08
1.06866e-08
-2.30365e-08
7.88608e-09
-2.39265e-08
4.94937e-09
-2.42935e-08
1.92218e-09
-2.41295e-08
-1.15719e-09
-2.34275e-08
-4.24802e-09
-2.21812e-08
-7.30918e-09
-2.03885e-08
-1.02892e-08
-1.8056e-08
-1.31233e-08
-1.52055e-08
-1.57307e-08
-1.18811e-08
-1.80147e-08
-8.15626e-09
-1.98675e-08
-4.13741e-09
-2.11802e-08
-2.16616e-08
-4.46583e-09
2.52715e-08
-8.81439e-09
2.47679e-08
-1.28655e-08
2.33413e-08
-1.65124e-08
2.1322e-08
-1.96814e-08
1.88196e-08
-2.23273e-08
1.59423e-08
-2.44264e-08
1.27858e-08
-2.59688e-08
9.42843e-09
-2.69506e-08
5.93121e-09
-2.73689e-08
2.34046e-09
-2.72171e-08
-1.30895e-09
-2.64838e-08
-4.98141e-09
-2.51539e-08
-8.63905e-09
-2.32121e-08
-1.2231e-08
-2.06494e-08
-1.5686e-08
-1.74725e-08
-1.89076e-08
-1.37159e-08
-2.17713e-08
-9.45366e-09
-2.41297e-08
-4.80935e-09
-2.58245e-08
-2.6471e-08
-5.19356e-09
3.04651e-08
-1.02223e-08
2.97966e-08
-1.48641e-08
2.79831e-08
-1.89959e-08
2.54538e-08
-2.25437e-08
2.23675e-08
-2.54732e-08
1.88718e-08
-2.7777e-08
1.50896e-08
-2.94622e-08
1.11136e-08
-3.05395e-08
7.00854e-09
-3.10156e-08
2.81655e-09
-3.08873e-08
-1.43721e-09
-3.01373e-08
-5.73143e-09
-2.87382e-08
-1.00381e-08
-2.66547e-08
-1.43145e-08
-2.38526e-08
-1.84882e-08
-2.03122e-08
-2.24479e-08
-1.60468e-08
-2.60368e-08
-1.11234e-08
-2.90531e-08
-5.68347e-09
-3.12645e-08
-3.21545e-08
-6.12572e-09
3.65908e-08
-1.20053e-08
3.56762e-08
-1.73621e-08
3.33399e-08
-2.20557e-08
3.01474e-08
-2.60201e-08
2.63319e-08
-2.92434e-08
2.20952e-08
-3.17466e-08
1.75928e-08
-3.35648e-08
1.29317e-08
-3.47317e-08
8.17546e-09
-3.52691e-08
3.35398e-09
-3.51805e-08
-1.52586e-09
-3.44417e-08
-6.47018e-09
-3.30078e-08
-1.1472e-08
-3.08147e-08
-1.65076e-08
-2.77891e-08
-2.15137e-08
-2.38672e-08
-2.63698e-08
-1.90208e-08
-3.08831e-08
-1.32928e-08
-3.47811e-08
-6.83842e-09
-3.77189e-08
-3.89929e-08
-7.34218e-09
4.39329e-08
-1.4291e-08
4.2625e-08
-2.05064e-08
3.95553e-08
-2.58341e-08
3.54751e-08
-3.02329e-08
3.07307e-08
-3.37331e-08
2.55954e-08
-3.6403e-08
2.02626e-08
-3.83211e-08
1.48498e-08
-3.95562e-08
9.41056e-09
-4.01529e-08
3.95073e-09
-4.01253e-08
-1.5535e-09
-3.94434e-08
-7.15207e-09
-3.80393e-08
-1.28761e-08
-3.58073e-08
-1.87396e-08
-3.26171e-08
-2.47039e-08
-2.83336e-08
-3.06534e-08
-2.28533e-08
-3.63635e-08
-1.61593e-08
-4.14751e-08
-8.40585e-09
-4.54723e-08
-4.73987e-08
-8.97652e-09
5.29095e-08
-1.72763e-08
5.09248e-08
-2.45126e-08
4.67916e-08
-3.05281e-08
4.14906e-08
-3.53404e-08
3.5543e-08
-3.9055e-08
2.931e-08
-4.18147e-08
2.30223e-08
-4.37636e-08
1.67987e-08
-4.5022e-08
1.0669e-08
-4.56672e-08
4.5959e-09
-4.57276e-08
-1.49314e-09
-4.51699e-08
-7.70977e-09
-4.39004e-08
-1.41456e-08
-4.17611e-08
-2.08789e-08
-3.85363e-08
-2.79287e-08
-3.39812e-08
-3.52084e-08
-2.78635e-08
-4.24812e-08
-2.00369e-08
-4.93016e-08
-1.06173e-08
-5.4892e-08
-5.8016e-08
-1.12607e-08
6.41702e-08
-2.12728e-08
6.09369e-08
-2.97003e-08
5.52192e-08
-3.6411e-08
4.82013e-08
-4.15464e-08
4.06783e-08
-4.53357e-08
3.30993e-08
-4.80401e-08
2.57268e-08
-4.99011e-08
1.86597e-08
-5.11057e-08
1.18735e-08
-5.17741e-08
5.26426e-09
-5.19541e-08
-1.31311e-09
-5.1614e-08
-8.0499e-09
-5.06348e-08
-1.51247e-08
-4.87998e-08
-2.27139e-08
-4.5787e-08
-3.09415e-08
-4.11787e-08
-3.98167e-08
-3.45293e-08
-4.91307e-08
-2.54374e-08
-5.83935e-08
-1.38997e-08
-6.64297e-08
-7.19156e-08
-1.46365e-08
7.88067e-08
-2.67887e-08
7.30891e-08
-3.65498e-08
6.49802e-08
-4.38626e-08
5.55142e-08
-4.90995e-08
4.59152e-08
-5.27017e-08
3.67016e-08
-5.51147e-08
2.81398e-08
-5.67031e-08
2.02481e-08
-5.77339e-08
1.29044e-08
-5.83781e-08
5.90837e-09
-5.87102e-08
-9.8094e-10
-5.87078e-08
-8.05233e-09
-5.82354e-08
-1.55971e-08
-5.70215e-08
-2.39278e-08
-5.46261e-08
-3.3337e-08
-5.04122e-08
-4.40306e-08
-4.35667e-08
-5.59762e-08
-3.32099e-08
-6.87503e-08
-1.90769e-08
-8.05627e-08
-9.09926e-08
-1.97757e-08
9.85824e-08
-3.46077e-08
8.7921e-08
-4.57717e-08
7.61442e-08
-5.33877e-08
6.31301e-08
-5.82818e-08
5.08093e-08
-6.12663e-08
3.9686e-08
-6.3027e-08
2.99005e-08
-6.40739e-08
2.1295e-08
-6.4759e-08
1.35895e-08
-6.53027e-08
6.45211e-09
-6.58122e-08
-4.7148e-10
-6.62869e-08
-7.57766e-09
-6.65981e-08
-1.52858e-08
-6.6447e-08
-2.40789e-08
-6.52927e-08
-3.44912e-08
-6.2255e-08
-4.70684e-08
-5.60302e-08
-6.2201e-08
-4.47723e-08
-8.00081e-08
-2.7791e-08
-9.75441e-08
-1.18784e-07
-2.92461e-08
1.27829e-07
-4.63301e-08
1.05005e-07
-5.84834e-08
8.82975e-08
-6.56271e-08
7.02739e-08
-6.93922e-08
5.45744e-08
-7.10819e-08
4.13757e-08
-7.16735e-08
3.04922e-08
-7.182e-08
2.14415e-08
-7.19394e-08
1.37089e-08
-7.22793e-08
6.79202e-09
-7.29673e-08
2.16485e-10
-7.40506e-08
-6.49434e-09
-7.54538e-08
-1.38827e-08
-7.69246e-08
-2.2608e-08
-7.79013e-08
-3.35146e-08
-7.73021e-08
-4.76676e-08
-7.32993e-08
-6.62037e-08
-6.22838e-08
-9.10237e-08
-4.37196e-08
-1.16108e-07
-1.62503e-07
-3.8676e-08
1.66505e-07
-6.18496e-08
1.28179e-07
-7.56978e-08
1.02146e-07
-8.1257e-08
7.58331e-08
-8.26341e-08
5.59516e-08
-8.20441e-08
4.07857e-08
-8.07975e-08
2.92455e-08
-7.96292e-08
2.02732e-08
-7.8934e-08
1.30137e-08
-7.89281e-08
6.78609e-09
-7.97805e-08
1.0689e-09
-8.15468e-08
-4.72805e-09
-8.42976e-08
-1.11319e-08
-8.79536e-08
-1.89521e-08
-9.21645e-08
-2.93036e-08
-9.58346e-08
-4.39975e-08
-9.70874e-08
-6.49509e-08
-8.83624e-08
-9.97487e-08
-7.26376e-08
-1.31833e-07
-2.35141e-07
-8.34266e-08
2.49931e-07
-9.58e-08
1.40552e-07
-1.01494e-07
1.0784e-07
-1.01497e-07
7.58366e-08
-9.79819e-08
5.24361e-08
-9.37349e-08
3.65387e-08
-8.99112e-08
2.54217e-08
-8.70117e-08
1.73737e-08
-8.52666e-08
1.12686e-08
-8.48005e-08
6.32004e-09
-8.56499e-08
1.91823e-09
-8.81031e-08
-2.27487e-09
-9.23852e-08
-6.84974e-09
-9.88231e-08
-1.25142e-08
-1.0793e-07
-2.01963e-08
-1.19359e-07
-3.25692e-08
-1.32963e-07
-5.13469e-08
-1.36053e-07
-9.66583e-08
-1.26973e-07
-1.40913e-07
-3.62114e-07
-1.64725e-07
4.14656e-07
-1.60134e-07
1.35961e-07
-1.51787e-07
9.94926e-08
-1.35927e-07
5.99769e-08
-1.20163e-07
3.66721e-08
-1.07646e-07
2.40209e-08
-9.839e-08
1.6166e-08
-9.19071e-08
1.08909e-08
-8.77834e-08
7.14486e-09
-8.57456e-08
4.28218e-09
-8.57018e-08
1.87442e-09
-8.75811e-08
-3.95489e-10
-9.15788e-08
-2.85209e-09
-9.77231e-08
-6.36988e-09
-1.06204e-07
-1.17149e-08
-1.15301e-07
-2.34722e-08
-1.25232e-07
-4.14161e-08
-1.25445e-07
-9.64454e-08
-1.07953e-07
-1.58405e-07
-4.70067e-07
4.14656e-07
5.50617e-07
6.5011e-07
7.10087e-07
7.46759e-07
7.7078e-07
7.86946e-07
7.97837e-07
8.04982e-07
8.09264e-07
8.11138e-07
8.10743e-07
8.07891e-07
8.01521e-07
7.89806e-07
7.66334e-07
7.24917e-07
6.28472e-07
4.70067e-07
)
;

boundaryField
{
    movingWall
    {
        type            calculated;
        value           uniform 0;
    }
    fixedWalls
    {
        type            calculated;
        value           uniform 0;
    }
    frontAndBack
    {
        type            empty;
        value           nonuniform 0();
    }
}


// ************************************************************************* //
