/*--------------------------------*- C++ -*----------------------------------*\
| =========                 |                                                 |
| \\      /  F ield         | OpenFOAM: The Open Source CFD Toolbox           |
|  \\    /   O peration     | Version:  5.x                                   |
|   \\  /    A nd           | Web:      www.OpenFOAM.org                      |
|    \\/     M anipulation  |                                                 |
\*---------------------------------------------------------------------------*/
FoamFile
{
    version     2.0;
    format      ascii;
    class       surfaceScalarField;
    location    "11.8";
    object      phi;
}
// * * * * * * * * * * * * * * * * * * * * * * * * * * * * * * * * * * * * * //

dimensions      [0 3 -1 0 0 0 0];

internalField   nonuniform List<scalar> 
760
(
-9.6006e-07
9.60061e-07
-1.78943e-06
8.29375e-07
-2.05997e-06
2.70535e-07
-2.28319e-06
2.23217e-07
-2.31978e-06
3.65915e-08
-2.38228e-06
6.25064e-08
-2.39034e-06
8.05069e-09
-2.40195e-06
1.16139e-08
-2.37714e-06
-2.48099e-08
-2.37225e-06
-4.89392e-09
-2.39557e-06
2.33278e-08
-2.38873e-06
-6.8417e-09
-2.43493e-06
4.62005e-08
-2.41684e-06
-1.80959e-08
-2.42097e-06
4.13486e-09
-2.33129e-06
-8.96794e-08
-2.24375e-06
-8.75446e-08
-1.92303e-06
-3.20714e-07
-1.23708e-06
-6.8595e-07
-1.23708e-06
-7.25247e-07
1.68531e-06
-9.379e-07
1.04203e-06
-1.04191e-06
3.74546e-07
-1.0435e-06
2.24807e-07
-1.06154e-06
5.46286e-08
-1.05264e-06
5.36074e-08
-1.04038e-06
-4.211e-09
-1.03124e-06
2.48121e-09
-1.02897e-06
-2.70848e-08
-9.96839e-07
-3.70244e-08
-9.7586e-07
2.34823e-09
-9.49377e-07
-3.33238e-08
-9.34267e-07
3.10902e-08
-9.27971e-07
-2.43923e-08
-9.80841e-07
5.70048e-08
-1.03384e-06
-3.66839e-08
-1.08615e-06
-3.52272e-08
-1.06724e-06
-3.39631e-07
-9.48357e-07
-8.04829e-07
-2.18544e-06
-3.22783e-07
2.00809e-06
-3.98138e-07
1.11738e-06
-3.76181e-07
3.52589e-07
-3.53079e-07
2.01705e-07
-3.34683e-07
3.62324e-08
-3.23006e-07
4.19303e-08
-2.98023e-07
-2.91933e-08
-2.86322e-07
-9.2201e-09
-2.70259e-07
-4.3148e-08
-2.56119e-07
-5.11648e-08
-2.27206e-07
-2.65646e-08
-2.26228e-07
-3.43018e-08
-2.05542e-07
1.0404e-08
-2.3404e-07
4.10564e-09
-2.60133e-07
8.30984e-08
-2.91358e-07
-5.45944e-09
-2.36349e-07
-9.02361e-08
-1.24018e-07
-4.51961e-07
-2.23295e-07
-7.05553e-07
-2.40873e-06
-9.63303e-08
2.10442e-06
-1.55579e-07
1.17663e-06
-1.33455e-07
3.30464e-07
-1.15702e-07
1.83952e-07
-1.64701e-07
8.52318e-08
-1.83478e-07
6.07067e-08
-2.00985e-07
-1.16862e-08
-2.12792e-07
2.58672e-09
-2.18238e-07
-3.77022e-08
-2.26395e-07
-4.30071e-08
-2.24026e-07
-2.89334e-08
-2.26613e-07
-3.17156e-08
-2.30001e-07
1.37922e-08
-2.04358e-07
-2.15367e-08
-1.85674e-07
6.44141e-08
-8.54867e-08
-1.05647e-07
-9.59172e-08
-7.98056e-08
-2.47905e-07
-2.99974e-07
-2.21859e-07
-7.31599e-07
-2.63059e-06
-9.69763e-08
2.2014e-06
-3.44984e-08
1.11415e-06
-2.91222e-08
3.25088e-07
-8.69833e-08
2.41813e-07
-1.65031e-07
1.63279e-07
-2.11366e-07
1.07042e-07
-2.36254e-07
1.32023e-08
-2.33686e-07
1.83613e-11
-2.13401e-07
-5.79872e-08
-1.96611e-07
-5.97972e-08
-1.60199e-07
-6.53445e-08
-1.20787e-07
-7.11276e-08
-7.07817e-08
-3.62136e-08
-1.10896e-08
-8.12288e-08
5.08804e-08
2.44412e-09
1.2672e-07
-1.81487e-07
1.13666e-07
-6.67509e-08
7.71613e-08
-2.63469e-07
3.50348e-08
-6.89472e-07
-2.59556e-06
3.39163e-09
2.19801e-06
-3.88029e-08
1.15635e-06
-1.21842e-07
4.08127e-07
-1.55304e-07
2.75275e-07
-2.15285e-07
2.2326e-07
-2.4851e-07
1.40267e-07
-2.62929e-07
2.76212e-08
-2.56508e-07
-6.40297e-09
-2.33893e-07
-8.06013e-08
-2.14028e-07
-7.96628e-08
-1.92074e-07
-8.72979e-08
-1.63997e-07
-9.92056e-08
-1.46903e-07
-5.3307e-08
-1.13427e-07
-1.14705e-07
-9.50222e-08
-1.59606e-08
-1.14267e-07
-1.62242e-07
-6.83878e-08
-1.1263e-07
-5.7419e-08
-2.74438e-07
-7.55208e-08
-6.7137e-07
-2.67108e-06
-1.16229e-08
2.20963e-06
5.51192e-08
1.08961e-06
-5.09495e-08
5.14195e-07
-1.76183e-07
4.00509e-07
-2.68924e-07
3.16001e-07
-3.21846e-07
1.93189e-07
-3.21265e-07
2.70399e-08
-3.01412e-07
-2.62556e-08
-2.48183e-07
-1.3383e-07
-2.09876e-07
-1.1797e-07
-1.51822e-07
-1.45352e-07
-1.08798e-07
-1.4223e-07
-4.88004e-08
-1.13304e-07
6.47518e-09
-1.69981e-07
5.28401e-08
-6.23255e-08
1.15451e-07
-2.24853e-07
1.03109e-07
-1.00288e-07
6.62458e-08
-2.37575e-07
2.55689e-08
-6.30694e-07
-2.64551e-06
7.02556e-08
2.13937e-06
6.71126e-08
1.09275e-06
-1.11985e-07
6.93293e-07
-3.0743e-07
5.95954e-07
-4.16023e-07
4.24593e-07
-4.46291e-07
2.23457e-07
-4.05138e-07
-1.41137e-08
-3.68997e-07
-6.23967e-08
-2.96242e-07
-2.06585e-07
-2.49394e-07
-1.64818e-07
-2.04743e-07
-1.90003e-07
-1.69528e-07
-1.77445e-07
-1.30152e-07
-1.5268e-07
-1.17792e-07
-1.8234e-07
-7.22656e-08
-1.07852e-07
-6.71123e-08
-2.30006e-07
-6.23469e-08
-1.05054e-07
3.93693e-10
-3.00315e-07
1.15458e-08
-6.41846e-07
-2.63397e-06
-6.64002e-08
2.20577e-06
-1.55479e-07
1.18183e-06
-3.03708e-07
8.41522e-07
-4.43636e-07
7.35883e-07
-6.08279e-07
5.89236e-07
-6.21859e-07
2.37037e-07
-5.12504e-07
-1.23469e-07
-3.95128e-07
-1.79773e-07
-2.67429e-07
-3.34284e-07
-2.29044e-07
-2.03203e-07
-1.53027e-07
-2.6602e-07
-1.22227e-07
-2.08245e-07
-6.8536e-08
-2.06372e-07
-6.14643e-08
-1.89412e-07
2.76046e-08
-1.96921e-07
1.2209e-07
-3.24492e-07
9.67067e-08
-7.96701e-08
6.67699e-08
-2.70378e-07
-1.56659e-08
-5.5941e-07
-2.64963e-06
-1.63214e-08
2.22209e-06
-1.39958e-07
1.30547e-06
-3.41817e-07
1.04338e-06
-6.44839e-07
1.0389e-06
-8.77485e-07
8.21882e-07
-9.11522e-07
2.71074e-07
-7.76165e-07
-2.58826e-07
-4.86103e-07
-4.69834e-07
-2.7902e-07
-5.41367e-07
-2.45592e-07
-2.36631e-07
-1.77072e-07
-3.34539e-07
-1.56326e-07
-2.28991e-07
-1.2026e-07
-2.42438e-07
-1.50379e-07
-1.59293e-07
-7.10271e-08
-2.76273e-07
-3.27823e-08
-3.62737e-07
-4.56382e-08
-6.68142e-08
1.46078e-08
-3.30624e-07
3.3809e-08
-5.78611e-07
-2.61582e-06
-2.88165e-08
2.25091e-06
-1.97824e-07
1.47447e-06
-5.54938e-07
1.40049e-06
-8.12614e-07
1.29658e-06
-8.9754e-07
9.06808e-07
-9.64975e-07
3.38509e-07
-8.61066e-07
-3.62735e-07
-5.40037e-07
-7.90863e-07
-2.51657e-07
-8.29747e-07
-1.4531e-07
-3.42978e-07
-4.96109e-08
-4.30239e-07
-5.57051e-08
-2.22897e-07
-9.79283e-08
-2.00215e-07
-1.84099e-07
-7.31223e-08
-9.48574e-08
-3.65515e-07
-1.14914e-07
-3.42681e-07
1.65327e-08
-1.9826e-07
1.37429e-07
-4.51521e-07
-1.90841e-08
-4.22098e-07
-2.63491e-06
-2.06192e-08
2.27153e-06
-2.04814e-07
1.65867e-06
-3.71416e-07
1.5671e-06
-5.06368e-07
1.43153e-06
-6.01305e-07
1.00175e-06
-6.89088e-07
4.26292e-07
-6.09516e-07
-4.42307e-07
-4.1933e-07
-9.8105e-07
-1.95823e-07
-1.05325e-06
-1.30572e-08
-5.25744e-07
1.71041e-08
-4.604e-07
-5.31134e-08
-1.52679e-07
-8.4805e-08
-1.68523e-07
-2.03377e-07
4.54497e-08
-1.59747e-07
-4.09145e-07
-1.70584e-07
-3.31843e-07
-1.46648e-07
-2.22197e-07
-7.87685e-08
-5.194e-07
3.29358e-08
-5.33802e-07
-2.60197e-06
1.62279e-07
2.10925e-06
9.36194e-08
1.72733e-06
-2.35906e-08
1.68431e-06
5.51309e-08
1.35281e-06
7.52611e-08
9.81615e-07
1.1084e-07
3.90714e-07
1.30757e-07
-4.62224e-07
5.33082e-08
-9.03601e-07
9.3151e-08
-1.0931e-06
3.43243e-07
-7.75836e-07
4.81927e-07
-5.99083e-07
4.03026e-07
-7.37786e-08
3.87343e-07
-1.5284e-07
4.22424e-07
1.03691e-08
2.24956e-07
-2.11677e-07
5.68079e-08
-1.63695e-07
-5.30973e-08
-1.12292e-07
-1.86296e-07
-3.86202e-07
-7.14822e-08
-6.48616e-07
-2.67345e-06
1.61318e-07
1.94793e-06
3.59767e-07
1.52888e-06
4.38298e-07
1.60577e-06
5.15171e-07
1.27594e-06
6.77502e-07
8.19285e-07
7.58205e-07
3.10011e-07
7.4993e-07
-4.5395e-07
7.34316e-07
-8.87986e-07
3.66168e-07
-7.24949e-07
2.32686e-07
-6.42355e-07
2.51729e-07
-6.18126e-07
4.4661e-07
-2.6866e-07
5.61236e-07
-2.67465e-07
7.225e-07
-1.50895e-07
6.04326e-07
-9.35031e-08
1.71068e-07
2.69563e-07
8.37762e-08
-2.5e-08
-1.56353e-10
-3.02269e-07
8.60006e-08
-7.34773e-07
-2.58745e-06
3.89425e-07
1.55851e-06
5.0954e-07
1.40876e-06
6.53872e-07
1.46144e-06
9.8713e-07
9.42681e-07
1.23705e-06
5.69361e-07
1.32439e-06
2.22674e-07
1.38267e-06
-5.12231e-07
1.38946e-06
-8.94778e-07
1.1006e-06
-4.36088e-07
5.49064e-07
-9.08174e-08
-1.52462e-08
-5.38153e-08
-1.50611e-07
-1.33296e-07
-1.4451e-07
-2.73566e-07
-1.42509e-07
-1.52896e-07
1.16093e-07
-3.52105e-07
1.28218e-07
2.57437e-07
3.49905e-07
-2.46687e-07
2.37678e-07
-1.90042e-07
-3.54362e-08
-4.61659e-07
-2.62289e-06
6.33688e-07
9.24821e-07
9.00851e-07
1.1416e-06
1.11437e-06
1.24793e-06
1.4601e-06
5.96951e-07
1.65098e-06
3.78476e-07
1.84366e-06
2.99931e-08
1.86019e-06
-5.28755e-07
1.62015e-06
-6.54737e-07
1.66247e-06
-4.78407e-07
1.79106e-06
-2.19416e-07
1.7799e-06
-4.26458e-08
1.44278e-06
2.03823e-07
1.06468e-06
1.04532e-07
6.75164e-07
2.36618e-07
2.2882e-07
9.42387e-08
1.04024e-07
3.82233e-07
1.98438e-07
-3.411e-07
1.33925e-07
-1.2553e-07
1.28744e-07
-4.56478e-07
-2.49414e-06
7.4715e-07
1.77671e-07
1.00249e-06
8.86255e-07
1.26683e-06
9.83595e-07
1.44977e-06
4.14004e-07
1.49401e-06
3.34235e-07
1.32056e-06
2.03452e-07
7.99789e-07
-7.98797e-09
2.68266e-07
-1.23215e-07
1.5037e-08
-2.25177e-07
1.7499e-08
-2.21878e-07
-2.06993e-08
-4.44752e-09
1.27432e-07
5.56917e-08
-1.26736e-08
2.44638e-07
-7.55212e-08
2.99466e-07
-3.88837e-08
5.76012e-08
-1.52315e-07
4.95664e-07
3.5468e-08
-5.28883e-07
-2.37815e-08
-6.62801e-08
-6.30877e-08
-4.17172e-07
-2.55723e-06
3.37783e-07
-1.60113e-07
8.8277e-07
3.41268e-07
1.18264e-06
6.83721e-07
1.27301e-06
3.2364e-07
1.39549e-06
2.11754e-07
1.46012e-06
1.38818e-07
1.3909e-06
6.1231e-08
1.26796e-06
-2.71042e-10
1.08547e-06
-4.26845e-08
8.95552e-07
-3.19634e-08
7.306e-07
1.60505e-07
7.21282e-07
6.50099e-08
7.58846e-07
2.07074e-07
6.93682e-07
3.6463e-07
8.44173e-07
-9.28907e-08
8.50694e-07
4.89144e-07
7.0497e-07
-3.83159e-07
4.08425e-07
2.30265e-07
2.88688e-07
-2.97434e-07
-2.26854e-06
-5.08402e-07
3.48289e-07
-3.93594e-07
2.26461e-07
-1.69673e-07
4.598e-07
-1.43813e-07
2.9778e-07
-1.50536e-07
2.18477e-07
-1.47327e-07
1.3561e-07
-2.03115e-07
1.17018e-07
-2.85775e-07
8.23897e-08
-4.1342e-07
8.49602e-08
-5.0101e-07
5.56261e-08
-4.07323e-07
6.68181e-08
-3.99411e-07
5.70978e-08
-2.44482e-07
5.21453e-08
-4.91654e-08
1.69314e-07
-2.9384e-07
1.51784e-07
6.77134e-08
1.2759e-07
-2.74496e-07
-4.09503e-08
2.74875e-08
-7.17184e-08
7.35282e-07
-1.00523e-06
-1.53326e-06
3.48289e-07
5.7475e-07
1.03455e-06
1.33233e-06
1.55081e-06
1.68642e-06
1.80343e-06
1.88582e-06
1.97078e-06
2.02641e-06
2.09323e-06
2.15033e-06
2.20247e-06
2.37179e-06
2.52357e-06
2.65116e-06
2.61021e-06
2.53849e-06
1.53326e-06
)
;

boundaryField
{
    movingWall
    {
        type            calculated;
        value           uniform 0;
    }
    fixedWalls
    {
        type            calculated;
        value           uniform 0;
    }
    frontAndBack
    {
        type            empty;
        value           nonuniform 0();
    }
}


// ************************************************************************* //
