/*--------------------------------*- C++ -*----------------------------------*\
| =========                 |                                                 |
| \\      /  F ield         | OpenFOAM: The Open Source CFD Toolbox           |
|  \\    /   O peration     | Version:  5.x                                   |
|   \\  /    A nd           | Web:      www.OpenFOAM.org                      |
|    \\/     M anipulation  |                                                 |
\*---------------------------------------------------------------------------*/
FoamFile
{
    version     2.0;
    format      ascii;
    class       volScalarField;
    location    "6.4";
    object      p;
}
// * * * * * * * * * * * * * * * * * * * * * * * * * * * * * * * * * * * * * //

dimensions      [0 2 -2 0 0 0 0];

internalField   nonuniform List<scalar> 
400
(
2.51149e-10
1.62493e-05
5.07373e-05
0.000101575
0.000143826
7.16135e-05
-0.000182278
-0.000475697
-0.000693922
-0.000911839
-0.0010005
-0.000916455
-0.000828237
-0.000707607
-0.000489494
-0.000279548
-0.000134065
6.35175e-05
0.000390223
0.00103398
-2.9319e-05
-2.23409e-05
-1.06361e-05
-2.40622e-06
-2.24623e-05
-0.0001478
-0.000364441
-0.000480757
-0.000625055
-0.000942824
-0.0011645
-0.00106009
-0.000916154
-0.00079958
-0.000593205
-0.000362665
-0.000262284
-0.000172279
-2.16518e-07
0.000445178
-7.09418e-05
-7.00856e-05
-7.09216e-05
-8.10543e-05
-0.000115085
-0.000198237
-0.000340239
-0.000525195
-0.000773241
-0.00103421
-0.00109096
-0.00100164
-0.000895192
-0.000752288
-0.000576858
-0.000404549
-0.00032895
-0.000261916
-0.000200459
4.94626e-05
-0.000116208
-0.0001194
-0.000127797
-0.000146661
-0.000184358
-0.000252179
-0.000360084
-0.000498214
-0.000651049
-0.000774601
-0.000844465
-0.000846599
-0.000786956
-0.000678797
-0.00056161
-0.000430019
-0.000382124
-0.000325331
-0.000317629
-0.000192117
-0.000159
-0.000164277
-0.000176197
-0.000198166
-0.000233925
-0.000291144
-0.000370609
-0.000465966
-0.000565382
-0.000653129
-0.000714865
-0.000721093
-0.000677024
-0.000601259
-0.000531203
-0.000438381
-0.000420649
-0.00035771
-0.000394471
-0.000311751
-0.000196433
-0.000202451
-0.000215363
-0.000236956
-0.000269381
-0.000314971
-0.000373136
-0.000439428
-0.000507182
-0.000564327
-0.000601958
-0.000603106
-0.000585589
-0.000539866
-0.000503448
-0.000431645
-0.000430778
-0.000360341
-0.00041245
-0.000337056
-0.000227782
-0.000233912
-0.000246536
-0.000266428
-0.000294319
-0.000330572
-0.000374018
-0.000421399
-0.000468761
-0.000508048
-0.000536394
-0.00054358
-0.000537988
-0.000502814
-0.000486747
-0.000426608
-0.00043996
-0.000365779
-0.000399341
-0.000359188
-0.000253088
-0.000259119
-0.000270958
-0.000288589
-0.000312021
-0.000340773
-0.000373924
-0.000408655
-0.000442855
-0.000470367
-0.000491435
-0.00049514
-0.000496237
-0.000467748
-0.000467774
-0.000413997
-0.000436312
-0.000365102
-0.000419529
-0.000357211
-0.000272593
-0.000278706
-0.000289979
-0.000305797
-0.000325655
-0.000348899
-0.000374602
-0.000400753
-0.000426151
-0.000446669
-0.000463474
-0.000468495
-0.00047328
-0.000455225
-0.000461189
-0.000415746
-0.000448196
-0.00037523
-0.000455695
-0.000371548
-0.000286869
-0.000294063
-0.000305001
-0.000319087
-0.000335761
-0.000354178
-0.000374309
-0.000393962
-0.00041333
-0.00042769
-0.000441461
-0.000440788
-0.000450599
-0.000425297
-0.000446842
-0.000399288
-0.000442063
-0.000374016
-0.000444829
-0.000391013
-0.000295624
-0.000304223
-0.000316509
-0.000330312
-0.00034527
-0.000361157
-0.000377355
-0.000392987
-0.00040795
-0.000419465
-0.000431153
-0.000433877
-0.00044311
-0.000433028
-0.000445822
-0.000415064
-0.000444255
-0.00039025
-0.000438984
-0.000375145
-0.00029953
-0.000315269
-0.000327771
-0.000341003
-0.000352677
-0.000363828
-0.000376579
-0.00038725
-0.000399265
-0.000406176
-0.000416487
-0.000413656
-0.000424975
-0.000405636
-0.000429183
-0.000391121
-0.000438784
-0.000386754
-0.000460068
-0.000419124
-0.000298518
-0.000319944
-0.00033634
-0.00034912
-0.000361968
-0.000374295
-0.000384085
-0.00039332
-0.000401601
-0.000408504
-0.000416413
-0.000418331
-0.000427657
-0.000422563
-0.000439037
-0.000423345
-0.00044872
-0.000415633
-0.000491688
-0.000415757
-0.000305327
-0.000355673
-0.000351274
-0.000367039
-0.000370611
-0.000375359
-0.000381148
-0.000384329
-0.000392
-0.000394742
-0.000402753
-0.000400148
-0.000408211
-0.000396242
-0.000404925
-0.000383836
-0.00042001
-0.000373626
-0.000405067
-0.000359727
-0.000352245
-0.000422142
-0.000369803
-0.000375106
-0.000388832
-0.00039397
-0.000391786
-0.000397659
-0.000398214
-0.00040653
-0.000408124
-0.000414926
-0.000414776
-0.000420144
-0.000435522
-0.000427758
-0.000458665
-0.000404012
-0.000486425
-0.000411027
-0.000493704
-0.000490008
-0.000397827
-0.000424488
-0.000399225
-0.000384724
-0.000382727
-0.000381567
-0.000387949
-0.000387701
-0.000396559
-0.000394972
-0.000404727
-0.000404547
-0.000391117
-0.000372464
-0.00037222
-0.000383254
-0.000391203
-0.000354124
-0.000278827
-0.000408898
-0.000428564
-0.000368174
-0.000385152
-0.000378083
-0.000376824
-0.000391993
-0.00038972
-0.000406282
-0.000405583
-0.000416251
-0.000405182
-0.00043918
-0.000405727
-0.000430908
-0.000512788
-0.000386727
-0.000487815
-0.000297772
-0.000300431
-0.000500903
-0.00040983
-0.000361179
-0.000385868
-0.000363307
-0.000377511
-0.000373438
-0.000390273
-0.000390276
-0.000398188
-0.000400854
-0.000403191
-0.000403252
-0.000401932
-0.000485962
-0.000400357
-0.000292788
-0.000271078
-0.000120745
-0.000261934
-0.000393335
-0.000419877
-0.000409658
-0.000377729
-0.000365729
-0.000369291
-0.000369913
-0.000387704
-0.000388408
-0.000411804
-0.000395188
-0.00044897
-0.000385448
-0.000414313
-0.000470671
-0.000364056
-0.000462443
-0.000343681
0.000167486
-0.000422268
-0.000381054
-0.000332793
-0.000395349
-0.000355933
-0.000358552
-0.000360451
-0.00036323
-0.000364707
-0.000372126
-0.000376909
-0.000373586
-0.000369984
-0.000366151
-0.000391367
-0.000395982
-0.000360269
-0.000143643
0.000258678
0.0015155
)
;

boundaryField
{
    movingWall
    {
        type            zeroGradient;
    }
    fixedWalls
    {
        type            zeroGradient;
    }
    frontAndBack
    {
        type            empty;
    }
}


// ************************************************************************* //
