/*--------------------------------*- C++ -*----------------------------------*\
| =========                 |                                                 |
| \\      /  F ield         | OpenFOAM: The Open Source CFD Toolbox           |
|  \\    /   O peration     | Version:  5.x                                   |
|   \\  /    A nd           | Web:      www.OpenFOAM.org                      |
|    \\/     M anipulation  |                                                 |
\*---------------------------------------------------------------------------*/
FoamFile
{
    version     2.0;
    format      ascii;
    class       surfaceScalarField;
    location    "6.4";
    object      phi;
}
// * * * * * * * * * * * * * * * * * * * * * * * * * * * * * * * * * * * * * //

dimensions      [0 3 -1 0 0 0 0];

internalField   nonuniform List<scalar> 
760
(
-1.09843e-07
1.09843e-07
-2.4403e-07
1.34187e-07
-4.33739e-07
1.89709e-07
-7.39011e-07
3.05272e-07
-1.24297e-06
5.03958e-07
-1.90342e-06
6.60451e-07
-2.38934e-06
4.85916e-07
-2.60705e-06
2.17712e-07
-2.85942e-06
2.52372e-07
-3.15055e-06
2.9113e-07
-3.11942e-06
-3.11289e-08
-2.95378e-06
-1.65642e-07
-2.93351e-06
-2.02701e-08
-2.83383e-06
-9.9681e-08
-2.54471e-06
-2.8912e-07
-2.27491e-06
-2.69798e-07
-2.08746e-06
-1.87445e-07
-1.76453e-06
-3.22938e-07
-1.18063e-06
-5.83895e-07
-1.18063e-06
-8.52797e-08
1.95123e-07
-1.76749e-07
2.25657e-07
-2.71978e-07
2.84938e-07
-3.57638e-07
3.90931e-07
-4.07821e-07
5.54141e-07
-4.85221e-07
7.37852e-07
-8.23144e-07
8.23839e-07
-1.40293e-06
7.97494e-07
-1.82592e-06
6.75366e-07
-1.93838e-06
4.03584e-07
-2.06601e-06
9.65029e-08
-2.12834e-06
-1.03312e-07
-1.91222e-06
-2.36384e-07
-1.61207e-06
-3.99832e-07
-1.42949e-06
-4.71704e-07
-1.27642e-06
-4.22867e-07
-1.15853e-06
-3.05333e-07
-1.03218e-06
-4.49292e-07
-7.54254e-07
-8.61819e-07
-1.93488e-06
-5.82153e-08
2.53338e-07
-1.16042e-07
2.83483e-07
-1.64577e-07
3.33473e-07
-1.8792e-07
4.14275e-07
-1.60852e-07
5.27072e-07
-8.24047e-08
6.59404e-07
-2.08292e-08
7.62263e-07
-1.95401e-09
7.78619e-07
-1.96345e-08
6.93047e-07
-1.15657e-07
4.99607e-07
-2.55196e-07
2.36042e-07
-3.41812e-07
-1.66956e-08
-3.48182e-07
-2.30014e-07
-3.52205e-07
-3.9581e-07
-3.69216e-07
-4.54693e-07
-3.45704e-07
-4.46378e-07
-3.181e-07
-3.32938e-07
-3.26446e-07
-4.40945e-07
-3.15658e-07
-8.72608e-07
-2.25054e-06
-3.34242e-08
2.86762e-07
-6.41459e-08
3.14205e-07
-8.32766e-08
3.52604e-07
-7.94718e-08
4.1047e-07
-3.6724e-08
4.84324e-07
5.82636e-08
5.64417e-07
1.92677e-07
6.27849e-07
3.32041e-07
6.39255e-07
4.39062e-07
5.86026e-07
4.82122e-07
4.56547e-07
4.68492e-07
2.49672e-07
4.27475e-07
2.43213e-08
3.43645e-07
-1.46184e-07
2.37405e-07
-2.89569e-07
1.0329e-07
-3.20579e-07
-6.47969e-09
-3.36609e-07
-4.12634e-08
-2.98154e-07
-1.00327e-07
-3.81882e-07
-1.79494e-07
-7.9344e-07
-2.43004e-06
-1.38365e-08
3.00599e-07
-2.47847e-08
3.25153e-07
-2.51492e-08
3.52968e-07
-7.14967e-09
3.9247e-07
3.78604e-08
4.39314e-07
1.17168e-07
4.85109e-07
2.2891e-07
5.16107e-07
3.54299e-07
5.13866e-07
4.70462e-07
4.69864e-07
5.55392e-07
3.71617e-07
5.73422e-07
2.31642e-07
5.30163e-07
6.75804e-08
4.31738e-07
-4.77589e-08
3.25539e-07
-1.8337e-07
2.00961e-07
-1.96001e-07
1.25395e-07
-2.61043e-07
5.87224e-08
-2.31481e-07
1.09003e-08
-3.3406e-07
-6.91603e-08
-7.1338e-07
-2.4992e-06
6.59698e-10
2.99939e-07
3.30858e-09
3.22504e-07
1.37361e-08
3.42541e-07
3.70615e-08
3.69145e-07
7.82994e-08
3.98076e-07
1.40966e-07
4.22443e-07
2.22339e-07
4.34734e-07
3.13544e-07
4.22661e-07
3.9803e-07
3.85377e-07
4.59954e-07
3.09694e-07
4.71374e-07
2.20221e-07
4.48483e-07
9.04715e-08
3.81942e-07
1.87817e-08
3.10983e-07
-1.12411e-07
2.10246e-07
-9.52639e-08
1.4801e-07
-1.98807e-07
6.93792e-08
-1.5285e-07
4.49198e-08
-3.096e-07
3.11009e-08
-6.99561e-07
-2.4681e-06
1.1007e-08
2.88932e-07
2.26406e-08
3.10871e-07
3.93078e-08
3.25874e-07
6.4156e-08
3.44297e-07
1.00193e-07
3.6204e-07
1.48402e-07
3.74233e-07
2.0658e-07
3.76556e-07
2.69852e-07
3.59389e-07
3.26191e-07
3.29038e-07
3.70489e-07
2.65396e-07
3.81368e-07
2.09343e-07
3.74034e-07
9.78052e-08
3.23868e-07
6.89476e-08
2.73058e-07
-6.16014e-08
1.96844e-07
-1.90494e-08
1.4496e-07
-1.46923e-07
8.07967e-08
-8.86867e-08
3.62533e-08
-2.65057e-07
-8.21781e-09
-6.5509e-07
-2.47631e-06
1.88455e-08
2.70086e-07
3.58711e-08
2.93845e-07
5.51513e-08
3.06593e-07
7.92001e-08
3.20248e-07
1.09476e-07
3.31763e-07
1.47216e-07
3.36494e-07
1.89007e-07
3.34765e-07
2.32881e-07
3.15516e-07
2.6924e-07
2.92678e-07
2.97561e-07
2.37075e-07
3.01644e-07
2.05259e-07
2.91584e-07
1.07866e-07
2.52594e-07
1.07937e-07
2.16268e-07
-2.52754e-08
1.56574e-07
4.06443e-08
1.10624e-07
-1.00973e-07
4.52424e-08
-2.33048e-08
6.17398e-09
-2.25989e-07
-3.4535e-08
-6.14381e-07
-2.51085e-06
2.73514e-08
2.42735e-07
5.06973e-08
2.70499e-07
7.2065e-08
2.85226e-07
9.25064e-08
2.99807e-07
1.15931e-07
3.08339e-07
1.41823e-07
3.10602e-07
1.7077e-07
3.05818e-07
2.00566e-07
2.85719e-07
2.25471e-07
2.67774e-07
2.46063e-07
2.16484e-07
2.51263e-07
2.00059e-07
2.49509e-07
1.0962e-07
2.28037e-07
1.29409e-07
1.9513e-07
7.63129e-09
1.51691e-07
8.40827e-08
1.03186e-07
-5.24677e-08
4.77497e-08
3.21313e-08
-6.4144e-09
-1.71824e-07
-1.91705e-08
-6.01624e-07
-2.53002e-06
3.62947e-08
2.0644e-07
5.65386e-08
2.50255e-07
7.3429e-08
2.68335e-07
9.1683e-08
2.81553e-07
1.10903e-07
2.89118e-07
1.34232e-07
2.87273e-07
1.55993e-07
2.84057e-07
1.76786e-07
2.64926e-07
1.92262e-07
2.52298e-07
2.01483e-07
2.07262e-07
2.00815e-07
2.00727e-07
1.86909e-07
1.23526e-07
1.66844e-07
1.49474e-07
1.37325e-07
3.71507e-08
1.06608e-07
1.148e-07
7.39553e-08
-1.98155e-08
3.6071e-08
7.00156e-08
-1.12861e-08
-1.24467e-07
1.3984e-08
-6.26895e-07
-2.51603e-06
5.31524e-08
1.53288e-07
9.2639e-08
2.10769e-07
1.12581e-07
2.48393e-07
1.18391e-07
2.75743e-07
1.24358e-07
2.83151e-07
1.27753e-07
2.83878e-07
1.37108e-07
2.74703e-07
1.47532e-07
2.54501e-07
1.60129e-07
2.397e-07
1.68461e-07
1.98931e-07
1.75854e-07
1.93334e-07
1.74094e-07
1.25286e-07
1.7228e-07
1.51289e-07
1.53093e-07
5.63373e-08
1.33193e-07
1.347e-07
7.88753e-08
3.45019e-08
4.24425e-08
1.06448e-07
-3.38441e-08
-4.81807e-08
-3.74029e-08
-6.23336e-07
-2.55344e-06
8.60789e-08
6.7209e-08
8.15299e-08
2.15318e-07
7.61164e-08
2.53807e-07
8.56398e-08
2.6622e-07
1.00217e-07
2.68574e-07
1.20191e-07
2.63904e-07
1.31947e-07
2.62946e-07
1.39689e-07
2.46759e-07
1.44684e-07
2.34705e-07
1.41936e-07
2.0168e-07
1.38565e-07
1.96705e-07
1.18797e-07
1.45054e-07
1.08152e-07
1.61934e-07
6.52479e-08
9.92414e-08
6.27085e-08
1.3724e-07
1.18735e-08
8.53369e-08
1.8907e-08
9.94149e-08
-1.00882e-08
-1.91855e-08
-3.57638e-08
-5.9766e-07
-2.5892e-06
1.44034e-07
-7.68249e-08
1.9894e-07
1.60412e-07
2.02476e-07
2.5027e-07
1.59184e-07
3.09512e-07
1.25407e-07
3.02351e-07
9.34729e-08
2.95838e-07
8.82969e-08
2.68122e-07
8.86927e-08
2.46364e-07
1.00938e-07
2.2246e-07
1.03183e-07
1.99434e-07
1.19247e-07
1.80641e-07
1.1196e-07
1.52342e-07
1.3756e-07
1.36333e-07
1.24688e-07
1.12114e-07
1.4031e-07
1.21618e-07
1.16905e-07
1.08742e-07
9.81659e-08
1.18154e-07
1.61128e-08
6.28676e-08
1.41531e-08
-5.95701e-07
-2.57505e-06
3.14265e-07
-3.9109e-07
1.5392e-07
3.20757e-07
1.25265e-07
2.78925e-07
1.53745e-07
2.81032e-07
1.60121e-07
2.95975e-07
1.59694e-07
2.96265e-07
1.49709e-07
2.78108e-07
1.38624e-07
2.57449e-07
1.33146e-07
2.27938e-07
1.19389e-07
2.13191e-07
1.11689e-07
1.88341e-07
8.85051e-08
1.75525e-07
6.78103e-08
1.57028e-07
2.6839e-08
1.53085e-07
-8.84575e-10
1.49342e-07
-9.78882e-08
2.05746e-07
2.83063e-08
-8.04086e-09
6.76832e-08
2.34906e-08
1.477e-08
-5.42787e-07
-2.56028e-06
2.88954e-07
-6.80044e-07
2.57133e-07
3.52578e-07
6.98913e-08
4.66167e-07
-8.5606e-08
4.3653e-07
-1.27719e-07
3.38088e-07
-1.13021e-07
2.81567e-07
-7.58951e-08
2.40982e-07
-4.55207e-08
2.27074e-07
-1.23714e-08
1.94789e-07
3.81453e-10
2.00438e-07
2.30732e-08
1.65649e-07
1.18677e-08
1.86731e-07
6.06499e-08
1.08246e-07
-1.33885e-09
2.15074e-07
1.29487e-07
1.85157e-08
1.50264e-07
1.84969e-07
8.49953e-08
5.72276e-08
-5.38145e-09
1.13867e-07
-1.04726e-08
-5.37696e-07
-2.57075e-06
-9.51958e-09
-6.70525e-07
2.01818e-07
1.4124e-07
3.5694e-07
3.11044e-07
4.15098e-07
3.78372e-07
4.30525e-07
3.22661e-07
3.82623e-07
3.29469e-07
3.70875e-07
2.5273e-07
3.31067e-07
2.66883e-07
3.08069e-07
2.17787e-07
2.63964e-07
2.44542e-07
2.49394e-07
1.80219e-07
2.03573e-07
2.32553e-07
2.23349e-07
8.84694e-08
1.66971e-07
2.71451e-07
5.834e-08
1.27147e-07
-2.97748e-08
2.73084e-07
7.14032e-08
-4.39504e-08
5.08345e-08
1.34436e-07
4.81105e-08
-5.34972e-07
-2.52264e-06
-2.80683e-07
-3.89842e-07
-5.62152e-07
4.2271e-07
-3.87563e-07
1.36455e-07
-3.42674e-07
3.33483e-07
-3.53522e-07
3.33509e-07
-3.0106e-07
2.77007e-07
-3.29827e-07
2.81497e-07
-2.99945e-07
2.37e-07
-3.09416e-07
2.27259e-07
-2.8696e-07
2.22086e-07
-2.80077e-07
1.73335e-07
-2.45076e-07
1.97552e-07
-2.58453e-07
1.01846e-07
-2.54774e-07
2.67773e-07
-1.33334e-07
5.70706e-09
-2.3997e-07
3.79719e-07
1.01273e-07
-3.85193e-07
1.6993e-07
6.57792e-08
3.69716e-08
-4.02014e-07
-2.48567e-06
4.10585e-08
-4.309e-07
3.78335e-07
8.54332e-08
2.5224e-07
2.6255e-07
3.34532e-07
2.51191e-07
3.85629e-07
2.82411e-07
4.58681e-07
2.03955e-07
5.17071e-07
2.23108e-07
5.77419e-07
1.76652e-07
6.3064e-07
1.74038e-07
6.45095e-07
2.07631e-07
6.77674e-07
1.40756e-07
6.61077e-07
2.14149e-07
6.57096e-07
1.05827e-07
5.48804e-07
3.76065e-07
6.49532e-07
-9.50211e-08
6.24258e-07
4.04993e-07
3.82016e-07
-1.4295e-07
1.92805e-07
2.5499e-07
2.61888e-07
-4.71097e-07
-2.22378e-06
-8.08095e-07
3.77194e-07
-9.63795e-07
2.41133e-07
-9.57705e-07
2.5646e-07
-8.8012e-07
1.73607e-07
-7.82822e-07
1.85112e-07
-7.15225e-07
1.36358e-07
-6.52369e-07
1.60252e-07
-6.01989e-07
1.26272e-07
-5.53781e-07
1.2583e-07
-4.83838e-07
1.37688e-07
-4.3983e-07
9.67491e-08
-3.51806e-07
1.26124e-07
-3.20066e-07
7.40874e-08
-9.46065e-08
1.50605e-07
-2.63484e-07
7.38565e-08
1.70132e-08
1.24496e-07
-9.50248e-08
-3.09123e-08
1.85423e-07
-2.54578e-08
6.55852e-07
-9.41526e-07
-1.56793e-06
3.77195e-07
6.18328e-07
8.74788e-07
1.04839e-06
1.23351e-06
1.36987e-06
1.53012e-06
1.65639e-06
1.78222e-06
1.91991e-06
2.01666e-06
2.14278e-06
2.21687e-06
2.36747e-06
2.44133e-06
2.56583e-06
2.53491e-06
2.50946e-06
1.56793e-06
)
;

boundaryField
{
    movingWall
    {
        type            calculated;
        value           uniform 0;
    }
    fixedWalls
    {
        type            calculated;
        value           uniform 0;
    }
    frontAndBack
    {
        type            empty;
        value           nonuniform 0();
    }
}


// ************************************************************************* //
