/*--------------------------------*- C++ -*----------------------------------*\
| =========                 |                                                 |
| \\      /  F ield         | OpenFOAM: The Open Source CFD Toolbox           |
|  \\    /   O peration     | Version:  5.x                                   |
|   \\  /    A nd           | Web:      www.OpenFOAM.org                      |
|    \\/     M anipulation  |                                                 |
\*---------------------------------------------------------------------------*/
FoamFile
{
    version     2.0;
    format      ascii;
    class       volScalarField;
    location    "15.3";
    object      p;
}
// * * * * * * * * * * * * * * * * * * * * * * * * * * * * * * * * * * * * * //

dimensions      [0 2 -2 0 0 0 0];

internalField   nonuniform List<scalar> 
400
(
6.53185e-10
-0.000469843
-0.000813283
-0.00103205
-0.00112218
-0.00117961
-0.001207
-0.00122289
-0.00123526
-0.00124714
-0.00126528
-0.00127047
-0.00127757
-0.00127477
-0.00127189
-0.0012167
-0.00104037
-0.000739696
-0.000441858
0.000829141
-0.000508871
-0.000842142
-0.0010384
-0.00114279
-0.00117196
-0.00119192
-0.00121534
-0.00122538
-0.00124165
-0.00125386
-0.00126729
-0.00129607
-0.00128693
-0.00129963
-0.00129983
-0.00128971
-0.00131961
-0.00111895
-0.00110696
-0.000169781
-0.000833308
-0.00106776
-0.00114109
-0.00118889
-0.00120353
-0.00121246
-0.00122907
-0.00123634
-0.00125029
-0.00125873
-0.0012741
-0.00128345
-0.00129647
-0.00128322
-0.00130519
-0.00125317
-0.00129497
-0.00118682
-0.00110708
-0.00073199
-0.0010207
-0.00115063
-0.00116964
-0.00119457
-0.00120472
-0.00121623
-0.00123286
-0.00124567
-0.00125908
-0.0012696
-0.00127979
-0.00128559
-0.00129835
-0.00128264
-0.00130422
-0.00126819
-0.00129495
-0.00120053
-0.00129407
-0.00105279
-0.00111057
-0.00117618
-0.0011907
-0.00120513
-0.00121605
-0.0012293
-0.00124272
-0.00125562
-0.00127115
-0.00127583
-0.00129903
-0.0012882
-0.00130251
-0.00128927
-0.0013005
-0.00126013
-0.0012858
-0.00122516
-0.00123419
-0.00114463
-0.00117108
-0.00120426
-0.00121043
-0.00122048
-0.00122914
-0.00124118
-0.001255
-0.0012684
-0.0012845
-0.00128831
-0.00129736
-0.00128895
-0.00130424
-0.00128974
-0.00130581
-0.00127321
-0.00129738
-0.00125284
-0.00127589
-0.00123674
-0.00119702
-0.00123927
-0.00121189
-0.00123431
-0.00123368
-0.00125001
-0.0012633
-0.00127841
-0.00130514
-0.00130903
-0.00135202
-0.0013033
-0.00131416
-0.00130577
-0.00131091
-0.00129653
-0.00129935
-0.00128078
-0.00126894
-0.00129283
-0.00122536
-0.00123391
-0.00124022
-0.00123801
-0.00125009
-0.00126233
-0.00128076
-0.00129941
-0.00132208
-0.00134263
-0.00135765
-0.00133221
-0.00131618
-0.00130772
-0.00130628
-0.001302
-0.00131959
-0.00131377
-0.00128165
-0.00135338
-0.00125092
-0.00127325
-0.0012573
-0.00126006
-0.00125834
-0.00127154
-0.00129089
-0.00131624
-0.00135702
-0.00141436
-0.0014192
-0.00135775
-0.00133617
-0.00134026
-0.00135926
-0.00136211
-0.00139288
-0.00137296
-0.00134787
-0.00134766
-0.00125546
-0.0012713
-0.00125399
-0.00125308
-0.00126646
-0.00128335
-0.00130607
-0.00133642
-0.00138578
-0.00144783
-0.00143861
-0.00140737
-0.00135936
-0.00129751
-0.00133636
-0.00130801
-0.00135122
-0.0013304
-0.00136237
-0.00129403
-0.00125965
-0.00125703
-0.00125935
-0.0012764
-0.00129398
-0.00130321
-0.00136451
-0.00143401
-0.00149845
-0.0014743
-0.00142808
-0.00141031
-0.00136828
-0.00133774
-0.00137349
-0.00137057
-0.00134262
-0.00131333
-0.00133321
-0.00126364
-0.00123407
-0.0012451
-0.00124948
-0.0012645
-0.00129003
-0.00131845
-0.00143495
-0.00155298
-0.00168388
-0.00160624
-0.00150499
-0.00138302
-0.00133168
-0.0013274
-0.00132984
-0.00132948
-0.00132142
-0.00129455
-0.00131941
-0.0012897
-0.00122718
-0.00126338
-0.00125619
-0.00127465
-0.00129861
-0.00134758
-0.0015129
-0.00167875
-0.00186025
-0.00174746
-0.00161289
-0.00152771
-0.00147096
-0.00137582
-0.00140629
-0.00135537
-0.00136217
-0.00135521
-0.00138687
-0.0013107
-0.00121913
-0.00123378
-0.00123048
-0.00123744
-0.00127448
-0.00132157
-0.00150166
-0.00168435
-0.001872
-0.00178226
-0.00166807
-0.00160338
-0.00125988
-0.00135467
-0.00131028
-0.0013347
-0.00140263
-0.00126469
-0.00138832
-0.00127677
-0.00115929
-0.00119206
-0.00120183
-0.00120467
-0.00123295
-0.00127235
-0.00143177
-0.00156364
-0.00177232
-0.00174564
-0.0016579
-0.00157225
-0.00124801
-0.00132579
-0.0013601
-0.00130394
-0.00147568
-0.00135617
-0.00141803
-0.00120549
-0.00112925
-0.00116637
-0.00118904
-0.00116729
-0.00120264
-0.00121007
-0.00131647
-0.00141807
-0.0015434
-0.00160077
-0.00157984
-0.00151048
-0.00141713
-0.00148304
-0.00135312
-0.00118882
-0.00122269
-0.00113286
-0.00119443
-0.00109423
-0.00101222
-0.00110369
-0.00112873
-0.0011304
-0.00116578
-0.00115377
-0.00120282
-0.0012982
-0.00140231
-0.00148983
-0.00151031
-0.00125468
-0.00146356
-0.00163305
-0.00132765
-0.00128448
-0.00140322
-0.0012961
-0.00134835
-0.00104018
-0.000839315
-0.00099198
-0.00107162
-0.00108934
-0.00110931
-0.00114622
-0.00116004
-0.00121584
-0.00133275
-0.00157122
-0.00175189
-0.00165011
-0.00149122
-0.00133005
-0.00127761
-0.00137709
-0.00124485
-0.00116545
-0.00108101
-0.00076057
-0.000572601
-0.000819763
-0.000991364
-0.00102573
-0.00107073
-0.00106429
-0.00110799
-0.00109848
-0.00135238
-0.00177883
-0.00213224
-0.00170673
-0.00138177
-0.0012033
-0.00122649
-0.00134038
-0.00117489
-0.00136459
-0.00110822
-0.000370749
-0.000287698
-0.000557435
-0.000872497
-0.00100216
-0.00105696
-0.0011153
-0.00119283
-0.00137216
-0.00150288
-0.00151809
-0.00139804
-0.00128606
-0.00119275
-0.0011673
-0.00121329
-0.00126187
-0.00124855
-0.00091721
-2.99498e-05
0.00190764
)
;

boundaryField
{
    movingWall
    {
        type            zeroGradient;
    }
    fixedWalls
    {
        type            zeroGradient;
    }
    frontAndBack
    {
        type            empty;
    }
}


// ************************************************************************* //
