/*--------------------------------*- C++ -*----------------------------------*\
| =========                 |                                                 |
| \\      /  F ield         | OpenFOAM: The Open Source CFD Toolbox           |
|  \\    /   O peration     | Version:  5.x                                   |
|   \\  /    A nd           | Web:      www.OpenFOAM.org                      |
|    \\/     M anipulation  |                                                 |
\*---------------------------------------------------------------------------*/
FoamFile
{
    version     2.0;
    format      ascii;
    class       volVectorField;
    location    "15.3";
    object      U;
}
// * * * * * * * * * * * * * * * * * * * * * * * * * * * * * * * * * * * * * //

dimensions      [0 1 -1 0 0 0 0];

internalField   nonuniform List<vector> 
400
(
(-0.0137911 0.00628255 0)
(-0.0309313 0.00692157 0)
(-0.039671 0.00181538 0)
(-0.0428548 0.000601041 0)
(-0.045619 0.000954077 0)
(-0.0463233 -0.000473317 0)
(-0.048012 0.00137092 0)
(-0.0481038 -0.000444345 0)
(-0.0499184 0.0013216 0)
(-0.0496994 -0.000287118 0)
(-0.0523704 0.00139827 0)
(-0.0520377 3.72641e-05 0)
(-0.0541612 0.000622427 0)
(-0.0544374 0.000302038 0)
(-0.0556054 -0.000416217 0)
(-0.0562355 -0.000554388 0)
(-0.0522534 -0.00292279 0)
(-0.0502922 -0.00656453 0)
(-0.0445302 -0.0104125 0)
(-0.00692238 -0.0207028 0)
(-0.00924011 0.031163 0)
(-0.0182947 0.0201851 0)
(-0.0175872 0.00861696 0)
(-0.0230171 0.00605369 0)
(-0.0185658 0.00114407 0)
(-0.0223576 0.00257271 0)
(-0.0210024 0.000421349 0)
(-0.0216234 0.00174642 0)
(-0.0219901 0.000773822 0)
(-0.02258 0.0018814 0)
(-0.021278 0.00130223 0)
(-0.0250284 0.001687 0)
(-0.0185249 0.00107201 0)
(-0.0262093 0.000240621 0)
(-0.0181251 0.00119246 0)
(-0.0260459 -0.00185176 0)
(-0.0230797 -0.00050872 0)
(-0.0216685 -0.0128029 0)
(-0.0326117 -0.0225677 0)
(-0.00251524 -0.0454517 0)
(-0.0048275 0.0364854 0)
(-0.00838546 0.0218454 0)
(-0.00650443 0.0083163 0)
(-0.00680694 0.00333096 0)
(-0.00401165 -7.79098e-05 0)
(-0.00775996 0.000984947 0)
(-0.00387507 0.000905251 0)
(-0.00864409 0.00047162 0)
(-0.00506058 0.00152426 0)
(-0.00881666 0.000423128 0)
(-0.00674987 0.00169196 0)
(-0.00927103 -8.903e-05 0)
(-0.00951049 0.000588605 0)
(-0.008447 -0.000195351 0)
(-0.012264 0.00136657 0)
(-0.00368845 0.00133672 0)
(-0.014042 -0.000308866 0)
(0.00489674 -0.00158456 0)
(-0.0102675 -0.00986174 0)
(0.00216403 -0.0524359 0)
(-0.00235994 0.0429587 0)
(-0.00336054 0.0252689 0)
(-0.00186203 0.00591989 0)
(-0.003039 0.00412736 0)
(-0.00113831 0.00225236 0)
(-0.00567336 0.00232486 0)
(-0.00327673 0.00208078 0)
(-0.00667306 0.00258064 0)
(-0.00451647 0.00163107 0)
(-0.00608155 0.00284176 0)
(-0.00438143 0.00246362 0)
(-0.00398068 0.00336672 0)
(-0.00598178 0.00167397 0)
(-0.00221581 0.0011741 0)
(-0.00756313 -0.00147888 0)
(0.000807542 -0.00313078 0)
(-0.00627279 -0.00753456 0)
(1.41909e-05 -0.0189912 0)
(-0.0108598 -0.0236467 0)
(0.00349178 -0.0583322 0)
(-0.00245619 0.041435 0)
(-0.00116618 0.0225082 0)
(-0.00238778 0.00630829 0)
(-0.00247827 0.00254096 0)
(-0.0026806 0.00217955 0)
(-0.00418675 0.00243119 0)
(-0.00418458 0.00196116 0)
(-0.00491372 0.00150605 0)
(-0.00492455 0.000956601 0)
(-0.00379244 0.000502975 0)
(-0.00339408 -0.000554661 0)
(-0.000799584 0.000958498 0)
(-0.00511286 -0.000350926 0)
(0.00115243 0.00012262 0)
(-0.00653926 -0.000231841 0)
(-4.91874e-05 -0.000790736 0)
(-0.00840054 0.00282148 0)
(0.00523958 -0.00078025 0)
(-0.00489752 -0.00529919 0)
(0.00565034 -0.057797 0)
(-0.00089785 0.045374 0)
(-0.0010325 0.0242518 0)
(-0.00171022 0.00695448 0)
(-0.00235105 0.00447163 0)
(-0.00402211 0.00373233 0)
(-0.00454566 0.00397925 0)
(-0.00553992 0.00291505 0)
(-0.00574044 0.00283631 0)
(-0.00602609 0.00121485 0)
(-0.00439536 0.000429097 0)
(-0.00347913 0.000500288 0)
(-0.00135183 0.00464163 0)
(-0.00583468 0.000496506 0)
(0.00030542 0.00208021 0)
(-0.0071012 0.000661298 0)
(0.000309556 -0.00292794 0)
(-0.00770723 -0.0121358 0)
(0.000490655 -0.0225716 0)
(-0.00998424 -0.0273858 0)
(0.00502766 -0.0624977 0)
(-0.00199921 0.0435012 0)
(0.000339795 0.0238677 0)
(-0.00154078 0.00796782 0)
(-0.00181136 0.00524098 0)
(-0.00274909 0.00460974 0)
(-0.00392711 0.00416339 0)
(-0.00479318 0.0037056 0)
(-0.00627489 0.00185812 0)
(-0.00540443 9.12879e-05 0)
(-0.000721014 -0.0026192 0)
(-0.00174025 -0.00339413 0)
(-0.00145257 0.00222765 0)
(-0.0063386 -0.00124356 0)
(0.0014238 0.00012877 0)
(-0.00742021 0.000841452 0)
(0.00361715 -0.00176107 0)
(-0.00733484 0.00470233 0)
(0.00240193 -0.000282426 0)
(-0.00479531 -0.00607435 0)
(0.0050539 -0.0605972 0)
(0.000815695 0.0455737 0)
(-0.0022295 0.0261826 0)
(-0.00149523 0.00737216 0)
(-0.00224274 0.00668025 0)
(-0.00411549 0.00471975 0)
(-0.006714 0.00591125 0)
(-0.00656901 0.00499905 0)
(-0.00698299 0.0024175 0)
(-0.00611785 -0.00316827 0)
(-0.00180737 -0.00388247 0)
(-0.00277185 0.0027503 0)
(-0.00691739 0.00813962 0)
(-0.00855525 -0.0012898 0)
(-0.00510246 0.00297336 0)
(-0.00778733 -0.000813188 0)
(-0.00523524 -0.00284293 0)
(-0.0113808 -0.0104236 0)
(-0.000414102 -0.0247828 0)
(-0.00720872 -0.0303713 0)
(0.00404964 -0.0657871 0)
(-0.00220459 0.0454838 0)
(0.00088119 0.0231753 0)
(-0.000883398 0.00904285 0)
(-0.001354 0.00650021 0)
(-0.00271495 0.0100681 0)
(-0.00612775 0.00665043 0)
(-0.00704904 0.00484602 0)
(-0.00664775 0.00148353 0)
(-0.00498313 -0.00521017 0)
(-0.00516265 -0.00729226 0)
(-0.00530682 0.00179419 0)
(-0.00799317 0.00766265 0)
(-0.00687027 -0.00308856 0)
(-0.00273097 -0.00155892 0)
(-0.00778232 0.00134441 0)
(-0.00336822 -7.86103e-05 0)
(-0.00487817 -0.000412611 0)
(-9.62425e-05 -0.0059205 0)
(-0.00376919 -0.0140574 0)
(0.00258135 -0.0624567 0)
(0.00125149 0.0460953 0)
(-0.000789343 0.0278163 0)
(0.000275014 0.00975543 0)
(-0.00207676 0.0101132 0)
(-0.00737548 0.00896808 0)
(-0.00547556 0.0101662 0)
(-0.0113206 0.00594184 0)
(-0.0119701 0.000440675 0)
(-0.0139457 -0.00458385 0)
(-0.0158929 -0.00220347 0)
(-0.00970179 0.00753102 0)
(-0.0137946 0.00756742 0)
(-0.00799628 -0.00642295 0)
(-0.00575394 0.00443065 0)
(-0.00523402 0.00133524 0)
(-0.000884638 -0.00550697 0)
(-0.00227737 -0.010953 0)
(0.00950132 -0.0232571 0)
(-0.00437303 -0.0327695 0)
(0.00359264 -0.0650884 0)
(-0.000672949 0.0452415 0)
(0.00191245 0.0228297 0)
(0.000187723 0.00932932 0)
(-0.00485591 0.0123406 0)
(-0.00411504 0.0129364 0)
(-0.00453232 0.0101645 0)
(-0.00831543 0.0106392 0)
(-0.0159736 0.00387224 0)
(-0.0189546 -0.00370528 0)
(-0.0192569 -0.00952087 0)
(-0.0136554 -0.000280674 0)
(-0.00375349 0.00712785 0)
(0.00123692 -0.0109197 0)
(0.00469936 -0.00693399 0)
(-6.98138e-05 -0.00258864 0)
(0.00455971 -0.00606383 0)
(-0.00633542 -0.0114325 0)
(0.00482562 -0.00712858 0)
(-0.00308344 -0.00525489 0)
(0.00337874 -0.0621583 0)
(0.00060203 0.045254 0)
(0.000311527 0.0274585 0)
(-0.000821467 0.0170096 0)
(0.000349501 0.0163143 0)
(0.00405614 0.0106356 0)
(-0.00152506 0.013674 0)
(-0.00672404 0.0179693 0)
(-0.0112274 0.0101498 0)
(-0.0169605 0.000991226 0)
(-0.0160098 -0.00958077 0)
(-0.0192841 -0.0103917 0)
(-0.00438138 -0.00700127 0)
(0.000365078 -0.0124798 0)
(0.00423813 0.00551472 0)
(0.00181411 0.0025657 0)
(0.0104006 0.00239322 0)
(-0.00208696 -0.0095267 0)
(-0.00251111 -0.0250621 0)
(-0.00585283 -0.0307637 0)
(0.00496145 -0.0672163 0)
(-0.000690978 0.0424751 0)
(0.00113493 0.0231226 0)
(-0.000654674 0.00803688 0)
(0.00446079 0.00579323 0)
(0.0037268 0.0135215 0)
(0.000287791 0.018728 0)
(-0.000970049 0.0196799 0)
(-0.000384224 0.0115789 0)
(-0.00714493 0.0042131 0)
(-0.00103424 -0.00888334 0)
(-0.00664203 -0.0113044 0)
(-0.00481617 -0.0156216 0)
(0.000634752 -0.0242248 0)
(0.00465891 -0.00899673 0)
(0.00012933 -0.00965756 0)
(0.00929414 -0.00310177 0)
(-0.00490186 0.000693277 0)
(-0.000461259 -0.00743832 0)
(-0.00604229 -0.0150378 0)
(0.00428481 -0.0649058 0)
(0.00216478 0.0460187 0)
(0.000818508 0.029879 0)
(0.00419893 0.0148556 0)
(0.00219831 0.0139045 0)
(0.00229914 0.0164114 0)
(0.00974963 0.019491 0)
(0.00814536 0.0207864 0)
(0.0110114 0.016921 0)
(0.00502249 0.00486334 0)
(0.0113408 -0.00903954 0)
(0.000788255 -0.0059142 0)
(0.00418973 -0.0133187 0)
(0.00545265 -0.0146332 0)
(-0.00723039 0.00543413 0)
(0.00143889 0.00159628 0)
(-0.00923433 0.0067252 0)
(-0.00213906 0.00133719 0)
(0.00630288 -0.0206958 0)
(-0.00556577 -0.0311021 0)
(0.00710255 -0.0678725 0)
(-0.000983522 0.0401465 0)
(0.000115961 0.0206815 0)
(0.0012607 0.00604197 0)
(0.00244961 0.00605083 0)
(0.0099261 0.0065422 0)
(0.0117972 0.0106125 0)
(0.0154059 0.0194736 0)
(0.0214035 0.0139939 0)
(0.0169466 0.00605734 0)
(0.0288192 -0.00660069 0)
(0.0129149 -0.00556514 0)
(0.0288728 -0.0165217 0)
(0.0191301 -0.0184246 0)
(0.01824 -0.00348906 0)
(0.0207724 -0.0110773 0)
(0.0119472 -0.000920673 0)
(0.0162353 -0.0144861 0)
(0.0152592 -0.0103563 0)
(-0.00875635 -0.0190471 0)
(0.00745348 -0.065147 0)
(0.00242563 0.0435512 0)
(0.00291704 0.0267536 0)
(0.00372842 0.0119601 0)
(0.0071052 0.00577463 0)
(0.0023993 0.0078934 0)
(0.0191713 0.0118532 0)
(0.00910299 0.0141131 0)
(0.0301066 0.0113778 0)
(0.0203893 0.00308057 0)
(0.0374582 -0.0042849 0)
(0.0206378 -0.00896133 0)
(0.04282 -0.0163418 0)
(0.00797967 -0.0128241 0)
(0.02693 0.00590774 0)
(0.0100863 0.0109314 0)
(0.0100753 0.00775292 0)
(0.00070226 0.0068234 0)
(0.00873186 0.00467374 0)
(-0.00507312 -0.0150336 0)
(0.0114107 -0.0652826 0)
(-0.000439603 0.0380658 0)
(0.00392593 0.0206048 0)
(0.0063151 0.00421945 0)
(0.00915882 0.00593382 0)
(0.00530995 -0.00392079 0)
(0.015046 0.00163497 0)
(0.0180142 0.00934707 0)
(0.0213374 0.000985229 0)
(0.0315312 -0.000184016 0)
(0.030533 -0.00768168 0)
(0.0326376 -0.00801586 0)
(0.0224179 0.0010302 0)
(-0.0110795 -0.00421934 0)
(-0.0128254 -0.00178 0)
(-0.00661907 0.00512948 0)
(0.0031716 0.0036026 0)
(-0.00791778 -0.0140543 0)
(0.0216799 -0.00924437 0)
(-0.0124408 -0.0274877 0)
(0.0104392 -0.0665814 0)
(0.00405993 0.0365848 0)
(0.00856035 0.0213128 0)
(0.0090991 0.005687 0)
(0.0109472 0.00507621 0)
(0.0154315 0.0039351 0)
(0.00809244 -0.00247781 0)
(0.0216893 0.0048819 0)
(0.0171142 -0.00172109 0)
(0.0283601 -0.0068842 0)
(0.0232739 -0.00860224 0)
(0.0294259 0.003729 0)
(0.0255607 0.0153663 0)
(0.0284145 0.0208204 0)
(0.0210446 0.00877952 0)
(0.0134339 -0.0080442 0)
(0.0209433 0.00884028 0)
(0.0120505 -0.00558605 0)
(0.00417696 0.00788565 0)
(0.000252219 0.00584355 0)
(0.0163875 -0.0611623 0)
(0.00518581 0.0272275 0)
(0.0127661 0.015386 0)
(0.0178791 0.00339863 0)
(0.0117267 -0.000857626 0)
(0.0122077 -0.00141208 0)
(0.00891027 -0.00193775 0)
(0.000235069 0.000172942 0)
(0.00493132 -0.00285628 0)
(-0.0129989 -0.00951783 0)
(-0.0182643 -0.0100593 0)
(-0.0314104 -0.00605053 0)
(-0.0129251 0.00209215 0)
(-0.0161751 0.00317266 0)
(0.00642035 0.0091486 0)
(-0.00213779 0.00303102 0)
(-0.00279259 0.0114973 0)
(0.0147426 -0.00111665 0)
(-0.0122058 -0.00122875 0)
(0.0316256 -0.0447329 0)
(0.0161183 -0.0653614 0)
(0.00876437 0.0177822 0)
(0.0315321 0.0129207 0)
(0.0344516 0.00947288 0)
(0.0482671 0.00831572 0)
(0.041184 0.00823049 0)
(0.0544667 0.0063 0)
(0.0470175 0.00881566 0)
(0.0603641 0.00751042 0)
(0.0556282 0.0137113 0)
(0.0651654 0.0103267 0)
(0.0583959 0.00926622 0)
(0.0636704 -0.00239026 0)
(0.0609838 0.00157469 0)
(0.0637602 -0.00581443 0)
(0.063401 0.000230371 0)
(0.068143 -0.00584581 0)
(0.0657339 0.000283724 0)
(0.0683454 -0.00393238 0)
(0.0568124 -0.00448225 0)
(0.0271993 0.00424857 0)
)
;

boundaryField
{
    movingWall
    {
        type            fixedValue;
        value           uniform (1 0 0);
    }
    fixedWalls
    {
        type            noSlip;
    }
    frontAndBack
    {
        type            empty;
    }
}


// ************************************************************************* //
