/*--------------------------------*- C++ -*----------------------------------*\
| =========                 |                                                 |
| \\      /  F ield         | OpenFOAM: The Open Source CFD Toolbox           |
|  \\    /   O peration     | Version:  5.x                                   |
|   \\  /    A nd           | Web:      www.OpenFOAM.org                      |
|    \\/     M anipulation  |                                                 |
\*---------------------------------------------------------------------------*/
FoamFile
{
    version     2.0;
    format      ascii;
    class       volScalarField;
    location    "14.4";
    object      p;
}
// * * * * * * * * * * * * * * * * * * * * * * * * * * * * * * * * * * * * * //

dimensions      [0 2 -2 0 0 0 0];

internalField   nonuniform List<scalar> 
400
(
1.13467e-08
-0.00050634
-0.000863295
-0.00106718
-0.001166
-0.00121089
-0.00123678
-0.00124669
-0.00125112
-0.00124873
-0.00123326
-0.00123379
-0.00121732
-0.00121183
-0.00120142
-0.00113887
-0.00101627
-0.000743201
-0.000554515
0.000468931
-0.000554076
-0.000884174
-0.00108381
-0.00118846
-0.00121594
-0.00123112
-0.00123189
-0.00125025
-0.00124259
-0.00124899
-0.00123488
-0.00123659
-0.00125531
-0.00122277
-0.00124043
-0.00117281
-0.00119843
-0.00105946
-0.00106361
-0.000324796
-0.000859257
-0.00111114
-0.00117221
-0.00122828
-0.00123396
-0.00124284
-0.00124596
-0.00124981
-0.00125221
-0.00124754
-0.0012437
-0.00123915
-0.00124589
-0.00122854
-0.0012392
-0.00119145
-0.00119574
-0.00113578
-0.00108379
-0.000794209
-0.00106062
-0.00119747
-0.00122654
-0.00123455
-0.00124325
-0.00124386
-0.00124777
-0.00125149
-0.0012527
-0.00125095
-0.00124787
-0.00124513
-0.00126051
-0.00123979
-0.00125509
-0.00121543
-0.0012343
-0.00118334
-0.00128162
-0.0010819
-0.00118201
-0.00125846
-0.00126523
-0.00125876
-0.00125237
-0.00125416
-0.00125542
-0.00125645
-0.00125912
-0.00125292
-0.00125334
-0.00125358
-0.00126295
-0.001253
-0.00125916
-0.00123197
-0.00125498
-0.00123034
-0.00122776
-0.00118263
-0.00123885
-0.0012914
-0.00126721
-0.00126145
-0.00125801
-0.00126017
-0.0012638
-0.00126437
-0.00126689
-0.00126102
-0.00125891
-0.00125818
-0.00126968
-0.00125481
-0.00127115
-0.00123976
-0.00127194
-0.00123347
-0.00129195
-0.00123631
-0.00124753
-0.00124697
-0.0012583
-0.00126156
-0.00126049
-0.00126547
-0.0012724
-0.0012752
-0.00127656
-0.00127267
-0.00128295
-0.00128136
-0.00128845
-0.00127925
-0.00128824
-0.00127509
-0.00128065
-0.00123764
-0.00127972
-0.00122572
-0.00123987
-0.00126829
-0.00126295
-0.00127019
-0.00127633
-0.00128445
-0.0012932
-0.00129766
-0.00129825
-0.00128916
-0.0013066
-0.00129002
-0.00128953
-0.0012737
-0.00127919
-0.00126764
-0.00130182
-0.00123705
-0.00128798
-0.00123217
-0.00126373
-0.00127646
-0.00126922
-0.00128619
-0.00129018
-0.00130513
-0.00132058
-0.0013256
-0.00132395
-0.0013215
-0.00136626
-0.00134707
-0.00132837
-0.00132222
-0.00132906
-0.00130355
-0.0013081
-0.00127197
-0.00132059
-0.00127452
-0.00128121
-0.00127259
-0.00128881
-0.0013009
-0.00131843
-0.00134011
-0.0013729
-0.00139447
-0.00138648
-0.0013716
-0.00137448
-0.00137653
-0.00131992
-0.00129267
-0.0013137
-0.00130462
-0.00132964
-0.00132152
-0.00134026
-0.00133174
-0.00130182
-0.00134617
-0.00132497
-0.00134011
-0.00134905
-0.00137936
-0.00145042
-0.00150043
-0.00152026
-0.00147378
-0.00141534
-0.00137094
-0.00135805
-0.00134026
-0.0014041
-0.00136831
-0.00140554
-0.00137222
-0.00137381
-0.00133361
-0.00133259
-0.00133084
-0.00133175
-0.00134089
-0.00136874
-0.0014383
-0.00158525
-0.00168869
-0.00173868
-0.00162969
-0.00146192
-0.00129183
-0.00127741
-0.00126578
-0.00130528
-0.00129137
-0.00132338
-0.00130152
-0.00131902
-0.00131314
-0.00128407
-0.00131383
-0.00131329
-0.00134489
-0.00140005
-0.00150562
-0.00175712
-0.00189501
-0.00193121
-0.0017567
-0.00152252
-0.00131051
-0.00139872
-0.00135721
-0.00138042
-0.00133315
-0.00128949
-0.00127994
-0.00129722
-0.0013313
-0.00124331
-0.0012607
-0.00127877
-0.001291
-0.00136735
-0.00150968
-0.00177276
-0.00190083
-0.00193282
-0.00179251
-0.00151656
-0.0012853
-0.00125823
-0.00127369
-0.00128382
-0.00134106
-0.00131876
-0.00126169
-0.0012764
-0.00133434
-0.00118783
-0.00119399
-0.00122781
-0.00125973
-0.00131197
-0.00144394
-0.00168655
-0.00185218
-0.00188518
-0.00175738
-0.00147692
-0.00131518
-0.00123215
-0.00131886
-0.00134924
-0.00140362
-0.00157499
-0.0014221
-0.00150605
-0.00129711
-0.00108409
-0.00112811
-0.00115671
-0.00117195
-0.00122104
-0.00133405
-0.00149814
-0.00163938
-0.00168488
-0.00164421
-0.00152464
-0.00132878
-0.00138675
-0.00144943
-0.00122608
-0.00125226
-0.00122108
-0.00114849
-0.00111119
-0.00112761
-0.000972566
-0.00101985
-0.00107681
-0.00110541
-0.00114697
-0.00120298
-0.0013011
-0.00141658
-0.00148638
-0.00152472
-0.00143098
-0.00115075
-0.0016146
-0.00155723
-0.00121645
-0.00137132
-0.00140583
-0.00123641
-0.00145011
-0.00101189
-0.000829075
-0.000928632
-0.00102336
-0.00105662
-0.00109183
-0.00111569
-0.00119005
-0.00130969
-0.00146198
-0.00175138
-0.00177104
-0.00153325
-0.00143794
-0.00122157
-0.00125195
-0.00133615
-0.00119669
-0.000883584
-0.000745348
-0.00040956
-0.000556575
-0.000811359
-0.000918674
-0.00103298
-0.00106458
-0.00106478
-0.00105877
-0.00101841
-0.00140574
-0.00206136
-0.00209644
-0.00147972
-0.00143625
-0.00116079
-0.00133255
-0.00122846
-0.00111302
-0.00155016
-0.000880601
-0.00039118
-0.000273148
-0.000574872
-0.00081434
-0.000995716
-0.00112728
-0.00116726
-0.00119998
-0.00124987
-0.0013651
-0.00151555
-0.00147918
-0.0013904
-0.00131649
-0.00143368
-0.00149563
-0.00133446
-0.00103375
-0.000655874
-9.21323e-05
0.00168853
)
;

boundaryField
{
    movingWall
    {
        type            zeroGradient;
    }
    fixedWalls
    {
        type            zeroGradient;
    }
    frontAndBack
    {
        type            empty;
    }
}


// ************************************************************************* //
