/*--------------------------------*- C++ -*----------------------------------*\
| =========                 |                                                 |
| \\      /  F ield         | OpenFOAM: The Open Source CFD Toolbox           |
|  \\    /   O peration     | Version:  5.x                                   |
|   \\  /    A nd           | Web:      www.OpenFOAM.org                      |
|    \\/     M anipulation  |                                                 |
\*---------------------------------------------------------------------------*/
FoamFile
{
    version     2.0;
    format      ascii;
    class       volVectorField;
    location    "14.4";
    object      U;
}
// * * * * * * * * * * * * * * * * * * * * * * * * * * * * * * * * * * * * * //

dimensions      [0 1 -1 0 0 0 0];

internalField   nonuniform List<vector> 
400
(
(-0.0146991 0.00792317 0)
(-0.0320076 0.00402258 0)
(-0.0403062 0.00285495 0)
(-0.0432016 -0.000523639 0)
(-0.0452685 0.000542657 0)
(-0.0462709 -0.000837483 0)
(-0.0463808 -6.37319e-05 0)
(-0.0480511 -5.30145e-05 0)
(-0.0462767 -0.00121275 0)
(-0.0491435 0.000595779 0)
(-0.0451801 -0.00162046 0)
(-0.0496791 0.00147389 0)
(-0.0456153 -0.00148909 0)
(-0.0492586 0.000387573 0)
(-0.047384 -0.000986547 0)
(-0.0479618 -0.000468843 0)
(-0.0465467 -0.00108503 0)
(-0.0409683 -0.00481046 0)
(-0.0418151 -0.00710936 0)
(-0.00344244 -0.0171873 0)
(-0.00869266 0.0309019 0)
(-0.0173844 0.0219331 0)
(-0.0190103 0.00878812 0)
(-0.0207289 0.00492902 0)
(-0.020747 0.00172581 0)
(-0.0207799 0.00167251 0)
(-0.0192862 0.000703553 0)
(-0.0227001 0.00102762 0)
(-0.0169633 0.000729892 0)
(-0.0252865 0.000238052 0)
(-0.0151452 0.000562927 0)
(-0.0259873 -0.000140207 0)
(-0.016345 0.00092316 0)
(-0.0242439 -0.000600808 0)
(-0.0184006 0.000720749 0)
(-0.0200795 -0.00200054 0)
(-0.0220169 -0.00146127 0)
(-0.0161886 -0.0108683 0)
(-0.0317654 -0.0211468 0)
(-0.00202966 -0.0403391 0)
(-0.00646175 0.0379194 0)
(-0.00807311 0.021035 0)
(-0.00731563 0.00793791 0)
(-0.00745885 0.00332435 0)
(-0.00424844 -0.000520276 0)
(-0.00813366 -0.00098164 0)
(-0.00345547 -8.69537e-05 0)
(-0.00844996 -0.000719967 0)
(-0.00457499 -0.000132278 0)
(-0.00755692 -0.000471097 0)
(-0.00632214 -0.000370313 0)
(-0.00677272 0.000701828 0)
(-0.00949414 -0.000231414 0)
(-0.00606597 -0.000545619 0)
(-0.0126045 -0.00137669 0)
(-0.00287974 -0.000538933 0)
(-0.0131793 0.000661844 0)
(0.0011187 0.00115148 0)
(-0.00922905 -0.00495308 0)
(0.000116485 -0.0484524 0)
(-0.000636327 0.0423067 0)
(-0.0058096 0.0266124 0)
(-0.00288501 0.00577371 0)
(-0.00542177 0.00290929 0)
(-0.00189966 0.00151345 0)
(-0.00619055 0.00146448 0)
(-0.00433719 0.000987446 0)
(-0.00701234 0.00193105 0)
(-0.00574728 0.000397771 0)
(-0.00641828 0.00146627 0)
(-0.00597372 0.000360131 0)
(-0.00399595 0.00218551 0)
(-0.00627693 0.00113535 0)
(-0.00173188 0.000863252 0)
(-0.00694891 -0.000983893 0)
(-0.000889842 -0.00363436 0)
(-0.0050243 -0.00461169 0)
(-0.00216478 -0.0169741 0)
(-0.0115477 -0.0229837 0)
(0.00295351 -0.0542577 0)
(-0.00301856 0.0439931 0)
(-0.00145107 0.02277 0)
(-0.00289454 0.00696502 0)
(-0.00270815 0.00115111 0)
(-0.00362593 0.000568548 0)
(-0.00470499 0.000941239 0)
(-0.00528375 0.000761341 0)
(-0.00575303 0.000495943 0)
(-0.00604543 -0.000493346 0)
(-0.00516223 -0.000425173 0)
(-0.00515327 -0.00235511 0)
(-0.000817479 5.77282e-05 0)
(-0.00549369 -0.00125551 0)
(0.00138935 -0.00102635 0)
(-0.00514117 -0.000627453 0)
(0.000537218 -0.00345163 0)
(-0.00696339 0.00384864 0)
(0.00461022 0.00413991 0)
(-0.0034765 -0.00227427 0)
(0.00283043 -0.0552976 0)
(0.000299734 0.0462044 0)
(-0.000576146 0.0282479 0)
(0.000894935 0.00731187 0)
(-0.00134539 0.00423777 0)
(-0.00357129 0.00319393 0)
(-0.00494515 0.00347597 0)
(-0.00601183 0.00226492 0)
(-0.00688676 0.00227417 0)
(-0.00727325 0.000394665 0)
(-0.006612 -2.37731e-05 0)
(-0.00563094 -0.0033413 0)
(-0.00129503 0.00227506 0)
(-0.00623066 -0.000446999 0)
(0.000203867 0.000112345 0)
(-0.00623166 0.000456604 0)
(-0.000587964 -0.00253526 0)
(-0.00760754 -0.00800179 0)
(0.0026162 -0.0198803 0)
(-0.00768477 -0.0246171 0)
(0.00401695 -0.0590049 0)
(-0.000306963 0.0442193 0)
(0.000811385 0.0235057 0)
(-0.00046174 0.00750031 0)
(-0.00129326 0.00553685 0)
(-0.00251411 0.00420077 0)
(-0.00547427 0.00339478 0)
(-0.00582041 0.00327916 0)
(-0.00758254 0.0013943 0)
(-0.00810718 -0.000169841 0)
(-0.0063054 -0.00233386 0)
(-0.00410911 -0.00797699 0)
(0.000475785 -0.000207888 0)
(-0.00641604 -0.00225069 0)
(0.00190122 -0.0022802 0)
(-0.00629368 0.00111555 0)
(0.00550374 -0.00422649 0)
(-0.00462284 0.00234225 0)
(0.00322176 0.00201299 0)
(-0.00342678 0.000271887 0)
(0.00399432 -0.0564074 0)
(-0.00148365 0.0450926 0)
(0.000397211 0.0251777 0)
(-0.000286833 0.00869895 0)
(-0.00154565 0.00644134 0)
(-0.00410363 0.00670197 0)
(-0.00666674 0.00614901 0)
(-0.00906687 0.00439306 0)
(-0.009018 0.00404068 0)
(-0.0101442 -0.000432149 0)
(-0.00710212 -0.00456403 0)
(-0.00264992 -0.00900807 0)
(-0.00372903 0.00473732 0)
(-0.00687953 -0.000815239 0)
(-0.00397502 -8.39146e-06 0)
(-0.00781072 -0.00231757 0)
(-0.000337488 -0.00345648 0)
(-0.0123304 -0.00565536 0)
(0.00470123 -0.0206203 0)
(-0.00720047 -0.0262274 0)
(0.00562622 -0.0606521 0)
(3.21829e-05 0.0434963 0)
(0.000112191 0.0249858 0)
(0.000435037 0.00995506 0)
(-0.00268515 0.00928047 0)
(-0.00533306 0.0100228 0)
(-0.00584594 0.00865879 0)
(-0.00847898 0.00645851 0)
(-0.0109414 0.00244773 0)
(-0.0104341 -0.00113815 0)
(-0.00557465 -0.0106663 0)
(-0.00151706 -0.0119384 0)
(-0.00300012 0.00235153 0)
(-0.00528061 -0.00177047 0)
(-0.0025569 -0.00303964 0)
(-0.00754266 -0.002295 0)
(-0.00405372 -0.00219639 0)
(-0.00877018 -0.000283791 0)
(-0.000815676 -0.00566383 0)
(-0.00618041 -0.000508556 0)
(0.0056766 -0.0577278 0)
(-0.000362301 0.0469735 0)
(-0.00138644 0.0244464 0)
(-0.0023339 0.010609 0)
(-0.00423509 0.0132955 0)
(-0.00539915 0.00869195 0)
(-0.0072116 0.00851634 0)
(-0.00989754 0.00986575 0)
(-0.014176 0.00578326 0)
(-0.0133437 -0.0052713 0)
(-0.00999227 -0.014199 0)
(-0.00745858 -0.00868456 0)
(-0.00724482 0.0088082 0)
(-0.00625266 -0.000429827 0)
(-0.00655525 0.00233268 0)
(-0.0069302 0.00114222 0)
(-0.00760449 -0.0025373 0)
(-0.00535113 -0.00734899 0)
(-0.00302079 -0.0244097 0)
(-0.00959431 -0.0301532 0)
(0.00679232 -0.0638931 0)
(-0.00104013 0.0433711 0)
(-0.000168877 0.0241083 0)
(-0.00127064 0.012798 0)
(-0.00176989 0.0107031 0)
(0.00258047 0.0136174 0)
(-0.00671533 0.0134455 0)
(-0.0119165 0.0138696 0)
(-0.0150731 0.00724359 0)
(-0.0143437 -0.00504258 0)
(-0.0138762 -0.018084 0)
(-0.0122454 -0.0166123 0)
(-0.00294484 0.00184941 0)
(0.00137243 -0.00370468 0)
(0.00157094 -0.00411748 0)
(-0.00309325 -0.000573524 0)
(0.00144831 -0.00655084 0)
(-0.00304235 -0.00517458 0)
(0.00593249 -0.00368056 0)
(-0.0075445 -0.011842 0)
(0.0055092 -0.059076 0)
(0.00156132 0.0486001 0)
(-0.000234363 0.0288606 0)
(0.000984866 0.012869 0)
(0.0031636 0.01133 0)
(-0.00338317 0.0141439 0)
(-0.00571566 0.0209491 0)
(-0.0140489 0.0176918 0)
(-0.012626 0.00627598 0)
(-0.0157436 -0.00611559 0)
(-0.0115841 -0.0179424 0)
(-0.0164296 -0.0192654 0)
(-0.00439527 -0.00388178 0)
(0.00209749 -0.00283756 0)
(0.00312919 0.00709992 0)
(0.00405206 0.00298176 0)
(0.00804785 -0.00135084 0)
(-0.00304904 -0.00881828 0)
(0.0111397 -0.0178535 0)
(-0.00490513 -0.0262194 0)
(0.00689933 -0.0639413 0)
(-0.00120881 0.0442413 0)
(0.00231589 0.0218828 0)
(0.00232389 0.00889264 0)
(-0.00315316 0.0133669 0)
(-0.00261254 0.0212862 0)
(-0.00456601 0.0219655 0)
(-0.00595475 0.0204027 0)
(-0.00411352 0.0074315 0)
(-0.00646343 -0.0038599 0)
(0.000346257 -0.0173316 0)
(-0.00472281 -0.025349 0)
(0.000792537 -0.0198813 0)
(0.00475888 -0.0133984 0)
(0.0108393 -0.00795099 0)
(0.00495486 -0.00519997 0)
(0.0126646 -0.00231815 0)
(-0.00457461 -0.00858169 0)
(0.00447748 -0.0050971 0)
(-0.00567806 -0.00911248 0)
(0.00528786 -0.0604354 0)
(0.003796 0.0441044 0)
(0.000207997 0.0277992 0)
(0.00332309 0.0179995 0)
(0.00179627 0.0186144 0)
(0.00413039 0.0175995 0)
(0.00201495 0.0239903 0)
(0.0032363 0.0217279 0)
(0.00887536 0.0079399 0)
(0.00421902 -0.00733385 0)
(0.00950893 -0.0183249 0)
(0.00433818 -0.0171357 0)
(0.00037226 -0.0128725 0)
(0.00261167 -0.00669655 0)
(-0.00879408 0.00564053 0)
(-0.00336422 0.00407803 0)
(-0.0114486 0.00844306 0)
(-0.00891009 0.000415126 0)
(-0.00486818 -0.0146784 0)
(-0.00466195 -0.0241788 0)
(0.00535576 -0.0647585 0)
(-0.000662678 0.042373 0)
(0.00462313 0.0208673 0)
(0.00104362 0.00785019 0)
(0.00766321 0.0098938 0)
(0.00492497 0.0204099 0)
(0.0105443 0.0216819 0)
(0.0106719 0.0133109 0)
(0.0202105 0.00342105 0)
(0.0170534 -0.00502026 0)
(0.0206678 -0.0168848 0)
(0.0179129 -0.0161965 0)
(0.0125347 -0.0218286 0)
(0.0168272 -0.00520367 0)
(0.010807 -0.00229785 0)
(0.00622441 -0.00481708 0)
(0.00524826 0.00281399 0)
(0.00697256 -0.0181767 0)
(0.00288159 -0.0147268 0)
(-0.00516708 -0.0258722 0)
(0.00386357 -0.0603042 0)
(0.00196725 0.039572 0)
(0.00265931 0.0254249 0)
(0.0081492 0.0161472 0)
(0.00541191 0.0171533 0)
(0.00833047 0.0157791 0)
(0.0218733 0.0169767 0)
(0.0180706 0.0144786 0)
(0.0323303 0.00430453 0)
(0.0254249 -0.00700366 0)
(0.0350306 -0.0158332 0)
(0.0239768 -0.015392 0)
(0.0262225 -0.0103599 0)
(0.00340643 -0.0088472 0)
(0.0254846 0.0181435 0)
(0.00270506 0.0107875 0)
(0.0156043 0.00811634 0)
(0.00904231 0.0108919 0)
(0.00884507 0.000702794 0)
(0.000579599 -0.0137873 0)
(0.00856052 -0.0609819 0)
(0.000372195 0.0365945 0)
(0.00339099 0.0168885 0)
(0.00480742 0.00589848 0)
(0.00953485 0.00795584 0)
(0.0133401 0.00216203 0)
(0.0190491 0.0119183 0)
(0.0237328 0.00234582 0)
(0.0280328 -0.00283261 0)
(0.0314296 -0.00741063 0)
(0.0327221 -0.0133856 0)
(0.0258972 -0.001526 0)
(0.00861802 -0.00215166 0)
(-0.0132849 -0.00557719 0)
(-0.0137266 0.00176368 0)
(0.000521214 -0.000840356 0)
(-0.00403599 -0.00363736 0)
(-0.00233407 -0.0148156 0)
(0.0176853 -0.011383 0)
(-0.00400167 -0.0381882 0)
(0.00362224 -0.0595536 0)
(0.00260428 0.0350198 0)
(0.0100782 0.0183287 0)
(0.00502581 0.00973871 0)
(0.0121681 0.00918056 0)
(0.00940021 0.00572003 0)
(0.0164362 0.00451493 0)
(0.0257385 0.00448355 0)
(0.0283613 -0.00479995 0)
(0.0328644 -0.0155365 0)
(0.0242637 -0.0122336 0)
(0.0293132 0.00826094 0)
(0.0234264 0.0182256 0)
(0.0238962 0.020491 0)
(0.0146747 0.00892907 0)
(0.0150821 -0.00166128 0)
(0.023503 0.0130384 0)
(0.0211554 -0.00483324 0)
(0.0224291 0.0023129 0)
(0.00341571 0.0154965 0)
(0.0161253 -0.0487228 0)
(-0.00129735 0.0263999 0)
(0.0170836 0.0149757 0)
(0.0115735 0.00636789 0)
(0.014692 0.00244302 0)
(0.0156179 -0.00171192 0)
(0.0103125 -0.00537736 0)
(0.0100734 -0.00655042 0)
(0.00483737 -0.00680945 0)
(-0.0127055 -0.00589682 0)
(-0.0264371 -0.00613029 0)
(-0.024855 0.000459587 0)
(-0.0137607 0.00248539 0)
(-0.0143757 0.00446532 0)
(0.0108768 0.00514094 0)
(-0.00636565 -0.0107618 0)
(0.0022833 -0.00560797 0)
(0.00405616 -0.015471 0)
(-0.0186355 -0.00294223 0)
(0.0152246 -0.036477 0)
(0.0108323 -0.0613746 0)
(0.0100425 0.0180356 0)
(0.0291509 0.0118804 0)
(0.0370776 0.00977178 0)
(0.0447641 0.00828266 0)
(0.0480862 0.00778936 0)
(0.0530505 0.00940208 0)
(0.0508523 0.010005 0)
(0.0578124 0.011666 0)
(0.0544195 0.0124858 0)
(0.0641806 0.00868804 0)
(0.0612719 0.00332404 0)
(0.0643044 -0.00249298 0)
(0.0631178 0.00320096 0)
(0.0646069 -0.00335841 0)
(0.0690947 0.00906198 0)
(0.0665109 0.00130069 0)
(0.0643191 0.0130447 0)
(0.0590762 -2.65314e-05 0)
(0.0541401 -0.00381123 0)
(0.030963 -0.000818716 0)
)
;

boundaryField
{
    movingWall
    {
        type            fixedValue;
        value           uniform (1 0 0);
    }
    fixedWalls
    {
        type            noSlip;
    }
    frontAndBack
    {
        type            empty;
    }
}


// ************************************************************************* //
