/*--------------------------------*- C++ -*----------------------------------*\
| =========                 |                                                 |
| \\      /  F ield         | OpenFOAM: The Open Source CFD Toolbox           |
|  \\    /   O peration     | Version:  5.x                                   |
|   \\  /    A nd           | Web:      www.OpenFOAM.org                      |
|    \\/     M anipulation  |                                                 |
\*---------------------------------------------------------------------------*/
FoamFile
{
    version     2.0;
    format      ascii;
    class       volScalarField;
    location    "6.7";
    object      p;
}
// * * * * * * * * * * * * * * * * * * * * * * * * * * * * * * * * * * * * * //

dimensions      [0 2 -2 0 0 0 0];

internalField   nonuniform List<scalar> 
400
(
1.9962e-10
2.40728e-05
5.81127e-05
3.11487e-05
-0.000167079
-0.000457176
-0.000700614
-0.000943318
-0.00110568
-0.00109896
-0.0010596
-0.000992791
-0.000786652
-0.000544316
-0.000423652
-0.000361256
-0.000271518
-8.66395e-05
0.000189902
0.000875874
-7.76045e-05
-7.73855e-05
-9.00845e-05
-0.000167785
-0.000349807
-0.000504201
-0.000653363
-0.000964501
-0.00127181
-0.00125195
-0.00112984
-0.0010767
-0.000879833
-0.000591371
-0.000450407
-0.000407238
-0.000398154
-0.000315157
-0.000192479
0.000278942
-0.000159618
-0.000168762
-0.000195978
-0.000260503
-0.000385968
-0.000565459
-0.000805987
-0.00110994
-0.00122968
-0.00118782
-0.00111
-0.00100004
-0.000820408
-0.00060882
-0.000498587
-0.000442356
-0.000437713
-0.000393812
-0.000368651
-0.000129114
-0.000235901
-0.00024868
-0.000279063
-0.000334693
-0.00043155
-0.000566776
-0.000728322
-0.000878956
-0.00098179
-0.0010128
-0.000983594
-0.000899148
-0.000777279
-0.000626388
-0.000544407
-0.000480472
-0.000482937
-0.000441727
-0.00047168
-0.000353091
-0.000298901
-0.000312025
-0.000340717
-0.000389095
-0.000462102
-0.000556516
-0.000662327
-0.000763664
-0.000844655
-0.000873168
-0.000853153
-0.000791308
-0.000712487
-0.000612852
-0.000568796
-0.000503179
-0.00051978
-0.000460668
-0.000496094
-0.000416785
-0.000348545
-0.000360544
-0.000385538
-0.000424844
-0.000479059
-0.000545188
-0.000617154
-0.000684236
-0.000734988
-0.00075154
-0.000740143
-0.000708762
-0.000666834
-0.00060044
-0.000577659
-0.000513313
-0.000534909
-0.000469372
-0.000511932
-0.000456705
-0.00038637
-0.000396817
-0.000417799
-0.000449161
-0.000489898
-0.000537461
-0.000587586
-0.000633168
-0.000668791
-0.000685621
-0.000685355
-0.000663461
-0.000639179
-0.000591073
-0.000584313
-0.000526365
-0.000556469
-0.000489529
-0.000550413
-0.000490515
-0.0004144
-0.000423589
-0.000441094
-0.000466027
-0.000497139
-0.000532024
-0.000567996
-0.000599787
-0.00062496
-0.000637138
-0.000639564
-0.000621496
-0.000612602
-0.000573971
-0.000578916
-0.000523738
-0.00056029
-0.000491325
-0.000558971
-0.00048928
-0.000434235
-0.000442745
-0.000458032
-0.00047865
-0.000503097
-0.000529546
-0.000556127
-0.000579608
-0.000598656
-0.000609412
-0.000614688
-0.000608029
-0.000604328
-0.000574491
-0.000583567
-0.000537399
-0.000570161
-0.000507636
-0.000554977
-0.000504036
-0.000447403
-0.000456891
-0.000470948
-0.00048831
-0.000507659
-0.000527422
-0.000547209
-0.000564021
-0.000578216
-0.000584554
-0.000590081
-0.00057829
-0.000583735
-0.000554114
-0.000573429
-0.000526137
-0.000567496
-0.000508198
-0.000565452
-0.000517058
-0.000454171
-0.000465524
-0.000480292
-0.000496461
-0.000512956
-0.000529416
-0.000544897
-0.000558252
-0.000569333
-0.000575768
-0.000581723
-0.000578585
-0.000583228
-0.000568146
-0.000580228
-0.000551028
-0.000580251
-0.00053744
-0.000604989
-0.000550802
-0.000456172
-0.00047616
-0.000490075
-0.000505404
-0.000517557
-0.000528182
-0.000539676
-0.000547691
-0.000556339
-0.000558415
-0.000564334
-0.000555707
-0.000564284
-0.000542591
-0.000563415
-0.000530036
-0.000573696
-0.000531239
-0.000587897
-0.000550902
-0.000450757
-0.000479943
-0.000497519
-0.000511529
-0.000524769
-0.00053684
-0.000545308
-0.000552587
-0.000557961
-0.000562069
-0.00056636
-0.000565707
-0.000571666
-0.00056425
-0.000578968
-0.000559007
-0.000578312
-0.000537529
-0.000594161
-0.000518701
-0.000470979
-0.000527994
-0.000511028
-0.000529769
-0.000532542
-0.000535896
-0.000539528
-0.000540301
-0.000545545
-0.000545021
-0.000549956
-0.000544328
-0.000549448
-0.000536411
-0.000540299
-0.000526398
-0.000561091
-0.000521338
-0.000562182
-0.00053435
-0.000529997
-0.0006092
-0.000531113
-0.000544343
-0.000551051
-0.000552375
-0.000547604
-0.000552885
-0.000550724
-0.000557898
-0.000556297
-0.000564773
-0.000559037
-0.00056591
-0.000581977
-0.000571444
-0.000600879
-0.000540393
-0.000604513
-0.000524495
-0.000662014
-0.00064368
-0.000560173
-0.000576688
-0.000558211
-0.000542511
-0.000540456
-0.000538127
-0.000542374
-0.000538319
-0.000544627
-0.000540483
-0.000549362
-0.000549804
-0.000529231
-0.000510705
-0.000509619
-0.000519749
-0.000523305
-0.000488181
-0.000437957
-0.000561553
-0.000572889
-0.000521473
-0.000545757
-0.000529017
-0.000532159
-0.000542424
-0.000541199
-0.000554294
-0.000553852
-0.000562644
-0.000553347
-0.000588664
-0.000553633
-0.000580617
-0.000651825
-0.000537543
-0.000639607
-0.000452725
-0.000461961
-0.000662882
-0.000569599
-0.000522747
-0.000543139
-0.000517795
-0.000531242
-0.000524569
-0.000540658
-0.000537767
-0.000542456
-0.000544224
-0.000546687
-0.000548858
-0.0005458
-0.000630807
-0.00054892
-0.000436091
-0.000404214
-0.000238665
-0.000415596
-0.000559254
-0.0005823
-0.000559655
-0.000527902
-0.000517016
-0.000519479
-0.000522147
-0.000538464
-0.000533227
-0.000557045
-0.000529271
-0.000595376
-0.000526027
-0.000568322
-0.000626861
-0.000507424
-0.000630468
-0.000496476
-2.28284e-05
-0.000578393
-0.000535769
-0.000485411
-0.000551738
-0.000511641
-0.000509254
-0.000513639
-0.000519551
-0.000518492
-0.000521375
-0.000522199
-0.000514114
-0.0005056
-0.00050124
-0.000537639
-0.000551746
-0.000510674
-0.000277629
0.000115532
0.00139383
)
;

boundaryField
{
    movingWall
    {
        type            zeroGradient;
    }
    fixedWalls
    {
        type            zeroGradient;
    }
    frontAndBack
    {
        type            empty;
    }
}


// ************************************************************************* //
