/*--------------------------------*- C++ -*----------------------------------*\
| =========                 |                                                 |
| \\      /  F ield         | OpenFOAM: The Open Source CFD Toolbox           |
|  \\    /   O peration     | Version:  5.x                                   |
|   \\  /    A nd           | Web:      www.OpenFOAM.org                      |
|    \\/     M anipulation  |                                                 |
\*---------------------------------------------------------------------------*/
FoamFile
{
    version     2.0;
    format      ascii;
    class       volScalarField;
    location    "15.4";
    object      p;
}
// * * * * * * * * * * * * * * * * * * * * * * * * * * * * * * * * * * * * * //

dimensions      [0 2 -2 0 0 0 0];

internalField   nonuniform List<scalar> 
400
(
2.17783e-09
-0.000469861
-0.000814548
-0.00103347
-0.0011244
-0.00118547
-0.0012135
-0.0012314
-0.0012468
-0.00126404
-0.00128303
-0.0012873
-0.00129329
-0.00128858
-0.00128256
-0.00121622
-0.00103632
-0.000726642
-0.000418233
0.000845792
-0.000507934
-0.000841564
-0.00103735
-0.00114341
-0.00117498
-0.00119854
-0.00122405
-0.0012342
-0.0012541
-0.00126891
-0.00128706
-0.00131204
-0.00130367
-0.00131889
-0.0013134
-0.00130042
-0.00131324
-0.00110196
-0.00108201
-0.000148622
-0.000832924
-0.00107161
-0.00114316
-0.00119348
-0.00120799
-0.00121887
-0.00123766
-0.00124529
-0.00126215
-0.00127279
-0.00129015
-0.00129812
-0.00130999
-0.0012938
-0.00131468
-0.00125579
-0.00129141
-0.00117668
-0.00108173
-0.000711143
-0.00102819
-0.00115734
-0.00117673
-0.00120022
-0.00121059
-0.00122355
-0.00124167
-0.00125545
-0.00127065
-0.00128222
-0.001293
-0.00129842
-0.00130994
-0.00129525
-0.00131316
-0.00127957
-0.00129319
-0.00119905
-0.00127876
-0.00104172
-0.00111512
-0.00118203
-0.00119577
-0.00121067
-0.00122215
-0.00123671
-0.00125149
-0.00126546
-0.00128262
-0.00128731
-0.00130776
-0.00129917
-0.00131332
-0.00130013
-0.00130877
-0.00126864
-0.00128871
-0.00123327
-0.00121951
-0.00115316
-0.00117392
-0.0012035
-0.00121508
-0.00122544
-0.00123537
-0.00124874
-0.00126402
-0.00127857
-0.00129603
-0.00130142
-0.00131158
-0.00130101
-0.00131417
-0.00130105
-0.00131596
-0.00128513
-0.00130654
-0.00126561
-0.00128148
-0.00125455
-0.00119941
-0.00123978
-0.00121438
-0.00123969
-0.00123924
-0.00125783
-0.00127247
-0.00128898
-0.00131737
-0.00132253
-0.00135427
-0.00131193
-0.00132316
-0.00131701
-0.00132067
-0.001308
-0.00131303
-0.00129755
-0.00127492
-0.00130875
-0.00122175
-0.00123429
-0.00124004
-0.00124172
-0.00125526
-0.00126925
-0.00128925
-0.00130976
-0.00133464
-0.00135597
-0.00137138
-0.00134352
-0.00132532
-0.00131794
-0.00131886
-0.0013148
-0.00133247
-0.00133021
-0.00129852
-0.00136029
-0.00125061
-0.0012665
-0.00125969
-0.00126405
-0.00126424
-0.00127741
-0.0012992
-0.00132799
-0.00137386
-0.00142591
-0.0014239
-0.00136584
-0.00134427
-0.0013511
-0.00137253
-0.00137441
-0.00140778
-0.0013814
-0.00135977
-0.00134038
-0.00126106
-0.00127535
-0.00125818
-0.00125719
-0.00126991
-0.00128669
-0.00130869
-0.00134246
-0.00139847
-0.00146116
-0.00144789
-0.00141955
-0.00136998
-0.00130401
-0.00135091
-0.00131587
-0.00136423
-0.00133413
-0.00136593
-0.00128963
-0.00127081
-0.00126969
-0.00126896
-0.00128209
-0.00129816
-0.00130577
-0.00136284
-0.00143367
-0.00149886
-0.00147878
-0.00143722
-0.00142972
-0.00138265
-0.00135253
-0.00138736
-0.0013858
-0.00136001
-0.00132112
-0.00135264
-0.0012864
-0.00124766
-0.00125013
-0.00125602
-0.00126909
-0.00129368
-0.00131551
-0.00142841
-0.00154398
-0.00167846
-0.00160687
-0.00151512
-0.00141293
-0.0013592
-0.00134933
-0.00135052
-0.00134991
-0.00134658
-0.00131088
-0.00136267
-0.00131558
-0.0012287
-0.00126738
-0.00125693
-0.00127837
-0.00129955
-0.00134129
-0.00150647
-0.0016594
-0.00185353
-0.00174632
-0.00162406
-0.00155963
-0.001497
-0.00138462
-0.00142986
-0.00137048
-0.00140619
-0.00136853
-0.00141798
-0.00132447
-0.00122442
-0.00124282
-0.00123444
-0.00124218
-0.00127773
-0.00131453
-0.00148615
-0.00166429
-0.00186037
-0.0017814
-0.00167688
-0.00164101
-0.00128904
-0.00136681
-0.00133128
-0.0013357
-0.00142061
-0.00126996
-0.00140036
-0.00127739
-0.0011642
-0.00119651
-0.00120602
-0.00120798
-0.00123432
-0.00126399
-0.00141931
-0.00154283
-0.00175802
-0.00174087
-0.00166613
-0.00160171
-0.00127165
-0.00134176
-0.00137853
-0.00130437
-0.00146299
-0.00134549
-0.00139568
-0.00120057
-0.00113038
-0.0011701
-0.00119785
-0.00117264
-0.001209
-0.00120953
-0.00131428
-0.00140714
-0.00152644
-0.00159377
-0.0015775
-0.00152315
-0.00142081
-0.0014933
-0.00137996
-0.00119535
-0.00123313
-0.00114488
-0.00120613
-0.00112038
-0.00102204
-0.00111134
-0.00114681
-0.00114236
-0.00117701
-0.00116354
-0.00121235
-0.00129627
-0.00139372
-0.00148481
-0.00151858
-0.00126862
-0.00142822
-0.00166731
-0.00135653
-0.00129573
-0.0013989
-0.0013055
-0.00134598
-0.00107888
-0.000847532
-0.0010055
-0.0010871
-0.00110783
-0.00112558
-0.00116046
-0.00117873
-0.0012207
-0.00132637
-0.00154702
-0.00174977
-0.00165467
-0.00149396
-0.00134503
-0.00128787
-0.0013871
-0.00125623
-0.00117334
-0.00106291
-0.000763296
-0.000580687
-0.000827187
-0.00101012
-0.00104206
-0.00108723
-0.00108453
-0.00112018
-0.00111842
-0.00134149
-0.00175519
-0.00213006
-0.00171566
-0.00139274
-0.00121348
-0.00123521
-0.0013532
-0.00114844
-0.00137347
-0.00109272
-0.000304991
-0.000289436
-0.000557102
-0.000885797
-0.00102462
-0.00107479
-0.00112605
-0.00118816
-0.0013636
-0.00150244
-0.0015377
-0.00141922
-0.00128638
-0.00120354
-0.00117956
-0.00120484
-0.00124628
-0.00120293
-0.000886493
-5.73915e-05
0.00186402
)
;

boundaryField
{
    movingWall
    {
        type            zeroGradient;
    }
    fixedWalls
    {
        type            zeroGradient;
    }
    frontAndBack
    {
        type            empty;
    }
}


// ************************************************************************* //
