/*--------------------------------*- C++ -*----------------------------------*\
| =========                 |                                                 |
| \\      /  F ield         | OpenFOAM: The Open Source CFD Toolbox           |
|  \\    /   O peration     | Version:  5.x                                   |
|   \\  /    A nd           | Web:      www.OpenFOAM.org                      |
|    \\/     M anipulation  |                                                 |
\*---------------------------------------------------------------------------*/
FoamFile
{
    version     2.0;
    format      ascii;
    class       surfaceScalarField;
    location    "15.4";
    object      phi;
}
// * * * * * * * * * * * * * * * * * * * * * * * * * * * * * * * * * * * * * //

dimensions      [0 3 -1 0 0 0 0];

internalField   nonuniform List<scalar> 
760
(
-1.03179e-06
1.03179e-06
-1.78155e-06
7.4976e-07
-2.07439e-06
2.92837e-07
-2.27428e-06
1.99899e-07
-2.33483e-06
6.05456e-08
-2.4011e-06
6.62725e-08
-2.44884e-06
4.77428e-08
-2.48606e-06
3.7218e-08
-2.5476e-06
6.15386e-08
-2.59649e-06
4.88904e-08
-2.66598e-06
6.94918e-08
-2.71257e-06
4.6588e-08
-2.75804e-06
4.547e-08
-2.7666e-06
8.56284e-09
-2.77826e-06
1.1652e-08
-2.71623e-06
-6.20274e-08
-2.64282e-06
-7.34053e-08
-2.20183e-06
-4.40996e-07
-1.49454e-06
-7.0729e-07
-1.49454e-06
-6.21718e-07
1.65351e-06
-9.18872e-07
1.04691e-06
-1.04298e-06
4.16949e-07
-1.07057e-06
2.27486e-07
-1.04727e-06
3.72432e-08
-1.08682e-06
1.0582e-07
-1.07959e-06
4.05157e-08
-1.11192e-06
6.95452e-08
-1.11729e-06
6.69111e-08
-1.13197e-06
6.35733e-08
-1.13956e-06
7.70819e-08
-1.12343e-06
3.04567e-08
-1.11946e-06
4.14951e-08
-1.11019e-06
-7.05651e-10
-1.15723e-06
5.86995e-08
-1.18758e-06
-3.16788e-08
-1.20399e-06
-5.70013e-08
-1.22931e-06
-4.15676e-07
-1.02348e-06
-9.13121e-07
-2.51801e-06
-3.02779e-07
1.95628e-06
-3.99568e-07
1.1437e-06
-3.28348e-07
3.4573e-07
-2.82982e-07
1.82119e-07
-3.0218e-07
5.64413e-08
-2.85431e-07
8.90703e-08
-3.22216e-07
7.73014e-08
-3.37519e-07
8.48476e-08
-3.57052e-07
8.64444e-08
-3.8672e-07
9.32418e-08
-4.1517e-07
1.05531e-07
-4.63504e-07
7.87907e-08
-4.76375e-07
5.43665e-08
-4.98512e-07
2.14313e-08
-4.34848e-07
-4.96408e-09
-4.17248e-07
-4.92791e-08
-2.53853e-07
-2.20396e-07
-1.19844e-07
-5.49684e-07
-2.59651e-07
-7.73314e-07
-2.77767e-06
-1.22474e-07
2.07876e-06
-1.46123e-07
1.16735e-06
-1.08682e-07
3.08288e-07
-1.01689e-07
1.75127e-07
-1.66332e-07
1.21083e-07
-2.08364e-07
1.31102e-07
-2.41754e-07
1.10692e-07
-2.66297e-07
1.0939e-07
-2.56993e-07
7.71402e-08
-2.53036e-07
8.9285e-08
-2.11191e-07
6.3686e-08
-2.40695e-07
1.08295e-07
-2.20549e-07
3.42205e-08
-2.32564e-07
3.34465e-08
-1.86529e-07
-5.09989e-08
-1.32123e-07
-1.03685e-07
-2.04509e-07
-1.48011e-07
-2.55301e-07
-4.98892e-07
-2.30865e-07
-7.97751e-07
-3.00853e-06
-7.2232e-08
2.15099e-06
-8.43322e-08
1.17945e-06
-1.08702e-07
3.32658e-07
-1.19447e-07
1.85871e-07
-1.57637e-07
1.59273e-07
-1.95724e-07
1.6919e-07
-2.16834e-07
1.31802e-07
-2.2657e-07
1.19126e-07
-2.12829e-07
6.33998e-08
-1.58509e-07
3.49648e-08
-1.11011e-07
1.61876e-08
-1.39561e-07
1.36844e-07
-1.0979e-07
4.45005e-09
-1.33071e-07
5.67277e-08
-1.94212e-07
1.01417e-08
-2.09845e-07
-8.80518e-08
-1.12876e-07
-2.4498e-07
-1.42616e-08
-5.97507e-07
-1.91666e-09
-8.10095e-07
-3.01045e-06
-3.79783e-08
2.18897e-06
-6.96733e-08
1.21115e-06
-9.38142e-08
3.56799e-07
-1.56132e-07
2.4819e-07
-2.03615e-07
2.06756e-07
-2.38662e-07
2.04238e-07
-2.71302e-07
1.64442e-07
-2.71712e-07
1.19536e-07
-2.53075e-07
4.47632e-08
-1.78814e-07
-3.92966e-08
-1.27605e-07
-3.50215e-08
-1.69112e-07
1.78351e-07
-1.48757e-07
-1.59049e-08
-1.61566e-07
6.95374e-08
-1.88089e-07
3.66649e-08
-1.71561e-07
-1.0458e-07
-2.1822e-07
-1.98321e-07
-2.35498e-07
-5.80228e-07
-1.44058e-07
-9.01536e-07
-3.1545e-06
-3.18947e-08
2.22086e-06
-2.703e-08
1.20628e-06
-7.14562e-08
4.01225e-07
-1.13554e-07
2.90287e-07
-1.48473e-07
2.41676e-07
-2.04885e-07
2.60649e-07
-2.65679e-07
2.25236e-07
-2.57571e-07
1.11428e-07
-1.36819e-07
-7.59896e-08
-4.22615e-08
-1.33854e-07
-1.00798e-07
2.35145e-08
-1.86774e-07
2.64328e-07
-1.29519e-07
-7.31594e-08
-1.4563e-07
8.56485e-08
-1.10537e-07
1.57198e-09
-9.63695e-08
-1.18748e-07
-1.40443e-07
-1.54247e-07
-6.07898e-08
-6.59882e-07
1.15891e-08
-9.73915e-07
-3.14292e-06
-2.83019e-08
2.24917e-06
-8.81427e-08
1.26612e-06
-9.72703e-08
4.10353e-07
-1.52453e-07
3.4547e-07
-2.6583e-07
3.55052e-07
-3.07125e-07
3.01944e-07
-3.18313e-07
2.36423e-07
-2.93403e-07
8.65188e-08
-1.7494e-07
-1.94453e-07
-1.08056e-07
-2.00738e-07
-2.71961e-07
1.8742e-07
-3.95357e-07
3.87724e-07
-3.44965e-07
-1.23551e-07
-3.15376e-07
5.6059e-08
-3.45357e-07
3.15534e-08
-3.94664e-07
-6.94417e-08
-2.8914e-07
-2.59771e-07
-2.006e-07
-7.48423e-07
-7.13046e-08
-1.10321e-06
-3.21422e-06
-3.08728e-08
2.28004e-06
-1.35767e-08
1.24883e-06
-5.844e-08
4.55216e-07
-1.00678e-07
3.87708e-07
-2.07866e-07
4.6224e-07
-3.08461e-07
4.0254e-07
-3.09629e-07
2.37591e-07
-2.5734e-07
3.42305e-08
-2.27037e-07
-2.24756e-07
-2.70669e-07
-1.57107e-07
-3.7516e-07
2.91911e-07
-3.69583e-07
3.82146e-07
-2.26204e-07
-2.66929e-07
-2.42324e-07
7.21788e-08
-2.69599e-07
5.88284e-08
-1.60786e-07
-1.78254e-07
-8.83036e-08
-3.32253e-07
-6.5366e-08
-7.7136e-07
-2.86791e-08
-1.1399e-06
-3.2429e-06
-6.72511e-09
2.28676e-06
-3.15128e-08
1.27362e-06
-4.73014e-08
4.71005e-07
-2.16661e-07
5.57068e-07
-3.20283e-07
5.65862e-07
-4.19196e-07
5.01453e-07
-5.66718e-07
3.85113e-07
-6.36459e-07
1.03971e-07
-7.07787e-07
-1.53428e-07
-6.4333e-07
-2.21563e-07
-6.0894e-07
2.57521e-07
-5.59397e-07
3.32604e-07
-3.51729e-07
-4.74598e-07
-2.403e-07
-3.925e-08
-1.48244e-07
-3.32273e-08
-6.63875e-08
-2.60111e-07
1.64289e-07
-5.62931e-07
1.64607e-07
-7.71678e-07
-2.51019e-08
-9.50187e-07
-3.268e-06
2.33066e-08
2.26346e-06
4.40529e-08
1.25287e-06
-1.11177e-07
6.26235e-07
-2.48263e-07
6.94154e-07
-2.55491e-07
5.7309e-07
-3.19963e-07
5.65925e-07
-6.15841e-07
6.8099e-07
-8.56632e-07
3.44763e-07
-9.78962e-07
-3.10984e-08
-8.08857e-07
-3.91668e-07
-4.03459e-07
-1.47877e-07
-8.53575e-08
1.45023e-08
1.38849e-07
-6.98805e-07
1.42315e-07
-4.2716e-08
1.13767e-07
-4.67861e-09
-6.43698e-08
-8.19748e-08
-1.08334e-07
-5.18967e-07
-1.62462e-08
-8.63766e-07
-5.1493e-09
-9.61284e-07
-3.27315e-06
3.47333e-08
2.22872e-06
1.67484e-09
1.28593e-06
-2.50439e-08
6.52954e-07
7.56672e-08
5.93443e-07
5.64029e-08
5.92354e-07
-1.69584e-07
7.91912e-07
-4.5128e-07
9.62686e-07
-6.77434e-07
5.70917e-07
-8.91491e-07
1.82958e-07
-8.95241e-07
-3.87918e-07
-6.0429e-07
-4.38828e-07
-1.08826e-07
-4.80962e-07
1.0259e-07
-9.1022e-07
1.41579e-07
-8.17055e-08
2.94699e-07
-1.57799e-07
2.28178e-07
-1.54539e-08
-1.31746e-07
-1.59042e-07
-2.18616e-07
-7.76896e-07
-3.37055e-08
-1.14619e-06
-3.30686e-06
1.04026e-08
2.21832e-06
1.67233e-09
1.29466e-06
8.72321e-08
5.67394e-07
2.21496e-07
4.59179e-07
1.18751e-07
6.95099e-07
-1.14371e-09
9.11806e-07
-2.01946e-08
9.81737e-07
-1.55039e-07
7.05762e-07
-2.33768e-07
2.61687e-07
-2.1373e-07
-4.07955e-07
-2.86141e-07
-3.66418e-07
-1.01862e-07
-6.6524e-07
8.55132e-08
-1.0976e-06
1.06535e-07
-1.02727e-07
1.99357e-07
-2.50621e-07
1.29443e-07
5.44601e-08
-9.57732e-08
6.61745e-08
-1.11627e-07
-7.61042e-07
-4.47548e-08
-1.21307e-06
-3.35161e-06
9.26815e-08
2.12564e-06
1.18749e-07
1.26859e-06
1.64232e-07
5.21911e-07
1.32244e-07
4.91167e-07
2.72189e-07
5.55155e-07
4.7395e-07
7.10045e-07
5.0189e-07
9.53797e-07
4.58348e-07
7.49303e-07
3.85304e-07
3.34731e-07
3.03977e-07
-3.26628e-07
1.78684e-07
-2.41125e-07
2.33203e-07
-7.19759e-07
-9.20967e-09
-8.55183e-07
-1.3766e-07
2.57235e-08
-1.62526e-07
-2.25756e-07
-2.25655e-07
1.17589e-07
1.38862e-07
-2.98343e-07
8.07048e-08
-7.02885e-07
3.49665e-08
-1.16733e-06
-3.31664e-06
-1.23691e-08
2.13801e-06
3.66684e-08
1.21955e-06
8.19732e-08
4.76606e-07
2.92083e-07
2.81057e-07
5.07007e-07
3.4023e-07
7.38026e-07
4.79026e-07
9.24032e-07
7.67792e-07
1.0236e-06
6.49736e-07
1.10815e-06
2.50177e-07
1.03258e-06
-2.5106e-07
1.09707e-06
-3.05615e-07
1.12179e-06
-7.44475e-07
1.03092e-06
-7.64313e-07
1.02978e-06
2.6865e-08
8.23414e-07
-1.93904e-08
8.11325e-07
1.29677e-07
7.60298e-07
-2.47316e-07
2.21618e-07
-1.64205e-07
-3.55615e-08
-9.10149e-07
-3.35221e-06
1.36303e-07
2.00171e-06
1.52978e-07
1.20288e-06
2.32357e-07
3.97227e-07
2.33892e-07
2.79523e-07
5.03482e-07
7.06404e-08
7.37054e-07
2.45454e-07
9.731e-07
5.31746e-07
1.28072e-06
3.42116e-07
1.42693e-06
1.0397e-07
1.43494e-06
-2.59077e-07
1.537e-06
-4.07675e-07
1.25176e-06
-4.5923e-07
9.63298e-07
-4.75853e-07
9.09939e-07
8.02237e-08
4.91983e-07
3.98566e-07
2.66507e-07
3.55154e-07
1.69566e-07
-1.50375e-07
6.92708e-08
-6.39103e-08
1.20622e-07
-9.615e-07
-3.23158e-06
1.05431e-07
1.89627e-06
2.29689e-07
1.07862e-06
3.63405e-07
2.63511e-07
3.7702e-07
2.65907e-07
4.54463e-07
-6.80251e-09
7.81609e-07
-8.16912e-08
9.59417e-07
3.53938e-07
1.29036e-06
1.1175e-08
1.55137e-06
-1.57044e-07
1.64487e-06
-3.52574e-07
1.3328e-06
-9.56038e-08
4.06652e-07
4.66916e-07
-5.25425e-07
4.56224e-07
-6.00687e-07
1.55486e-07
-1.02999e-07
-9.91226e-08
-9.56226e-08
3.47778e-07
3.00933e-07
-5.46931e-07
2.60892e-07
-2.38696e-08
-5.76037e-08
-6.43003e-07
-3.28919e-06
3.31181e-07
1.56509e-06
4.54431e-07
9.5537e-07
4.74391e-07
2.43551e-07
6.67873e-07
7.2425e-08
6.1481e-07
4.62605e-08
7.0326e-07
-1.70141e-07
9.59604e-07
9.75935e-08
1.07364e-06
-1.02857e-07
1.3075e-06
-3.90908e-07
1.36484e-06
-4.09918e-07
1.32228e-06
-5.30373e-08
1.33765e-06
4.51548e-07
1.21382e-06
5.8005e-07
8.90177e-07
4.79129e-07
9.46922e-07
-1.55868e-07
8.41227e-07
4.53473e-07
4.69573e-07
-1.75277e-07
1.73567e-07
2.72137e-07
3.97103e-07
-8.66539e-07
-2.89208e-06
4.90253e-07
1.07484e-06
7.91827e-07
6.53795e-07
7.29992e-07
3.05387e-07
6.24197e-07
1.78219e-07
5.01101e-07
1.69357e-07
2.19889e-07
1.11071e-07
7.57338e-08
2.41749e-07
-1.91522e-07
1.64399e-07
-7.05824e-07
1.23395e-07
-1.12093e-06
5.18654e-09
-1.21119e-06
3.72254e-08
-7.43894e-07
-1.57502e-08
-2.62496e-07
9.86527e-08
1.3029e-07
8.63425e-08
-1.16631e-07
9.10533e-08
2.32094e-07
1.04748e-07
7.16128e-08
-1.47961e-08
4.98021e-07
-1.54272e-07
1.08017e-06
-1.44869e-06
-1.81192e-06
1.07484e-06
1.72864e-06
2.03402e-06
2.21224e-06
2.3816e-06
2.49267e-06
2.73442e-06
2.89882e-06
3.02221e-06
3.0274e-06
3.06462e-06
3.04887e-06
3.14753e-06
3.23387e-06
3.32492e-06
3.42967e-06
3.41487e-06
3.2606e-06
1.81192e-06
)
;

boundaryField
{
    movingWall
    {
        type            calculated;
        value           uniform 0;
    }
    fixedWalls
    {
        type            calculated;
        value           uniform 0;
    }
    frontAndBack
    {
        type            empty;
        value           nonuniform 0();
    }
}


// ************************************************************************* //
