/*--------------------------------*- C++ -*----------------------------------*\
| =========                 |                                                 |
| \\      /  F ield         | OpenFOAM: The Open Source CFD Toolbox           |
|  \\    /   O peration     | Version:  5.x                                   |
|   \\  /    A nd           | Web:      www.OpenFOAM.org                      |
|    \\/     M anipulation  |                                                 |
\*---------------------------------------------------------------------------*/
FoamFile
{
    version     2.0;
    format      ascii;
    class       surfaceScalarField;
    location    "16.7";
    object      phi;
}
// * * * * * * * * * * * * * * * * * * * * * * * * * * * * * * * * * * * * * //

dimensions      [0 3 -1 0 0 0 0];

internalField   nonuniform List<scalar> 
760
(
-1.28665e-06
1.28665e-06
-2.1819e-06
8.95248e-07
-2.59168e-06
4.0978e-07
-2.83257e-06
2.40891e-07
-2.87508e-06
4.25137e-08
-2.93437e-06
5.92839e-08
-2.90824e-06
-2.61246e-08
-2.93864e-06
3.03969e-08
-2.9296e-06
-9.04187e-09
-2.9738e-06
4.42019e-08
-2.98652e-06
1.27224e-08
-3.02617e-06
3.96446e-08
-3.04717e-06
2.10045e-08
-3.06563e-06
1.84587e-08
-3.06406e-06
-1.56563e-09
-3.01902e-06
-4.50448e-08
-2.90459e-06
-1.14432e-07
-2.45089e-06
-4.53695e-07
-1.61477e-06
-8.36125e-07
-1.61477e-06
-6.70366e-07
1.95702e-06
-1.07378e-06
1.29867e-06
-1.24607e-06
5.82069e-07
-1.27743e-06
2.7225e-07
-1.30198e-06
6.7066e-08
-1.30554e-06
6.28407e-08
-1.3153e-06
-1.63674e-08
-1.30889e-06
2.39927e-08
-1.31476e-06
-3.17166e-09
-1.30383e-06
3.32694e-08
-1.31673e-06
2.56172e-08
-1.34744e-06
7.0354e-08
-1.38901e-06
6.25793e-08
-1.3971e-06
2.65508e-08
-1.42672e-06
2.80473e-08
-1.37805e-06
-9.37141e-08
-1.39829e-06
-9.41868e-08
-1.41318e-06
-4.38808e-07
-1.14806e-06
-1.10124e-06
-2.76283e-06
-3.0968e-07
2.2667e-06
-4.5118e-07
1.44016e-06
-4.11744e-07
5.42634e-07
-3.73576e-07
2.34082e-07
-3.81833e-07
7.53225e-08
-3.83449e-07
6.44566e-08
-4.32341e-07
3.25248e-08
-4.71986e-07
6.36376e-08
-5.26307e-07
5.11491e-08
-5.77583e-07
8.45458e-08
-6.22293e-07
7.03271e-08
-6.31552e-07
7.96129e-08
-6.30843e-07
6.18706e-08
-6.15544e-07
1.12513e-08
-5.35395e-07
-5.21012e-08
-4.83148e-07
-1.45962e-07
-2.25835e-07
-3.515e-07
-1.1435e-07
-5.50293e-07
-2.86863e-07
-9.2873e-07
-3.04969e-06
-1.26598e-07
2.39329e-06
-1.3469e-07
1.44826e-06
-5.80464e-08
4.6599e-07
-3.12844e-08
2.0732e-07
-6.8894e-08
1.12932e-07
-1.10476e-07
1.06038e-07
-1.69313e-07
9.13625e-08
-2.15156e-07
1.09481e-07
-2.63648e-07
9.96403e-08
-2.96581e-07
1.1748e-07
-3.0406e-07
7.78059e-08
-2.95205e-07
7.07579e-08
-2.40057e-07
6.72236e-09
-2.53322e-07
2.45163e-08
-2.97596e-07
-7.8275e-09
-3.83575e-07
-5.99818e-08
-4.21675e-07
-3.134e-07
-2.64812e-07
-7.07157e-07
-2.02919e-07
-9.90623e-07
-3.25261e-06
-2.26107e-08
2.41591e-06
1.66912e-08
1.40895e-06
6.23618e-08
4.2032e-07
7.75413e-08
1.92141e-07
3.39046e-08
1.56569e-07
-2.37352e-08
1.63678e-07
-7.18582e-08
1.39485e-07
-1.14372e-07
1.51994e-07
-1.39967e-07
1.25236e-07
-1.45655e-07
1.23168e-07
-1.55011e-07
8.71616e-08
-1.69085e-07
8.48314e-08
-1.33318e-07
-2.90439e-08
-2.22239e-07
1.13437e-07
-2.73089e-07
4.30219e-08
-2.47418e-07
-8.5652e-08
-1.59728e-07
-4.01091e-07
-1.32605e-08
-8.53624e-07
2.00837e-08
-1.02397e-06
-3.23252e-06
-3.02372e-09
2.41893e-06
2.82371e-08
1.37769e-06
5.65587e-08
3.91998e-07
1.58041e-08
2.32895e-07
-3.38741e-08
2.06247e-07
-6.64138e-08
1.96218e-07
-1.00515e-07
1.73587e-07
-1.38666e-07
1.90145e-07
-1.62605e-07
1.49175e-07
-1.46364e-07
1.06927e-07
-1.63202e-07
1.04e-07
-2.24269e-07
1.45898e-07
-1.13595e-07
-1.39718e-07
-1.21925e-07
1.21767e-07
-9.84131e-08
1.95097e-08
-8.83592e-08
-9.57059e-08
-2.04385e-07
-2.85065e-07
-1.76942e-07
-8.81067e-07
-8.74293e-08
-1.11348e-06
-3.31995e-06
5.53985e-08
2.36353e-06
1.00834e-07
1.33226e-06
8.29599e-08
4.09872e-07
5.59413e-08
2.59914e-07
4.65245e-08
2.15664e-07
-1.36954e-09
2.44112e-07
-5.89276e-08
2.31145e-07
-7.82689e-08
2.09486e-07
-6.68548e-08
1.37761e-07
-1.17092e-07
1.57163e-07
-1.3471e-07
1.21618e-07
-1.38388e-07
1.49577e-07
6.65918e-09
-2.84766e-07
-9.84503e-08
2.26877e-07
-7.43675e-08
-4.5731e-09
-2.25687e-08
-1.47505e-07
-3.95819e-08
-2.68052e-07
-1.5114e-08
-9.05534e-07
1.12444e-08
-1.13984e-06
-3.30871e-06
1.38627e-08
2.34967e-06
2.96107e-08
1.31651e-06
5.66145e-08
3.82868e-07
2.11492e-08
2.95379e-07
-1.53412e-08
2.52154e-07
-2.84533e-08
2.57224e-07
-7.60903e-08
2.78782e-07
-6.02116e-08
1.93607e-07
-1.40963e-08
9.16456e-08
-1.63248e-07
3.06315e-07
-4.35716e-07
3.94086e-07
-3.86133e-07
9.99938e-08
-1.09353e-07
-5.61546e-07
-1.76177e-07
2.93701e-07
-2.75998e-07
9.52479e-08
-2.13144e-07
-2.10359e-07
-1.03129e-07
-3.78066e-07
-1.58351e-07
-8.50312e-07
-7.96327e-08
-1.21856e-06
-3.38834e-06
4.17633e-08
2.3079e-06
8.10369e-08
1.27724e-06
3.26163e-08
4.31289e-07
1.811e-08
3.09885e-07
5.48754e-09
2.64777e-07
5.80374e-08
2.04674e-07
1.26387e-07
2.10433e-07
1.28304e-07
1.9169e-07
-1.31546e-08
2.33104e-07
-1.65901e-07
4.59062e-07
-2.92442e-07
5.20627e-07
-1.84089e-07
-8.3595e-09
8.73781e-08
-8.33013e-07
-7.18785e-08
4.52957e-07
-1.40188e-07
1.63557e-07
-1.22119e-07
-2.28428e-07
-2.20126e-07
-2.80059e-07
-1.65509e-07
-9.04929e-07
1.96136e-08
-1.40368e-06
-3.36873e-06
4.06867e-08
2.26722e-06
6.48375e-08
1.25309e-06
1.08125e-07
3.88002e-07
1.21083e-07
2.96927e-07
2.93794e-08
3.56481e-07
2.5257e-08
2.08796e-07
5.28474e-08
1.82842e-07
-1.40545e-07
3.85083e-07
-4.75683e-07
5.68242e-07
-6.56784e-07
6.40164e-07
-6.03854e-07
4.67697e-07
-3.98651e-07
-2.13563e-07
-2.64575e-07
-9.67089e-07
-2.45259e-07
4.33642e-07
-1.1053e-07
2.8828e-08
-1.2648e-07
-2.12478e-07
-1.99166e-07
-2.07374e-07
-2.25277e-07
-8.78817e-07
-7.71964e-08
-1.55176e-06
-3.44593e-06
2.56004e-08
2.24162e-06
2.83762e-08
1.25031e-06
2.021e-08
3.96168e-07
-3.60404e-08
3.53177e-07
-1.4689e-07
4.67331e-07
-1.3773e-07
1.99635e-07
-1.77992e-07
2.23104e-07
-2.10837e-07
4.17928e-07
-2.56946e-07
6.14351e-07
-2.96232e-07
6.79449e-07
-3.52827e-07
5.24292e-07
-4.22006e-07
-1.44385e-07
-2.81921e-07
-1.10717e-06
8.3662e-08
6.80588e-08
2.75878e-07
-1.63388e-07
3.50586e-07
-2.87186e-07
2.10512e-07
-6.72999e-08
1.15362e-07
-7.83667e-07
9.96638e-09
-1.44637e-06
-3.43596e-06
4.53098e-08
2.19631e-06
7.7192e-08
1.21843e-06
-6.72532e-08
5.40613e-07
-2.57191e-07
5.43114e-07
-3.48652e-07
5.58792e-07
-4.07793e-07
2.58776e-07
-5.44925e-07
3.60237e-07
-4.95787e-07
3.6879e-07
-4.19473e-07
5.38038e-07
-2.45485e-07
5.05461e-07
-1.14198e-08
2.90228e-07
-1.66501e-07
1.06967e-08
-3.27352e-07
-9.46322e-07
-1.22472e-07
-1.36822e-07
1.59515e-07
-4.45375e-07
3.14019e-07
-4.4169e-07
4.38358e-07
-1.91639e-07
4.57863e-07
-8.03172e-07
1.31187e-07
-1.11969e-06
-3.30477e-06
2.38268e-08
2.17248e-06
4.33496e-08
1.19891e-06
-4.91943e-08
6.33157e-07
-6.44152e-08
5.58335e-07
1.6501e-08
4.77876e-07
-8.48261e-08
3.60103e-07
-3.00369e-07
5.7578e-07
-4.20696e-07
4.89116e-07
-4.07893e-07
5.25235e-07
-2.38034e-07
3.35602e-07
-2.12609e-08
7.34542e-08
7.75282e-08
-8.80924e-08
-1.03257e-07
-7.65537e-07
-1.20363e-08
-2.28042e-07
3.18784e-08
-4.8929e-07
-2.30448e-07
-1.79363e-07
7.25724e-09
-4.29344e-07
3.74041e-08
-8.33319e-07
-2.22275e-08
-1.06006e-06
-3.327e-06
1.80478e-08
2.15443e-06
3.88981e-08
1.17806e-06
7.85583e-08
5.93497e-07
2.01117e-07
4.35777e-07
2.0656e-07
4.72433e-07
3.68495e-07
1.98168e-07
3.38006e-07
6.06269e-07
2.47461e-07
5.79661e-07
2.08265e-07
5.64431e-07
2.51549e-07
2.92318e-07
3.85813e-07
-6.08096e-08
3.74938e-07
-7.72179e-08
1.47379e-07
-5.37978e-07
2.737e-07
-3.54362e-07
2.79928e-07
-4.95518e-07
1.02885e-07
-2.32092e-09
3.70031e-07
-6.9649e-07
2.89712e-07
-7.52999e-07
1.07712e-07
-8.78059e-07
-3.21929e-06
4.10543e-08
2.11338e-06
1.82185e-09
1.21729e-06
4.35559e-08
5.51763e-07
2.84048e-07
1.95285e-07
3.72928e-07
3.83553e-07
4.92346e-07
7.87505e-08
7.14905e-07
3.83709e-07
9.96138e-07
2.98429e-07
1.09786e-06
4.62713e-07
1.06411e-06
3.26062e-07
1.2064e-06
-2.031e-07
1.01741e-06
1.11774e-07
1.01722e-06
-5.37791e-07
1.17457e-06
-5.11712e-07
1.10682e-06
-4.27766e-07
1.24833e-06
-1.43827e-07
7.69248e-07
-2.1741e-07
1.87366e-07
-1.71117e-07
1.6103e-08
-7.06795e-07
-3.20318e-06
7.16544e-08
2.04172e-06
1.43581e-07
1.14536e-06
1.48451e-07
5.46893e-07
-3.04329e-08
3.74169e-07
2.49459e-07
1.0366e-07
3.3477e-07
-6.55977e-09
6.63097e-07
5.53816e-08
1.17127e-06
-2.0974e-07
1.35923e-06
2.74747e-07
1.40814e-06
2.77148e-07
1.34012e-06
-1.35072e-07
1.32498e-06
1.26914e-07
1.01986e-06
-2.32676e-07
8.38998e-07
-3.30848e-07
4.98934e-07
-8.77022e-08
-5.99007e-08
4.15007e-07
-2.38905e-07
-3.84052e-08
-5.8334e-08
-3.51689e-07
4.71781e-08
-8.12307e-07
-3.15601e-06
1.54324e-07
1.8874e-06
1.16516e-07
1.18317e-06
2.32587e-07
4.30823e-07
3.24155e-07
2.82601e-07
3.12309e-07
1.15506e-07
4.47089e-07
-1.41339e-07
7.8229e-07
-2.79819e-07
9.03294e-07
-3.30744e-07
1.07567e-06
1.02367e-07
1.2731e-06
7.97264e-08
1.09218e-06
4.58465e-08
1.02616e-06
1.92932e-07
2.36676e-07
5.56806e-07
-3.97704e-07
3.03533e-07
-1.3205e-07
-3.53357e-07
-7.7357e-08
3.60315e-07
5.34679e-07
-6.50441e-07
4.5252e-07
-2.69529e-07
7.19e-08
-4.31688e-07
-3.08411e-06
3.47697e-07
1.5397e-06
5.91032e-07
9.39834e-07
4.8385e-07
5.38004e-07
6.4511e-07
1.21341e-07
7.50038e-07
1.0578e-08
7.6815e-07
-1.59451e-07
8.20934e-07
-3.32603e-07
7.50131e-07
-2.5994e-07
8.67287e-07
-1.47901e-08
1.03928e-06
-9.22674e-08
1.11498e-06
-2.985e-08
1.31673e-06
-8.81906e-09
1.51668e-06
3.5685e-07
1.16563e-06
6.54592e-07
9.06954e-07
-9.46848e-08
9.63276e-07
3.03992e-07
6.76052e-07
-3.63217e-07
5.87213e-08
3.47801e-07
3.27648e-07
-7.00614e-07
-2.75646e-06
4.64427e-07
1.07528e-06
7.77297e-07
6.26963e-07
9.408e-07
3.74501e-07
7.98774e-07
2.63367e-07
6.17708e-07
1.91645e-07
3.34876e-07
1.2338e-07
-1.62085e-07
1.64358e-07
-5.49333e-07
1.27308e-07
-6.84919e-07
1.20796e-07
-8.31679e-07
5.44921e-08
-8.72412e-07
1.08836e-08
-8.54704e-07
-2.65275e-08
-5.05234e-07
7.38013e-09
6.86972e-08
8.06608e-08
-1.45149e-07
1.19161e-07
6.6791e-08
9.20523e-08
-2.48956e-07
-4.74697e-08
1.90975e-07
-9.21298e-08
7.53595e-07
-1.26323e-06
-2.00286e-06
1.07528e-06
1.70224e-06
2.07674e-06
2.34011e-06
2.53175e-06
2.65513e-06
2.81949e-06
2.9468e-06
3.06759e-06
3.12209e-06
3.13297e-06
3.10644e-06
3.11382e-06
3.19448e-06
3.31364e-06
3.4057e-06
3.35823e-06
3.2661e-06
2.00286e-06
)
;

boundaryField
{
    movingWall
    {
        type            calculated;
        value           uniform 0;
    }
    fixedWalls
    {
        type            calculated;
        value           uniform 0;
    }
    frontAndBack
    {
        type            empty;
        value           nonuniform 0();
    }
}


// ************************************************************************* //
