/*--------------------------------*- C++ -*----------------------------------*\
| =========                 |                                                 |
| \\      /  F ield         | OpenFOAM: The Open Source CFD Toolbox           |
|  \\    /   O peration     | Version:  5.x                                   |
|   \\  /    A nd           | Web:      www.OpenFOAM.org                      |
|    \\/     M anipulation  |                                                 |
\*---------------------------------------------------------------------------*/
FoamFile
{
    version     2.0;
    format      ascii;
    class       surfaceScalarField;
    location    "2.6";
    object      phi;
}
// * * * * * * * * * * * * * * * * * * * * * * * * * * * * * * * * * * * * * //

dimensions      [0 3 -1 0 0 0 0];

internalField   nonuniform List<scalar> 
760
(
-7.71058e-09
7.71055e-09
-1.56934e-08
7.98284e-09
-2.35713e-08
7.87793e-09
-3.12773e-08
7.70593e-09
-3.87309e-08
7.45359e-09
-4.58331e-08
7.10224e-09
-5.24613e-08
6.62818e-09
-5.8464e-08
6.00269e-09
-6.36564e-08
5.19242e-09
-6.78171e-08
4.16067e-09
-7.06874e-08
2.87038e-09
-7.19772e-08
1.28977e-09
-7.13548e-08
-6.22409e-10
-6.84797e-08
-2.87506e-09
-6.30816e-08
-5.39811e-09
-5.4985e-08
-8.09668e-09
-4.41856e-08
-1.07994e-08
-3.09225e-08
-1.32631e-08
-1.57461e-08
-1.51765e-08
-1.57461e-08
-8.10533e-09
1.58159e-08
-1.64937e-08
1.63712e-08
-2.47728e-08
1.6157e-08
-3.28731e-08
1.58063e-08
-4.07128e-08
1.52932e-08
-4.81914e-08
1.45808e-08
-5.51853e-08
1.36221e-08
-6.15421e-08
1.23595e-08
-6.70752e-08
1.07255e-08
-7.15591e-08
8.6446e-09
-7.47278e-08
6.03909e-09
-7.62794e-08
2.84136e-09
-7.58688e-08
-1.03301e-09
-7.30877e-08
-5.65624e-09
-6.76105e-08
-1.08753e-08
-5.92001e-08
-1.65071e-08
-4.78007e-08
-2.21988e-08
-3.36079e-08
-2.74558e-08
-1.71842e-08
-3.16001e-08
-3.29303e-08
-8.21194e-09
2.40278e-08
-1.67262e-08
2.48855e-08
-2.51483e-08
2.4579e-08
-3.34186e-08
2.40766e-08
-4.14646e-08
2.33392e-08
-4.9196e-08
2.23122e-08
-5.64994e-08
2.09255e-08
-6.32322e-08
1.90923e-08
-6.92156e-08
1.67089e-08
-7.42268e-08
1.36558e-08
-7.7992e-08
9.80421e-09
-8.01835e-08
5.03291e-09
-8.04323e-08
-7.84248e-10
-7.82364e-08
-7.85213e-09
-7.31558e-08
-1.59559e-08
-6.47949e-08
-2.4868e-08
-5.29276e-08
-3.40661e-08
-3.76234e-08
-4.27601e-08
-1.94283e-08
-4.97952e-08
-5.23586e-08
-8.3513e-09
3.23791e-08
-1.70339e-08
3.35681e-08
-2.56511e-08
3.31962e-08
-3.41579e-08
3.25834e-08
-4.2496e-08
3.16773e-08
-5.05906e-08
3.04068e-08
-5.83451e-08
2.86799e-08
-6.56337e-08
2.6381e-08
-7.22928e-08
2.3368e-08
-7.81088e-08
1.94717e-08
-8.28039e-08
1.44994e-08
-8.60193e-08
8.24828e-09
-8.7385e-08
5.81395e-10
-8.62143e-08
-9.02276e-09
-8.19136e-08
-2.02566e-08
-7.38177e-08
-3.29639e-08
-6.13808e-08
-4.6503e-08
-4.44033e-08
-5.97376e-08
-2.33328e-08
-7.08656e-08
-7.56914e-08
-8.51753e-09
4.08967e-08
-1.74052e-08
4.24558e-08
-2.62632e-08
4.20542e-08
-3.5065e-08
4.13853e-08
-4.37709e-08
4.03832e-08
-5.23266e-08
3.89626e-08
-6.06593e-08
3.70127e-08
-6.86704e-08
3.4392e-08
-7.62234e-08
3.09211e-08
-8.31284e-08
2.63767e-08
-8.91204e-08
2.04914e-08
-9.38353e-08
1.29631e-08
-9.67697e-08
3.51582e-09
-9.72768e-08
-8.5156e-09
-9.43916e-08
-2.31418e-08
-8.70755e-08
-4.028e-08
-7.42369e-08
-5.93416e-08
-5.50941e-08
-7.88804e-08
-2.97956e-08
-9.61641e-08
-1.05487e-07
-8.69199e-09
4.95887e-08
-1.78038e-08
5.15677e-08
-2.69308e-08
5.11812e-08
-3.60682e-08
5.05226e-08
-4.51971e-08
4.95121e-08
-5.42885e-08
4.8054e-08
-6.33008e-08
4.6025e-08
-7.21734e-08
4.32646e-08
-8.08143e-08
3.9562e-08
-8.908e-08
3.46424e-08
-9.6744e-08
2.81555e-08
-1.03454e-07
1.96728e-08
-1.08658e-07
8.72057e-09
-1.11694e-07
-5.47988e-09
-1.11225e-07
-2.36115e-08
-1.05703e-07
-4.58021e-08
-9.31802e-08
-7.18639e-08
-7.16883e-08
-1.00372e-07
-4.05732e-08
-1.27279e-07
-1.4606e-07
-8.8502e-09
5.84389e-08
-1.81838e-08
6.09012e-08
-2.75875e-08
6.0585e-08
-3.70795e-08
6.00146e-08
-4.6662e-08
5.90945e-08
-5.63331e-08
5.77252e-08
-6.60888e-08
5.57807e-08
-7.59194e-08
5.30951e-08
-8.57976e-08
4.94402e-08
-9.56572e-08
4.4502e-08
-1.05354e-07
3.78526e-08
-1.14604e-07
2.89226e-08
-1.22867e-07
1.69834e-08
-1.29634e-07
1.28722e-09
-1.33074e-07
-2.01718e-08
-1.31157e-07
-4.77192e-08
-1.20711e-07
-8.23091e-08
-9.76735e-08
-1.2341e-07
-5.92114e-08
-1.65741e-07
-2.05272e-07
-8.96008e-09
6.73989e-08
-1.84884e-08
7.04296e-08
-2.81551e-08
7.02517e-08
-3.79993e-08
6.98588e-08
-4.80385e-08
6.91337e-08
-5.8296e-08
6.79827e-08
-6.88093e-08
6.6294e-08
-7.96312e-08
6.3917e-08
-9.08228e-08
6.06319e-08
-1.02434e-07
5.61136e-08
-1.1447e-07
4.98877e-08
-1.26822e-07
4.12745e-08
-1.39164e-07
2.93255e-08
-1.50693e-07
1.28167e-08
-1.60294e-07
-1.05711e-08
-1.65024e-07
-4.29885e-08
-1.60288e-07
-8.70456e-08
-1.39024e-07
-1.44674e-07
-9.31199e-08
-2.11645e-07
-2.98391e-07
-8.97548e-09
7.63744e-08
-1.86477e-08
8.01017e-08
-2.8544e-08
8.0148e-08
-3.87213e-08
8.00362e-08
-4.91949e-08
7.96073e-08
-6.00042e-08
7.8792e-08
-7.12265e-08
7.75163e-08
-8.29858e-08
7.56763e-08
-9.54512e-08
7.30973e-08
-1.08826e-07
6.9488e-08
-1.2332e-07
6.43825e-08
-1.39103e-07
5.70574e-08
-1.56192e-07
4.64138e-08
-1.74187e-07
3.08122e-08
-1.92767e-07
8.00891e-09
-2.0864e-07
-2.71155e-08
-2.16217e-07
-7.94684e-08
-2.05064e-07
-1.55828e-07
-1.58446e-07
-2.58262e-07
-4.56838e-07
-8.83285e-09
8.52073e-08
-1.8575e-08
8.98438e-08
-2.86524e-08
9.02254e-08
-3.91408e-08
9.05246e-08
-5.00099e-08
9.04764e-08
-6.12964e-08
9.00785e-08
-7.31086e-08
8.93285e-08
-8.56446e-08
8.82122e-08
-9.91971e-08
8.66498e-08
-1.14159e-07
8.445e-08
-1.31028e-07
8.12512e-08
-1.50392e-07
7.64213e-08
-1.72866e-07
6.88884e-08
-1.98902e-07
5.68481e-08
-2.28261e-07
3.73672e-08
-2.60988e-07
5.61235e-09
-2.91859e-07
-4.85973e-08
-3.08025e-07
-1.39663e-07
-2.8852e-07
-2.77768e-07
-7.45358e-07
-8.34665e-09
9.35539e-08
-1.81542e-08
9.96514e-08
-2.83427e-08
1.00414e-07
-3.91772e-08
1.01359e-07
-5.04012e-08
1.017e-07
-6.20576e-08
1.01735e-07
-7.42633e-08
1.01534e-07
-8.72849e-08
1.01234e-07
-1.01529e-07
1.00894e-07
-1.17561e-07
1.00482e-07
-1.36141e-07
9.98302e-08
-1.58294e-07
9.85751e-08
-1.85433e-07
9.60275e-08
-2.1941e-07
9.0825e-08
-2.62392e-07
8.03489e-08
-3.17352e-07
6.05721e-08
-3.88734e-07
2.27852e-08
-4.58447e-07
-6.99493e-08
-5.14923e-07
-2.21292e-07
-1.26028e-06
-7.67801e-09
1.01232e-07
-1.73121e-08
1.09286e-07
-2.75265e-08
1.10628e-07
-3.87118e-08
1.12544e-07
-5.029e-08
1.13279e-07
-6.2215e-08
1.1366e-07
-7.45764e-08
1.13896e-07
-8.77017e-08
1.14359e-07
-1.02118e-07
1.15311e-07
-1.18586e-07
1.1695e-07
-1.38202e-07
1.19447e-07
-1.62523e-07
1.22896e-07
-1.9363e-07
1.27134e-07
-2.34577e-07
1.31772e-07
-2.89982e-07
1.35754e-07
-3.68133e-07
1.38723e-07
-4.84916e-07
1.39569e-07
-5.94376e-07
3.95106e-08
-6.81896e-07
-1.33772e-07
-1.94218e-06
-4.17146e-09
1.05403e-07
-1.55659e-08
1.2068e-07
-2.53856e-08
1.20448e-07
-3.8648e-08
1.25807e-07
-5.0255e-08
1.24886e-07
-6.22759e-08
1.25681e-07
-7.42689e-08
1.25889e-07
-8.68365e-08
1.26927e-07
-1.00491e-07
1.28965e-07
-1.15901e-07
1.3236e-07
-1.34036e-07
1.37581e-07
-1.56619e-07
1.4548e-07
-1.86491e-07
1.57005e-07
-2.28089e-07
1.73371e-07
-2.87276e-07
1.94941e-07
-3.69636e-07
2.21083e-07
-4.98553e-07
2.68485e-07
-5.70357e-07
1.11315e-07
-4.88137e-07
-2.15992e-07
-2.43031e-06
-7.8094e-09
1.13213e-07
-1.4216e-08
1.27086e-07
-2.54827e-08
1.31715e-07
-3.55536e-08
1.35878e-07
-4.75454e-08
1.36877e-07
-5.95003e-08
1.37636e-07
-7.18061e-08
1.38194e-07
-8.42988e-08
1.39419e-07
-9.73342e-08
1.42e-07
-1.11834e-07
1.4686e-07
-1.29082e-07
1.54829e-07
-1.50784e-07
1.67181e-07
-1.79311e-07
1.85533e-07
-2.17571e-07
2.11631e-07
-2.72507e-07
2.49876e-07
-3.31519e-07
2.80096e-07
-3.98189e-07
3.35155e-07
-4.39625e-07
1.5275e-07
-1.75168e-07
-4.80448e-07
-2.60548e-06
2.29007e-08
9.03121e-08
3.98933e-10
1.49588e-07
-1.62858e-08
1.484e-07
-3.85755e-08
1.58167e-07
-5.29825e-08
1.51284e-07
-6.63495e-08
1.51003e-07
-7.59004e-08
1.47745e-07
-8.48211e-08
1.4834e-07
-9.29882e-08
1.50167e-07
-1.0188e-07
1.55752e-07
-1.10856e-07
1.63805e-07
-1.22385e-07
1.78711e-07
-1.3668e-07
1.99828e-07
-1.57531e-07
2.32482e-07
-1.99039e-07
2.91384e-07
-2.58088e-07
3.39144e-07
-3.18724e-07
3.95792e-07
-4.09144e-07
2.4317e-07
-1.88242e-07
-7.0135e-07
-2.79372e-06
-1.27349e-08
1.03047e-07
-6.88331e-09
1.43737e-07
-1.66756e-08
1.58192e-07
-2.77998e-08
1.69291e-07
-3.84674e-08
1.61952e-07
-5.00994e-08
1.62635e-07
-6.14357e-08
1.59081e-07
-7.28729e-08
1.59777e-07
-8.34943e-08
1.60789e-07
-9.37274e-08
1.65985e-07
-1.04196e-07
1.74273e-07
-1.14591e-07
1.89105e-07
-1.30666e-07
2.15904e-07
-1.43223e-07
2.45039e-07
-1.73929e-07
3.2209e-07
-2.10147e-07
3.75362e-07
-2.17654e-07
4.03299e-07
-3.0468e-07
3.30195e-07
-1.67948e-07
-8.38082e-07
-2.96167e-06
8.17877e-08
2.12594e-08
-3.41923e-09
2.28944e-07
-6.16633e-08
2.16436e-07
-8.74662e-08
1.95094e-07
-9.68652e-08
1.71351e-07
-1.00976e-07
1.66746e-07
-9.81158e-08
1.56221e-07
-9.89226e-08
1.60584e-07
-9.24473e-08
1.54313e-07
-9.22676e-08
1.65805e-07
-8.13838e-08
1.6339e-07
-7.30193e-08
1.80741e-07
-5.19976e-08
1.94882e-07
-2.84271e-08
2.21468e-07
-6.87119e-09
3.00534e-07
-5.5327e-09
3.74024e-07
-2.27582e-08
4.20524e-07
-1.10288e-07
4.17726e-07
6.31903e-08
-1.01156e-06
-2.89848e-06
1.81631e-07
-1.60372e-07
2.45256e-07
1.65319e-07
2.55445e-07
2.06247e-07
1.949e-07
2.55639e-07
1.58058e-07
2.08193e-07
1.02694e-07
2.2211e-07
6.76677e-08
1.91247e-07
2.91775e-08
1.99074e-07
4.96068e-09
1.7853e-07
-1.53726e-08
1.86139e-07
-2.73537e-08
1.75371e-07
-2.57439e-08
1.79131e-07
-1.87477e-08
1.87886e-07
1.08634e-08
1.91857e-07
4.00739e-08
2.71324e-07
8.58893e-08
3.28209e-07
2.22652e-07
2.83761e-07
3.25169e-07
3.15209e-07
3.8687e-07
-1.07326e-06
-2.51161e-06
-5.72607e-07
4.12235e-07
-6.86488e-07
2.79199e-07
-7.2214e-07
2.419e-07
-6.8169e-07
2.15189e-07
-6.71929e-07
1.98432e-07
-6.28742e-07
1.78923e-07
-5.93284e-07
1.55789e-07
-5.65028e-07
1.70818e-07
-5.09804e-07
1.23306e-07
-4.7601e-07
1.52344e-07
-4.23009e-07
1.2237e-07
-3.56181e-07
1.12303e-07
-2.97477e-07
1.29182e-07
-2.04714e-07
9.90941e-08
-5.74736e-08
1.24084e-07
1.57459e-07
1.13276e-07
4.81357e-07
-4.01373e-08
8.19884e-07
-2.33176e-08
7.26027e-07
-9.79405e-07
-1.78558e-06
4.12235e-07
6.91435e-07
9.33335e-07
1.14852e-06
1.34696e-06
1.52588e-06
1.68167e-06
1.85249e-06
1.97579e-06
2.12814e-06
2.25051e-06
2.36281e-06
2.49199e-06
2.59109e-06
2.71517e-06
2.82844e-06
2.78831e-06
2.76499e-06
1.78558e-06
)
;

boundaryField
{
    movingWall
    {
        type            calculated;
        value           uniform 0;
    }
    fixedWalls
    {
        type            calculated;
        value           uniform 0;
    }
    frontAndBack
    {
        type            empty;
        value           nonuniform 0();
    }
}


// ************************************************************************* //
