/*--------------------------------*- C++ -*----------------------------------*\
| =========                 |                                                 |
| \\      /  F ield         | OpenFOAM: The Open Source CFD Toolbox           |
|  \\    /   O peration     | Version:  5.x                                   |
|   \\  /    A nd           | Web:      www.OpenFOAM.org                      |
|    \\/     M anipulation  |                                                 |
\*---------------------------------------------------------------------------*/
FoamFile
{
    version     2.0;
    format      ascii;
    class       surfaceScalarField;
    location    "11.2";
    object      phi;
}
// * * * * * * * * * * * * * * * * * * * * * * * * * * * * * * * * * * * * * //

dimensions      [0 3 -1 0 0 0 0];

internalField   nonuniform List<scalar> 
760
(
-1.02467e-06
1.02467e-06
-1.81422e-06
7.89546e-07
-2.09578e-06
2.81564e-07
-2.26681e-06
1.71032e-07
-2.30129e-06
3.44797e-08
-2.33508e-06
3.37854e-08
-2.37472e-06
3.96441e-08
-2.36297e-06
-1.17524e-08
-2.37873e-06
1.57564e-08
-2.40497e-06
2.6242e-08
-2.41935e-06
1.43848e-08
-2.39418e-06
-2.51716e-08
-2.39654e-06
2.35499e-09
-2.35418e-06
-4.23596e-08
-2.34645e-06
-7.72333e-09
-2.27546e-06
-7.09934e-08
-2.24813e-06
-2.73267e-08
-1.92366e-06
-3.24474e-07
-1.22499e-06
-6.98672e-07
-1.22499e-06
-6.36212e-07
1.66088e-06
-8.70176e-07
1.02351e-06
-9.52685e-07
3.64073e-07
-9.99621e-07
2.17969e-07
-1.02173e-06
5.6588e-08
-1.04423e-06
5.62885e-08
-1.02561e-06
2.10212e-08
-1.04423e-06
6.86284e-09
-1.04059e-06
1.21262e-08
-9.97697e-07
-1.66554e-08
-9.79833e-07
-3.47921e-09
-9.51702e-07
-5.33034e-08
-9.38528e-07
-1.08188e-08
-9.18295e-07
-6.25924e-08
-9.63964e-07
3.7946e-08
-1.01047e-06
-2.44828e-08
-1.04814e-06
1.03401e-08
-1.04378e-06
-3.28835e-07
-9.50017e-07
-7.92436e-07
-2.17501e-06
-3.12887e-07
1.97377e-06
-3.8232e-07
1.09294e-06
-3.50962e-07
3.32715e-07
-3.20517e-07
1.87524e-07
-3.29599e-07
6.56693e-08
-3.27599e-07
5.42885e-08
-3.06091e-07
-4.86845e-10
-2.92826e-07
-6.40209e-09
-2.68828e-07
-1.18715e-08
-2.46052e-07
-3.94318e-08
-2.11073e-07
-3.84579e-08
-2.13865e-07
-5.05111e-08
-1.92498e-07
-3.21863e-08
-2.11284e-07
-4.3806e-08
-2.19177e-07
4.58384e-08
-2.4229e-07
-1.36929e-09
-2.24867e-07
-7.08303e-09
-1.36686e-07
-4.17016e-07
-2.18995e-07
-7.10127e-07
-2.394e-06
-9.7551e-08
2.07132e-06
-7.95449e-08
1.07494e-06
-8.07387e-08
3.33909e-07
-1.02026e-07
2.08811e-07
-1.63849e-07
1.27492e-07
-1.98644e-07
8.90839e-08
-2.02808e-07
3.67724e-09
-2.09712e-07
5.02024e-10
-1.93466e-07
-2.81177e-08
-1.87972e-07
-4.49264e-08
-1.8553e-07
-4.08994e-08
-1.85044e-07
-5.09976e-08
-2.09666e-07
-7.56385e-09
-2.09562e-07
-4.39103e-08
-2.2445e-07
6.0727e-08
-1.47421e-07
-7.83985e-08
-1.1549e-07
-3.90144e-08
-2.39997e-07
-2.92509e-07
-2.16656e-07
-7.33468e-07
-2.61066e-06
-6.6089e-10
2.07198e-06
1.43806e-08
1.0599e-06
-6.23895e-08
4.10679e-07
-1.34367e-07
2.80789e-07
-2.00947e-07
1.94073e-07
-2.36178e-07
1.24315e-07
-2.494e-07
1.6899e-08
-2.37675e-07
-1.12226e-08
-2.07556e-07
-5.82371e-08
-1.80715e-07
-7.17675e-08
-1.44845e-07
-7.67692e-08
-1.08428e-07
-8.74149e-08
-6.61813e-08
-4.98105e-08
-1.37682e-08
-9.63234e-08
4.54308e-08
1.52804e-09
1.221e-07
-1.55068e-07
1.12048e-07
-2.89618e-08
6.15045e-08
-2.41965e-07
4.14178e-09
-6.76106e-07
-2.60651e-06
-2.20046e-08
2.09399e-06
-7.0437e-09
1.04493e-06
-1.37738e-07
5.41374e-07
-2.04601e-07
3.47651e-07
-2.55465e-07
2.44937e-07
-2.7582e-07
1.4467e-07
-2.75128e-07
1.62069e-08
-2.49694e-07
-3.66565e-08
-2.16896e-07
-9.10359e-08
-1.85862e-07
-1.02801e-07
-1.66349e-07
-9.62816e-08
-1.39745e-07
-1.14019e-07
-1.3168e-07
-5.78754e-08
-1.11596e-07
-1.16407e-07
-9.41768e-08
-1.58916e-08
-1.11031e-07
-1.38214e-07
-7.41323e-08
-6.58604e-08
-5.90362e-08
-2.57062e-07
-4.52025e-08
-6.89939e-07
-2.65172e-06
2.58001e-08
2.06819e-06
3.1972e-09
1.06754e-06
-1.54864e-07
6.99435e-07
-3.07753e-07
5.0054e-07
-3.74699e-07
3.11883e-07
-3.82025e-07
1.51996e-07
-3.49941e-07
-1.58774e-08
-3.01e-07
-8.55974e-08
-2.39737e-07
-1.52299e-07
-1.88021e-07
-1.54517e-07
-1.29179e-07
-1.55124e-07
-8.66838e-08
-1.56514e-07
-3.54951e-08
-1.09064e-07
1.09816e-08
-1.62884e-07
4.84207e-08
-5.33307e-08
9.5015e-08
-1.84808e-07
8.68636e-08
-5.7709e-08
3.30005e-08
-2.03198e-07
-1.12519e-08
-6.45687e-07
-2.66297e-06
-4.16259e-08
2.10981e-06
-2.34514e-07
1.26043e-06
-4.04223e-07
8.69144e-07
-5.12855e-07
6.09172e-07
-5.70851e-07
3.69879e-07
-5.35687e-07
1.16833e-07
-4.28292e-07
-1.23272e-07
-3.44927e-07
-1.68962e-07
-2.73816e-07
-2.2341e-07
-2.12365e-07
-2.15967e-07
-1.67166e-07
-2.00324e-07
-1.3471e-07
-1.8897e-07
-1.01174e-07
-1.426e-07
-8.91859e-08
-1.74872e-07
-5.66045e-08
-8.59122e-08
-6.1467e-08
-1.79946e-07
-5.81561e-08
-6.10199e-08
-8.1277e-09
-2.53227e-07
1.42992e-08
-6.68114e-07
-2.64867e-06
1.21966e-09
2.10859e-06
-2.07078e-07
1.46872e-06
-4.81495e-07
1.14356e-06
-6.67735e-07
7.95412e-07
-7.76696e-07
4.7884e-07
-7.19786e-07
5.99226e-08
-5.05882e-07
-3.37177e-07
-3.43655e-07
-3.31189e-07
-2.34891e-07
-3.32175e-07
-1.73613e-07
-2.77245e-07
-1.0311e-07
-2.70827e-07
-7.32258e-08
-2.18854e-07
-2.59919e-08
-1.89834e-07
-1.72032e-08
-1.83661e-07
4.25012e-08
-1.45617e-07
1.00501e-07
-2.37946e-07
8.91322e-08
-4.96512e-08
4.80661e-08
-2.12161e-07
-2.45973e-08
-5.9545e-07
-2.67327e-06
-4.70258e-08
2.15562e-06
-2.83361e-07
1.70506e-06
-6.03835e-07
1.46403e-06
-8.77112e-07
1.06869e-06
-9.77568e-07
5.79296e-07
-8.98518e-07
-1.91272e-08
-6.58925e-07
-5.7677e-07
-3.93009e-07
-5.97106e-07
-2.08798e-07
-5.16385e-07
-1.6161e-07
-3.24432e-07
-1.16827e-07
-3.15611e-07
-1.05766e-07
-2.29914e-07
-6.66835e-08
-2.28917e-07
-7.83279e-08
-1.72016e-07
-8.33082e-09
-2.15614e-07
2.31745e-08
-2.69451e-07
-1.14088e-08
-1.50679e-08
1.10203e-08
-2.3459e-07
3.17347e-08
-6.16165e-07
-2.64153e-06
-1.8897e-07
2.34459e-06
-3.46042e-07
1.86213e-06
-5.81301e-07
1.69929e-06
-6.94979e-07
1.18237e-06
-7.70939e-07
6.55257e-07
-7.53141e-07
-3.69254e-08
-6.04085e-07
-7.25827e-07
-3.46329e-07
-8.54861e-07
-1.02926e-07
-7.59789e-07
-3.54941e-08
-3.91864e-07
1.91744e-08
-3.70279e-07
1.0993e-08
-2.21733e-07
-1.83401e-08
-1.99584e-07
-7.923e-08
-1.11127e-07
-8.83312e-09
-2.86011e-07
-3.81113e-08
-2.40173e-07
4.84818e-08
-1.01661e-07
1.19469e-07
-3.05576e-07
-2.61192e-08
-4.70577e-07
-2.66765e-06
1.04123e-07
2.24047e-06
-5.10973e-08
2.01735e-06
-9.45842e-08
1.74278e-06
-1.25825e-07
1.21361e-06
-2.55901e-07
7.85332e-07
-2.5633e-07
-3.64967e-08
-1.0095e-07
-8.81206e-07
-2.14741e-09
-9.53664e-07
-1.7435e-08
-7.44501e-07
-2.03471e-08
-3.88952e-07
-4.04917e-09
-3.86577e-07
-4.98313e-08
-1.75951e-07
-9.50869e-08
-1.54328e-07
-2.03964e-07
-2.24905e-09
-7.08087e-08
-4.19166e-07
-9.23375e-08
-2.18644e-07
-5.17077e-08
-1.42291e-07
7.7071e-08
-4.34355e-07
4.56181e-08
-4.39124e-07
-2.62203e-06
1.17079e-07
2.12339e-06
2.59179e-07
1.87525e-06
3.82123e-07
1.61984e-06
4.47748e-07
1.14798e-06
5.00476e-07
7.32604e-07
4.89463e-07
-2.54835e-08
4.72931e-07
-8.64674e-07
6.37075e-07
-1.11781e-06
6.98973e-07
-8.06399e-07
5.45348e-07
-2.35327e-07
4.32697e-07
-2.73926e-07
2.43666e-07
1.30798e-08
2.31672e-07
-1.42334e-07
2.2634e-07
3.08242e-09
8.46795e-08
-2.77505e-07
-1.20532e-08
-1.21911e-07
-5.70821e-08
-9.7262e-08
-1.08674e-07
-3.82763e-07
-6.56808e-08
-4.82117e-07
-2.68771e-06
4.43372e-07
1.68002e-06
6.92848e-07
1.62577e-06
9.43752e-07
1.36893e-06
1.02243e-06
1.0693e-06
1.11573e-06
6.39305e-07
1.15068e-06
-6.04358e-08
8.98772e-07
-6.12763e-07
5.72957e-07
-7.91992e-07
5.88864e-07
-8.22306e-07
7.84402e-07
-4.30866e-07
8.5616e-07
-3.45684e-07
9.18692e-07
-4.9452e-08
8.67054e-07
-9.06954e-08
8.14549e-07
5.55873e-08
3.77805e-07
1.59238e-07
-9.37059e-08
3.496e-07
-9.92341e-08
-9.17338e-08
-1.21234e-07
-3.60763e-07
4.9831e-08
-6.53182e-07
-2.63788e-06
7.22649e-07
9.57368e-07
1.16367e-06
1.18475e-06
1.51047e-06
1.02213e-06
1.76315e-06
8.16631e-07
1.78363e-06
6.18818e-07
1.72079e-06
2.40222e-09
1.34176e-06
-2.33727e-07
6.84223e-07
-1.34456e-07
5.30121e-08
-1.91095e-07
-1.23536e-07
-2.54317e-07
-2.57993e-07
-2.11228e-07
-1.81124e-07
-1.26321e-07
-1.2183e-07
-1.49989e-07
-1.2268e-07
5.64365e-08
1.14351e-07
-7.77929e-08
1.67422e-07
2.9653e-07
3.00621e-07
-2.24934e-07
1.68927e-08
-7.70346e-08
-5.94339e-08
-5.76856e-07
-2.69732e-06
7.5192e-07
2.05447e-07
1.29917e-06
6.37507e-07
1.62548e-06
6.95819e-07
1.8962e-06
5.45912e-07
2.01619e-06
4.98825e-07
2.02122e-06
-2.63305e-09
1.81245e-06
-2.49552e-08
1.72843e-06
-5.04359e-08
1.53925e-06
-1.91817e-09
1.16666e-06
1.18279e-07
8.82605e-07
7.28255e-08
5.67765e-07
1.88519e-07
4.2512e-07
-7.3435e-09
2.89598e-07
1.91958e-07
1.11268e-07
1.00537e-07
1.9908e-07
2.08718e-07
3.56644e-07
-3.82497e-07
1.66522e-07
1.13088e-07
1.18301e-07
-5.28636e-07
-2.57902e-06
4.84225e-07
-2.78778e-07
5.77776e-07
5.43957e-07
7.62256e-07
5.11339e-07
8.62241e-07
4.45927e-07
8.17135e-07
5.43932e-07
5.59722e-07
2.5478e-07
4.05511e-07
1.29256e-07
2.73538e-07
8.15368e-08
2.06008e-07
6.56119e-08
2.04911e-07
1.19376e-07
1.03657e-07
1.74079e-07
1.80755e-07
1.11421e-07
-2.62534e-09
1.76037e-07
-2.18937e-08
2.11226e-07
-6.50434e-10
7.92936e-08
-2.16283e-07
4.24351e-07
2.35392e-08
-6.22319e-07
1.20408e-07
1.62187e-08
2.17258e-09
-4.104e-07
-2.57684e-06
1.22911e-08
-2.91069e-07
3.83652e-07
1.72596e-07
5.04482e-07
3.90508e-07
6.63214e-07
2.87195e-07
8.81186e-07
3.25959e-07
9.04547e-07
2.31419e-07
8.96032e-07
1.37771e-07
8.53724e-07
1.23844e-07
8.05875e-07
1.13462e-07
8.12687e-07
1.12564e-07
7.83202e-07
2.03564e-07
7.75192e-07
1.19432e-07
8.0388e-07
1.47349e-07
6.88578e-07
3.26528e-07
8.34904e-07
-6.70323e-08
8.52026e-07
4.07229e-07
6.03279e-07
-3.73573e-07
3.61463e-07
2.58034e-07
2.9564e-07
-3.44576e-07
-2.2812e-06
-6.58781e-07
3.67711e-07
-7.51275e-07
2.65091e-07
-6.37848e-07
2.77081e-07
-5.24899e-07
1.74246e-07
-4.04903e-07
2.05964e-07
-3.39267e-07
1.65783e-07
-3.69016e-07
1.67519e-07
-3.65481e-07
1.20309e-07
-3.85523e-07
1.33504e-07
-3.76554e-07
1.03594e-07
-2.88055e-07
1.15064e-07
-2.74391e-07
1.05768e-07
-1.93218e-07
6.61757e-08
-4.28432e-08
1.76154e-07
-2.44359e-07
1.34484e-07
8.2505e-08
8.03643e-08
-2.42485e-07
-4.85822e-08
5.7124e-08
-4.15753e-08
7.33449e-07
-1.0209e-06
-1.54775e-06
3.67711e-07
6.32803e-07
9.09883e-07
1.08413e-06
1.29009e-06
1.45588e-06
1.6234e-06
1.7437e-06
1.87721e-06
1.9808e-06
2.09587e-06
2.20164e-06
2.26781e-06
2.44396e-06
2.57845e-06
2.65881e-06
2.61023e-06
2.56866e-06
1.54775e-06
)
;

boundaryField
{
    movingWall
    {
        type            calculated;
        value           uniform 0;
    }
    fixedWalls
    {
        type            calculated;
        value           uniform 0;
    }
    frontAndBack
    {
        type            empty;
        value           nonuniform 0();
    }
}


// ************************************************************************* //
