/*--------------------------------*- C++ -*----------------------------------*\
| =========                 |                                                 |
| \\      /  F ield         | OpenFOAM: The Open Source CFD Toolbox           |
|  \\    /   O peration     | Version:  5.x                                   |
|   \\  /    A nd           | Web:      www.OpenFOAM.org                      |
|    \\/     M anipulation  |                                                 |
\*---------------------------------------------------------------------------*/
FoamFile
{
    version     2.0;
    format      ascii;
    class       volScalarField;
    location    "1.9";
    object      p;
}
// * * * * * * * * * * * * * * * * * * * * * * * * * * * * * * * * * * * * * //

dimensions      [0 2 -2 0 0 0 0];

internalField   nonuniform List<scalar> 
400
(
-7.26987e-12
1.66967e-07
5.30091e-07
1.09386e-06
1.86993e-06
2.87076e-06
4.10788e-06
5.58933e-06
7.31687e-06
9.28289e-06
1.14673e-05
1.38348e-05
1.63317e-05
1.88831e-05
2.13949e-05
2.37567e-05
2.58479e-05
2.7546e-05
2.87416e-05
2.93423e-05
-1.9303e-07
-3.02119e-08
3.25598e-07
8.79749e-07
1.6454e-06
2.63692e-06
3.86807e-06
5.3494e-06
7.0853e-06
9.07084e-06
1.12883e-05
1.37043e-05
1.62689e-05
1.89047e-05
2.15141e-05
2.39814e-05
2.61783e-05
2.79715e-05
2.92399e-05
2.98789e-05
-6.07391e-07
-4.5305e-07
-1.12024e-07
4.22828e-07
1.16771e-06
2.14088e-06
3.36067e-06
4.84276e-06
6.59707e-06
8.62424e-06
1.09119e-05
1.3431e-05
1.61344e-05
1.89447e-05
2.17594e-05
2.44518e-05
2.6876e-05
2.88756e-05
3.03031e-05
3.10268e-05
-1.23176e-06
-1.09131e-06
-7.74716e-07
-2.72053e-07
4.37584e-07
1.37839e-06
2.57574e-06
4.05321e-06
5.82928e-06
7.91346e-06
1.03019e-05
1.29729e-05
1.58867e-05
1.89663e-05
2.21034e-05
2.51547e-05
2.79474e-05
3.02871e-05
3.19811e-05
3.28492e-05
-2.05745e-06
-1.93815e-06
-1.65907e-06
-1.2064e-06
-5.52719e-07
3.34388e-07
1.48996e-06
2.94853e-06
4.7406e-06
6.88852e-06
9.40143e-06
1.22688e-05
1.54624e-05
1.89106e-05
2.2501e-05
2.60711e-05
2.94098e-05
3.22661e-05
3.43752e-05
3.54749e-05
-3.06993e-06
-2.98158e-06
-2.75783e-06
-2.3797e-06
-1.81118e-06
-1.00913e-06
7.39627e-08
1.48682e-06
3.27577e-06
5.48061e-06
8.12929e-06
1.123e-05
1.47646e-05
1.86834e-05
2.28748e-05
2.71578e-05
3.1273e-05
3.48896e-05
3.76308e-05
3.91016e-05
-4.24698e-06
-4.20293e-06
-4.05869e-06
-3.78859e-06
-3.34554e-06
-2.67293e-06
-1.70781e-06
-3.84037e-07
1.3644e-06
3.59956e-06
6.37445e-06
9.72636e-06
1.36516e-05
1.81418e-05
2.30968e-05
2.83273e-05
3.35243e-05
3.82486e-05
4.19518e-05
4.40354e-05
-5.55555e-06
-5.57406e-06
-5.54193e-06
-5.42494e-06
-5.16157e-06
-4.67883e-06
-3.89544e-06
-2.72482e-06
-1.0777e-06
1.13498e-06
3.99797e-06
7.58448e-06
1.1931e-05
1.70772e-05
2.29619e-05
2.94146e-05
3.6093e-05
4.24288e-05
4.76081e-05
5.07546e-05
-6.9472e-06
-7.05373e-06
-7.17761e-06
-7.27359e-06
-7.26124e-06
-7.04787e-06
-6.53142e-06
-5.60263e-06
-4.14655e-06
-2.04361e-06
8.28089e-07
4.58669e-06
9.34024e-06
1.51893e-05
2.21492e-05
3.01218e-05
3.87825e-05
4.74621e-05
5.4927e-05
6.00217e-05
-8.35219e-06
-8.58347e-06
-8.92268e-06
-9.31021e-06
-9.64067e-06
-9.7981e-06
-9.65761e-06
-9.08662e-06
-7.94399e-06
-6.07794e-06
-3.32377e-06
4.96309e-07
5.56936e-06
1.20702e-05
2.01719e-05
2.99355e-05
4.11592e-05
5.32e-05
6.42282e-05
7.30712e-05
-9.6664e-06
-1.00827e-05
-1.07175e-05
-1.15e-05
-1.22892e-05
-1.29427e-05
-1.33119e-05
-1.32426e-05
-1.25704e-05
-1.1115e-05
-8.67123e-06
-4.99974e-06
1.94364e-07
7.14077e-06
1.63041e-05
2.80011e-05
4.23571e-05
5.90353e-05
7.55735e-05
9.18785e-05
-1.0754e-05
-1.14446e-05
-1.24834e-05
-1.37958e-05
-1.51887e-05
-1.64888e-05
-1.75249e-05
-1.81255e-05
-1.81114e-05
-1.7283e-05
-1.54053e-05
-1.21863e-05
-7.23315e-06
-1.10958e-08
9.70438e-06
2.30374e-05
4.07784e-05
6.33694e-05
8.7922e-05
0.000119373
-1.13144e-05
-1.25741e-05
-1.4117e-05
-1.61701e-05
-1.83304e-05
-2.0447e-05
-2.23211e-05
-2.37743e-05
-2.46266e-05
-2.4679e-05
-2.36977e-05
-2.13985e-05
-1.74119e-05
-1.12163e-05
-1.94835e-06
1.23452e-05
3.29747e-05
6.27957e-05
9.67555e-05
0.000158209
-1.14881e-05
-1.29324e-05
-1.54137e-05
-1.8329e-05
-2.15899e-05
-2.47657e-05
-2.76913e-05
-3.01912e-05
-3.21177e-05
-3.32889e-05
-3.34771e-05
-3.23876e-05
-2.96162e-05
-2.44487e-05
-1.53735e-05
-9.83847e-07
1.94596e-05
5.28263e-05
9.01661e-05
0.000199705
-9.67299e-06
-1.53702e-05
-1.67015e-05
-2.23502e-05
-2.59018e-05
-2.99702e-05
-3.38267e-05
-3.74375e-05
-4.06067e-05
-4.31633e-05
-4.50014e-05
-4.60086e-05
-4.59985e-05
-4.47143e-05
-4.11858e-05
-3.516e-05
-2.47301e-05
1.12474e-05
9.68454e-06
0.00019295
-7.3171e-06
-9.08453e-06
-1.48941e-05
-1.87002e-05
-2.57712e-05
-3.21116e-05
-3.85511e-05
-4.43798e-05
-4.94242e-05
-5.35733e-05
-5.69373e-05
-5.96782e-05
-6.19151e-05
-6.40063e-05
-6.54959e-05
-6.69834e-05
-7.57351e-05
-3.99354e-05
-0.000143387
0.000101115
3.44535e-06
-1.66365e-05
-2.00843e-05
-3.52903e-05
-3.82901e-05
-4.61243e-05
-5.1626e-05
-5.71254e-05
-6.2353e-05
-6.72141e-05
-7.19673e-05
-7.71111e-05
-8.25856e-05
-9.18647e-05
-0.000102592
-0.000113473
-0.000160754
-0.000128172
-0.000274871
-1.9435e-05
1.24803e-06
-9.60455e-06
-1.1935e-05
-1.626e-05
-2.67921e-05
-3.61659e-05
-4.72342e-05
-5.72035e-05
-6.6458e-05
-7.40169e-05
-8.0889e-05
-8.75004e-05
-9.41955e-05
-0.000105648
-0.000121981
-0.000136096
-0.000209787
-0.000234403
-0.000299519
-3.14485e-05
5.38712e-05
-2.06568e-05
-2.35263e-05
-5.27717e-05
-5.22254e-05
-6.87302e-05
-7.62664e-05
-8.41354e-05
-9.20703e-05
-9.80231e-05
-0.000101995
-0.000113152
-0.000107021
-0.000135698
-0.000152939
-0.000162871
-0.000305756
-0.00036986
-0.00033809
0.000161123
-6.20044e-05
7.85833e-06
1.74489e-05
-1.16565e-05
-3.3301e-05
-4.78611e-05
-6.37487e-05
-7.3534e-05
-8.87242e-05
-9.36606e-05
-0.000101633
-0.00010787
-0.000109657
-0.000124477
-0.000139561
-0.000163198
-0.000176303
-0.000110171
0.000316138
0.00138774
)
;

boundaryField
{
    movingWall
    {
        type            zeroGradient;
    }
    fixedWalls
    {
        type            zeroGradient;
    }
    frontAndBack
    {
        type            empty;
    }
}


// ************************************************************************* //
