/*--------------------------------*- C++ -*----------------------------------*\
| =========                 |                                                 |
| \\      /  F ield         | OpenFOAM: The Open Source CFD Toolbox           |
|  \\    /   O peration     | Version:  5.x                                   |
|   \\  /    A nd           | Web:      www.OpenFOAM.org                      |
|    \\/     M anipulation  |                                                 |
\*---------------------------------------------------------------------------*/
FoamFile
{
    version     2.0;
    format      ascii;
    class       volScalarField;
    location    "8.2";
    object      p;
}
// * * * * * * * * * * * * * * * * * * * * * * * * * * * * * * * * * * * * * //

dimensions      [0 2 -2 0 0 0 0];

internalField   nonuniform List<scalar> 
400
(
-4.2613e-11
-0.000359161
-0.000965708
-0.00137603
-0.00153403
-0.00149537
-0.00141701
-0.00131129
-0.00113763
-0.00105838
-0.00109417
-0.00110257
-0.00110763
-0.00112071
-0.0011478
-0.00111887
-0.00101483
-0.00081116
-0.000580506
0.00029275
-0.000295469
-0.000720931
-0.00131599
-0.0016419
-0.00175268
-0.00161392
-0.00146511
-0.00136439
-0.00115181
-0.00105014
-0.00110995
-0.00114288
-0.00112708
-0.00112182
-0.00116852
-0.00116829
-0.00117393
-0.00109429
-0.0010072
-0.000421521
-0.000837051
-0.00128379
-0.00179136
-0.00202602
-0.00197591
-0.00175842
-0.00152252
-0.00134392
-0.00118486
-0.00110157
-0.00110314
-0.00110019
-0.00112647
-0.00112083
-0.00116996
-0.00115634
-0.00117288
-0.00113445
-0.00109041
-0.000811978
-0.00132487
-0.00170407
-0.00207106
-0.00217978
-0.00204395
-0.00178595
-0.00153757
-0.0013625
-0.00123615
-0.00115457
-0.0011442
-0.00113568
-0.00114419
-0.00113257
-0.00115737
-0.00114527
-0.00115662
-0.00112404
-0.00115239
-0.00103512
-0.00152191
-0.00179494
-0.0020133
-0.00204491
-0.00190273
-0.00168065
-0.00148062
-0.00133453
-0.00123912
-0.00117192
-0.00115754
-0.00113787
-0.00114907
-0.00113664
-0.00116176
-0.00115171
-0.00117479
-0.00115707
-0.00117936
-0.001117
-0.0013535
-0.00154305
-0.00169628
-0.00173476
-0.00166319
-0.00153045
-0.00140304
-0.00130244
-0.0012356
-0.0011839
-0.0011704
-0.00114577
-0.00115596
-0.00113745
-0.00115798
-0.00113877
-0.00116567
-0.00113607
-0.0011843
-0.0011489
-0.00111106
-0.00126123
-0.00139223
-0.00145166
-0.00143926
-0.00138415
-0.00131873
-0.00125988
-0.00121781
-0.0011827
-0.00117347
-0.00115302
-0.00116233
-0.00114608
-0.00116404
-0.00114869
-0.00117334
-0.00115253
-0.00119099
-0.00115289
-0.00097516
-0.00109174
-0.0012017
-0.00127121
-0.00129361
-0.0012794
-0.0012535
-0.00122093
-0.00119672
-0.00117035
-0.0011663
-0.00114405
-0.00115625
-0.00113435
-0.00115748
-0.00113185
-0.00116546
-0.00112896
-0.00117721
-0.00114177
-0.000947676
-0.00102832
-0.00111148
-0.00117305
-0.00120582
-0.00121515
-0.0012093
-0.00119599
-0.00118463
-0.00117048
-0.00116827
-0.0011534
-0.00116295
-0.00114743
-0.00116363
-0.00114223
-0.00116925
-0.00113709
-0.00118042
-0.00113625
-0.000954498
-0.00101736
-0.0010783
-0.00112737
-0.00115615
-0.00116583
-0.00116615
-0.00115891
-0.00115608
-0.00114367
-0.00114865
-0.0011336
-0.00114688
-0.0011255
-0.00115098
-0.0011207
-0.00116023
-0.0011169
-0.00117233
-0.00112675
-0.00096418
-0.00102122
-0.00106835
-0.00110625
-0.00113382
-0.00115111
-0.00115931
-0.00116133
-0.00116124
-0.00115656
-0.00115884
-0.00115044
-0.00115938
-0.00114632
-0.00116192
-0.00113601
-0.00116498
-0.00112034
-0.00117692
-0.00112134
-0.000970416
-0.0010426
-0.00107286
-0.00110207
-0.00111876
-0.00112613
-0.00113335
-0.00113114
-0.00113375
-0.00112672
-0.00113293
-0.00112242
-0.00113204
-0.00111804
-0.00113578
-0.0011116
-0.0011527
-0.00110345
-0.00114215
-0.00109457
-0.00103735
-0.0010983
-0.00109237
-0.00110622
-0.00112072
-0.00113753
-0.00114326
-0.00114703
-0.00114629
-0.00114626
-0.0011462
-0.00114585
-0.00115242
-0.00114424
-0.00116603
-0.00112873
-0.00115677
-0.00110599
-0.00117586
-0.00108146
-0.00110141
-0.0011899
-0.0010978
-0.00113087
-0.00113641
-0.00113561
-0.00113129
-0.00112354
-0.00112222
-0.00111868
-0.00112279
-0.00112098
-0.00112215
-0.00111615
-0.00110579
-0.00111412
-0.00114577
-0.00107291
-0.00110421
-0.00107897
-0.00113105
-0.00115405
-0.00112397
-0.00113192
-0.00113361
-0.00112385
-0.00111982
-0.00112583
-0.0011265
-0.00113645
-0.00112749
-0.00114997
-0.00112732
-0.00115112
-0.00117192
-0.00114759
-0.00120781
-0.00112301
-0.00121722
-0.00111296
-0.00127515
-0.00119617
-0.00114769
-0.00113792
-0.00114489
-0.00111231
-0.00113013
-0.00111924
-0.00113003
-0.00112444
-0.00113093
-0.0011261
-0.00113251
-0.00115998
-0.00112138
-0.00110014
-0.00110882
-0.00110977
-0.00113217
-0.0010982
-0.00106728
-0.00121861
-0.00115325
-0.00112845
-0.00113562
-0.00111123
-0.00112231
-0.00110934
-0.00112828
-0.0011249
-0.00114721
-0.00113358
-0.00113881
-0.001167
-0.00110674
-0.00117648
-0.0011933
-0.00111864
-0.00123136
-0.00102915
-0.00101788
-0.00119701
-0.00115125
-0.00112589
-0.00112582
-0.00110824
-0.00111547
-0.00111792
-0.00112231
-0.00111999
-0.00112072
-0.00109829
-0.00111925
-0.00111722
-0.00113695
-0.00120727
-0.00115356
-0.00106242
-0.00102494
-0.000859466
-0.000995529
-0.00112085
-0.00114398
-0.00113326
-0.00111421
-0.00110104
-0.00110286
-0.00111195
-0.00111591
-0.00111897
-0.00114901
-0.0010887
-0.00117871
-0.00108782
-0.00115628
-0.0012059
-0.00111206
-0.00123746
-0.00105872
-0.000622498
-0.00113873
-0.00109774
-0.00108214
-0.00114236
-0.00108367
-0.00110582
-0.00110033
-0.0011066
-0.00111061
-0.00110946
-0.00111541
-0.00109051
-0.0010765
-0.00105867
-0.00109422
-0.00113717
-0.001122
-0.000889519
-0.000450891
0.000798864
)
;

boundaryField
{
    movingWall
    {
        type            zeroGradient;
    }
    fixedWalls
    {
        type            zeroGradient;
    }
    frontAndBack
    {
        type            empty;
    }
}


// ************************************************************************* //
