/*--------------------------------*- C++ -*----------------------------------*\
| =========                 |                                                 |
| \\      /  F ield         | OpenFOAM: The Open Source CFD Toolbox           |
|  \\    /   O peration     | Version:  5.x                                   |
|   \\  /    A nd           | Web:      www.OpenFOAM.org                      |
|    \\/     M anipulation  |                                                 |
\*---------------------------------------------------------------------------*/
FoamFile
{
    version     2.0;
    format      ascii;
    class       volVectorField;
    location    "8.2";
    object      U;
}
// * * * * * * * * * * * * * * * * * * * * * * * * * * * * * * * * * * * * * //

dimensions      [0 1 -1 0 0 0 0];

internalField   nonuniform List<vector> 
400
(
(-0.00534462 0.0115284 0)
(-0.031857 0.0103159 0)
(-0.0470488 0.00100274 0)
(-0.0489666 0.00721387 0)
(-0.0589609 0.00133194 0)
(-0.0496564 -0.00277992 0)
(-0.0524944 0.00522788 0)
(-0.0529695 -0.0062338 0)
(-0.0402668 -0.00819263 0)
(-0.0409716 0.00201977 0)
(-0.0448606 0.0019155 0)
(-0.0451537 -0.00275798 0)
(-0.0448138 -0.00312752 0)
(-0.0452394 -0.00176116 0)
(-0.047287 -0.00152456 0)
(-0.0464193 -0.00263769 0)
(-0.045469 -0.00338395 0)
(-0.0406379 -0.0062053 0)
(-0.0390851 -0.0098231 0)
(-0.0052292 -0.0174879 0)
(-0.00921145 0.0250268 0)
(-0.0249849 0.0271108 0)
(-0.0399011 0.0164573 0)
(-0.0430747 0.00661402 0)
(-0.0411215 0.00037464 0)
(-0.0374 -0.00438492 0)
(-0.0333168 -0.00495014 0)
(-0.0263193 -0.00525991 0)
(-0.0235968 -0.00328711 0)
(-0.022044 0.000107108 0)
(-0.0187262 0.00241805 0)
(-0.0160747 0.00280648 0)
(-0.0175211 0.00382563 0)
(-0.0167069 0.0024947 0)
(-0.020022 0.00306407 0)
(-0.0172172 0.00026225 0)
(-0.0224957 -0.000193519 0)
(-0.0166815 -0.00838998 0)
(-0.0268729 -0.0177268 0)
(-0.0031629 -0.0381023 0)
(-0.00933111 0.0395692 0)
(-0.0181685 0.0373151 0)
(-0.0245291 0.0220356 0)
(-0.0245615 0.0081403 0)
(-0.0228277 -0.00314721 0)
(-0.0197673 -0.0102123 0)
(-0.0164376 -0.0111077 0)
(-0.0133994 -0.0119925 0)
(-0.0119758 -0.0102927 0)
(-0.00936456 -0.00646582 0)
(-0.00811429 -0.00353011 0)
(-0.00423331 -0.00300846 0)
(-0.00570182 -0.000852041 0)
(-0.000605808 -0.00129575 0)
(-0.00525199 0.00125594 0)
(0.00196275 -0.00185392 0)
(-0.0051117 -0.000356701 0)
(0.00319026 -0.00329316 0)
(-0.00829011 -0.0106391 0)
(0.000303991 -0.0441563 0)
(-0.00582574 0.0506411 0)
(-0.00701174 0.0433889 0)
(-0.00714148 0.0253535 0)
(-0.00455373 0.00835659 0)
(-0.00320803 -0.00395862 0)
(-0.00185329 -0.010307 0)
(-0.00189099 -0.0118848 0)
(-0.00123634 -0.0108389 0)
(-0.00215201 -0.00819394 0)
(-0.00140552 -0.00518053 0)
(-0.00225222 -0.00235059 0)
(1.03145e-05 -0.0010028 0)
(-0.00203695 0.000997628 0)
(0.000711373 0.000754184 0)
(-0.00212592 0.0016268 0)
(0.00125391 -0.000740091 0)
(-0.00342392 -0.000890034 0)
(0.000291379 -0.00656064 0)
(-0.00753558 -0.0147074 0)
(0.00258618 -0.0489283 0)
(-0.00148401 0.0555721 0)
(0.00386435 0.0430243 0)
(0.00740647 0.0241418 0)
(0.0108331 0.00663357 0)
(0.0111326 -0.00497255 0)
(0.00959104 -0.0105755 0)
(0.00644557 -0.0116186 0)
(0.00377585 -0.0103622 0)
(0.000811568 -0.00829564 0)
(0.00014881 -0.00592632 0)
(-0.0016653 -0.00375648 0)
(-7.80525e-07 -0.00279792 0)
(-0.00197808 -0.0010608 0)
(0.00151462 -0.00149932 0)
(-0.00128005 0.000735647 0)
(0.00300624 -0.001303 0)
(-0.00166571 0.00102195 0)
(0.00231587 -0.00172612 0)
(-0.00330911 -0.0109443 0)
(0.00223655 -0.049186 0)
(0.0028385 0.0497798 0)
(0.0121375 0.0357661 0)
(0.0171948 0.019539 0)
(0.0194572 0.0058984 0)
(0.0177641 -0.0027014 0)
(0.014132 -0.00648233 0)
(0.00973894 -0.00713931 0)
(0.00674488 -0.00643204 0)
(0.00370313 -0.00509155 0)
(0.00326365 -0.00372107 0)
(0.000781162 -0.00230907 0)
(0.00239634 -0.00147581 0)
(-0.000520218 -0.000245732 0)
(0.00237265 -0.000162755 0)
(-0.00131732 0.000744921 0)
(0.00272833 -0.000436039 0)
(-0.00238381 0.000428161 0)
(0.002961 -0.0041403 0)
(-0.00381277 -0.0139099 0)
(0.00340231 -0.0513153 0)
(0.00537014 0.0370071 0)
(0.0149476 0.0269243 0)
(0.0195103 0.0159241 0)
(0.0203439 0.00648763 0)
(0.0180571 0.000320184 0)
(0.0146737 -0.00306018 0)
(0.0108525 -0.00432268 0)
(0.00808355 -0.00455504 0)
(0.00516237 -0.003863 0)
(0.00451327 -0.00338651 0)
(0.00191664 -0.00211748 0)
(0.00331125 -0.00207771 0)
(0.000296712 -0.000551435 0)
(0.00320076 -0.00138968 0)
(-0.000647747 0.000594818 0)
(0.00345689 -0.000996713 0)
(-0.00190816 0.000800706 0)
(0.00311934 -0.0016742 0)
(-0.00315769 -0.0119397 0)
(0.00311067 -0.0505924 0)
(0.00520296 0.0256324 0)
(0.0132497 0.0199132 0)
(0.0166015 0.0130256 0)
(0.0170346 0.00705814 0)
(0.0151863 0.00274635 0)
(0.0126197 0.000252326 0)
(0.00966177 -0.00086679 0)
(0.00773529 -0.00128351 0)
(0.00498828 -0.00106616 0)
(0.00486043 -0.000925473 0)
(0.0018122 -0.000286033 0)
(0.00367139 -0.000144249 0)
(-0.000153261 0.000592689 0)
(0.00345493 0.000459297 0)
(-0.00139789 0.00137608 0)
(0.00367341 0.000545086 0)
(-0.00235774 0.00158408 0)
(0.00401722 -0.00234208 0)
(-0.0031769 -0.012842 0)
(0.00443333 -0.0509506 0)
(0.00372051 0.017604 0)
(0.00949481 0.016036 0)
(0.0127263 0.0124121 0)
(0.0137229 0.00829318 0)
(0.0130763 0.005054 0)
(0.0116747 0.00218479 0)
(0.00955141 0.000550519 0)
(0.00790919 -0.000740253 0)
(0.00562588 -0.000733771 0)
(0.00535378 -0.0013592 0)
(0.00281449 -0.000429935 0)
(0.00431443 -0.00122527 0)
(0.000977974 0.000228605 0)
(0.00419622 -0.001105 0)
(-0.000589017 0.000698187 0)
(0.00421426 -0.000894534 0)
(-0.00240082 0.000760141 0)
(0.00400577 -0.00222596 0)
(-0.00438229 -0.012713 0)
(0.0036352 -0.0509249 0)
(0.00294498 0.0122647 0)
(0.00770969 0.0112654 0)
(0.00942839 0.00907676 0)
(0.0101012 0.00696468 0)
(0.00942578 0.00508325 0)
(0.00850083 0.00420662 0)
(0.00709648 0.00339996 0)
(0.00656215 0.00257697 0)
(0.00447459 0.00225217 0)
(0.00503524 0.00152905 0)
(0.001923 0.00169706 0)
(0.00421209 0.00118851 0)
(-0.000291719 0.00180046 0)
(0.00416256 0.00151933 0)
(-0.00210579 0.002541 0)
(0.00498307 0.00190256 0)
(-0.00262611 0.00281057 0)
(0.00535067 -0.000183531 0)
(-0.00380482 -0.0110776 0)
(0.00525976 -0.0506135 0)
(0.0025317 0.00675928 0)
(0.00583519 0.0106617 0)
(0.00859142 0.0104954 0)
(0.00967807 0.00889261 0)
(0.00963311 0.00685376 0)
(0.00891424 0.00358628 0)
(0.00723903 0.00214705 0)
(0.00630617 0.000751028 0)
(0.00438361 0.00087478 0)
(0.00485144 0.000130799 0)
(0.00228626 0.000670669 0)
(0.00464665 -5.08319e-05 0)
(0.000747819 0.000511532 0)
(0.00516243 -0.000384318 0)
(-0.000481271 7.49803e-05 0)
(0.00508612 -0.00154302 0)
(-0.00311665 0.000847322 0)
(0.00592892 -0.00243542 0)
(-0.00579735 -0.0133052 0)
(0.00536899 -0.0514845 0)
(0.00517973 0.00398703 0)
(0.00829673 0.00561115 0)
(0.00638303 0.00510795 0)
(0.00692395 0.0057182 0)
(0.00698652 0.00639739 0)
(0.00722615 0.00760774 0)
(0.00648194 0.00696245 0)
(0.00635453 0.0060581 0)
(0.00423673 0.00481767 0)
(0.0048536 0.0038343 0)
(0.00188002 0.00312231 0)
(0.00372748 0.00265519 0)
(-0.000258323 0.00264793 0)
(0.00293378 0.00251109 0)
(-0.00318149 0.00420989 0)
(0.00481175 0.00414988 0)
(-0.00524994 0.00331972 0)
(0.00671812 0.00216961 0)
(-0.00481589 -0.0081164 0)
(0.00606223 -0.0495384 0)
(0.00551296 -0.0084905 0)
(0.00856093 0.0109005 0)
(0.00865928 0.0108291 0)
(0.00687569 0.00929301 0)
(0.00364963 0.0063317 0)
(0.00243251 0.00264655 0)
(0.00171429 0.00252744 0)
(0.00180766 0.00136171 0)
(0.00150049 0.00199732 0)
(0.00246898 0.000943201 0)
(0.000868521 0.00163011 0)
(0.00371982 0.000717745 0)
(-0.00118981 0.00105208 0)
(0.00682217 0.00140483 0)
(-0.00259355 -0.00229483 0)
(0.00775179 -0.000587142 0)
(-0.00442008 -0.00104556 0)
(0.00918096 -0.00392977 0)
(-0.00687759 -0.0144235 0)
(0.00616898 -0.051293 0)
(-0.00119729 -0.0112314 0)
(0.00576309 0.00283012 0)
(0.00398482 0.0065092 0)
(0.00891725 0.010055 0)
(0.0114502 0.0102698 0)
(0.0113501 0.0105727 0)
(0.00968243 0.00827225 0)
(0.0094661 0.00753022 0)
(0.0058317 0.00508201 0)
(0.00725312 0.0054121 0)
(0.00256583 0.00286424 0)
(0.00592267 0.00537479 0)
(0.00025941 0.00077341 0)
(0.00263174 0.00414682 0)
(-0.00128289 0.00519591 0)
(-0.00318032 0.0057388 0)
(-0.00998445 0.00356944 0)
(0.00688882 0.00369148 0)
(-0.00621358 -0.0011556 0)
(0.0078742 -0.049589 0)
(-0.00506822 -0.0120774 0)
(0.00911201 0.0099071 0)
(-0.00348634 0.00467463 0)
(0.000991437 0.00436525 0)
(-0.00427791 0.00448612 0)
(-8.08529e-06 0.004029 0)
(-0.00260979 0.0045967 0)
(-0.00160492 0.00369134 0)
(-0.00158536 0.00388544 0)
(-0.00273291 0.00261963 0)
(-0.000592589 0.00275603 0)
(-0.00440162 0.00147697 0)
(-0.000853515 0.00404582 0)
(-0.0038722 0.0019021 0)
(-0.00560812 0.00203582 0)
(0.00691415 0.00576296 0)
(-0.00269723 -0.0107934 0)
(0.00332597 -0.00934422 0)
(-0.00958831 -0.0182859 0)
(0.00685168 -0.052779 0)
(0.000928774 -0.0195661 0)
(0.00267428 0.000370408 0)
(-5.00348e-05 0.0138461 0)
(0.00299538 0.0103065 0)
(0.0055852 0.0106145 0)
(0.00456603 0.00911966 0)
(0.00632247 0.00883014 0)
(0.0090219 0.0075249 0)
(0.00632665 0.00610576 0)
(0.0125877 0.00593803 0)
(0.00469376 0.0043292 0)
(0.0149585 0.00778499 0)
(0.00125998 -0.000225996 0)
(0.016759 0.00970232 0)
(-0.00178342 -0.00352182 0)
(0.0115035 0.00364102 0)
(-0.00308987 0.00956928 0)
(0.00773795 0.0101032 0)
(-0.00651636 0.000776789 0)
(0.00932517 -0.050425 0)
(-0.000308541 -0.00983964 0)
(-0.0145379 0.010825 0)
(-0.00708556 0.00485262 0)
(-0.00810593 -0.000943983 0)
(-0.00774306 0.00492134 0)
(-0.0048222 0.00148904 0)
(-0.00797014 0.00220179 0)
(-0.00192679 0.0026522 0)
(-0.0085285 0.00153034 0)
(-0.00127069 0.00259121 0)
(-0.00818175 0.00069269 0)
(-0.0011347 0.0033419 0)
(-0.00458052 0.0010324 0)
(-0.00519947 0.00553406 0)
(0.000513724 0.00640582 0)
(-0.00578663 0.00458071 0)
(-0.00472859 -0.00756408 0)
(0.0121177 -0.00694447 0)
(-0.00649458 -0.0234628 0)
(0.00808201 -0.0529498 0)
(-0.00864075 -0.0102369 0)
(0.004254 0.010289 0)
(0.00834592 0.00555301 0)
(0.00266445 0.00982894 0)
(0.00767294 0.00817037 0)
(0.00633095 0.00813425 0)
(0.00790155 0.00659386 0)
(0.00909634 0.00636663 0)
(0.00963926 0.0063018 0)
(0.010054 0.00516086 0)
(0.010595 0.00608559 0)
(0.00992287 0.00509738 0)
(0.0109873 0.00350644 0)
(0.0118786 0.00746588 0)
(0.00871417 -0.00456901 0)
(0.0149137 0.010124 0)
(0.00808989 -0.00536681 0)
(0.0112438 0.0106746 0)
(-0.00318893 0.0108737 0)
(0.0141212 -0.0462843 0)
(-0.0204756 -0.00413568 0)
(-0.0121167 -0.00301349 0)
(-0.0217801 0.00464849 0)
(-0.0120958 -0.000893723 0)
(-0.0192803 0.00229131 0)
(-0.00856743 0.000606403 0)
(-0.0172279 0.000643377 0)
(-0.00711202 0.000892096 0)
(-0.0152436 0.00116522 0)
(-0.00434184 0.000475756 0)
(-0.0153703 0.000831887 0)
(0.00146706 0.000626171 0)
(-0.0158467 -0.000550243 0)
(0.00496858 0.00662023 0)
(-0.00983539 0.00127107 0)
(-0.00258442 0.00707271 0)
(0.00310332 -0.00443305 0)
(-0.0124464 -0.000275719 0)
(0.0181404 -0.0288596 0)
(0.0139886 -0.0514756 0)
(0.000242291 0.017902 0)
(0.0157843 0.0135884 0)
(0.0112739 0.00645068 0)
(0.0234118 0.00681171 0)
(0.0213344 0.00530214 0)
(0.0269846 0.00504379 0)
(0.0295302 0.00462503 0)
(0.0309212 0.004739 0)
(0.0364106 0.00398353 0)
(0.034694 0.00424145 0)
(0.0414362 0.00373193 0)
(0.0397552 0.00289129 0)
(0.0433873 0.00421521 0)
(0.0456063 2.29918e-05 0)
(0.0458273 0.00368862 0)
(0.0507522 -0.000734679 0)
(0.0499674 0.00207462 0)
(0.0515009 8.13602e-05 0)
(0.0436227 -0.00510236 0)
(0.0260469 -0.00127678 0)
)
;

boundaryField
{
    movingWall
    {
        type            fixedValue;
        value           uniform (1 0 0);
    }
    fixedWalls
    {
        type            noSlip;
    }
    frontAndBack
    {
        type            empty;
    }
}


// ************************************************************************* //
