/*--------------------------------*- C++ -*----------------------------------*\
| =========                 |                                                 |
| \\      /  F ield         | OpenFOAM: The Open Source CFD Toolbox           |
|  \\    /   O peration     | Version:  5.x                                   |
|   \\  /    A nd           | Web:      www.OpenFOAM.org                      |
|    \\/     M anipulation  |                                                 |
\*---------------------------------------------------------------------------*/
FoamFile
{
    version     2.0;
    format      ascii;
    class       volVectorField;
    location    "14.3";
    object      U;
}
// * * * * * * * * * * * * * * * * * * * * * * * * * * * * * * * * * * * * * //

dimensions      [0 1 -1 0 0 0 0];

internalField   nonuniform List<vector> 
400
(
(-0.0148309 0.00818353 0)
(-0.031986 0.00402955 0)
(-0.0403725 0.00294231 0)
(-0.0437093 -0.000574662 0)
(-0.0452191 0.000186572 0)
(-0.0465644 -0.000753857 0)
(-0.0460227 -0.000471595 0)
(-0.0482667 0.000434903 0)
(-0.0460358 -0.0014056 0)
(-0.0495263 0.00085561 0)
(-0.0452972 -0.00199443 0)
(-0.0493366 0.00129624 0)
(-0.0459216 -0.00132456 0)
(-0.0485267 6.71904e-05 0)
(-0.0475098 -0.000979401 0)
(-0.0471218 -0.000777956 0)
(-0.0461229 -0.00093272 0)
(-0.0405637 -0.00493674 0)
(-0.0408319 -0.00701659 0)
(-0.00355558 -0.0165601 0)
(-0.00883765 0.0307984 0)
(-0.0173755 0.0217696 0)
(-0.0190489 0.00921449 0)
(-0.0206169 0.00489973 0)
(-0.0207059 0.00175569 0)
(-0.0210693 0.00157314 0)
(-0.0189155 0.00073129 0)
(-0.0231237 0.000983562 0)
(-0.0164205 0.000862514 0)
(-0.0254162 0.000317176 0)
(-0.0149294 0.000555791 0)
(-0.0256883 -0.000257132 0)
(-0.0165418 0.000748368 0)
(-0.0237824 -0.000734599 0)
(-0.0187623 0.000649268 0)
(-0.0195164 -0.00209975 0)
(-0.0219759 -0.00144358 0)
(-0.0152826 -0.0108887 0)
(-0.031433 -0.021142 0)
(-0.00182847 -0.0397182 0)
(-0.00578304 0.0381103 0)
(-0.00866668 0.0212272 0)
(-0.00732708 0.00767735 0)
(-0.00766751 0.00334696 0)
(-0.00421639 -0.000538837 0)
(-0.00823701 -0.00114388 0)
(-0.00340838 -0.000280525 0)
(-0.00842618 -0.000739788 0)
(-0.00455291 -0.000245351 0)
(-0.00736784 -0.000451249 0)
(-0.00626149 -0.00056364 0)
(-0.00642846 0.000624357 0)
(-0.00941121 -0.000173173 0)
(-0.00576389 -0.000605559 0)
(-0.0125496 -0.00149348 0)
(-0.00268331 -0.00106618 0)
(-0.0129794 0.000272042 0)
(0.00115575 0.000974434 0)
(-0.00890936 -0.00454488 0)
(0.000139489 -0.0472871 0)
(-0.000708955 0.0421967 0)
(-0.00574476 0.0268804 0)
(-0.00296158 0.005859 0)
(-0.00546256 0.00272913 0)
(-0.00191406 0.00138394 0)
(-0.00612631 0.00138318 0)
(-0.00434859 0.000859301 0)
(-0.00696694 0.00191163 0)
(-0.00577807 0.000360497 0)
(-0.0063431 0.00143425 0)
(-0.00604082 0.000277446 0)
(-0.00402159 0.00200708 0)
(-0.00629472 0.00104681 0)
(-0.00163503 0.000718116 0)
(-0.00683166 -0.00099691 0)
(-0.000872458 -0.00385264 0)
(-0.00482373 -0.00463856 0)
(-0.00228118 -0.016949 0)
(-0.0115134 -0.0230453 0)
(0.00289126 -0.0532366 0)
(-0.00327062 0.0444959 0)
(-0.000955152 0.0230335 0)
(-0.00258176 0.00719505 0)
(-0.00243485 0.001118 0)
(-0.00350478 0.000471521 0)
(-0.00463721 0.000822814 0)
(-0.00525975 0.00064077 0)
(-0.00573697 0.000441911 0)
(-0.00603615 -0.000582976 0)
(-0.00512944 -0.00043504 0)
(-0.00528003 -0.00237403 0)
(-0.000850592 -0.000107649 0)
(-0.00549593 -0.00131901 0)
(0.00142886 -0.00119411 0)
(-0.00498749 -0.000720855 0)
(0.000692861 -0.00389714 0)
(-0.00686524 0.00347098 0)
(0.00449974 0.00427714 0)
(-0.00362594 -0.00207867 0)
(0.00271612 -0.0541133 0)
(0.000857207 0.0456691 0)
(-0.000383432 0.0284302 0)
(0.00132215 0.0073796 0)
(-0.00117272 0.00440512 0)
(-0.00341183 0.00321958 0)
(-0.00490891 0.00347651 0)
(-0.00594066 0.00220658 0)
(-0.00685158 0.00222872 0)
(-0.00724927 0.00037779 0)
(-0.00661706 4.94863e-05 0)
(-0.00587933 -0.00332345 0)
(-0.00135994 0.00191878 0)
(-0.00623203 -0.000605549 0)
(0.000171636 -0.00015529 0)
(-0.00612757 0.000268181 0)
(-0.000671535 -0.0026366 0)
(-0.00767668 -0.00782289 0)
(0.00250874 -0.0195822 0)
(-0.00780131 -0.0246769 0)
(0.00372535 -0.0582992 0)
(-0.00126166 0.0438877 0)
(0.000851021 0.0228014 0)
(-0.000707803 0.0076297 0)
(-0.00132581 0.00560231 0)
(-0.00246548 0.00424838 0)
(-0.00552617 0.00331584 0)
(-0.00588977 0.0031827 0)
(-0.00750536 0.00135669 0)
(-0.00814741 -0.00021252 0)
(-0.00654362 -0.0020625 0)
(-0.00460455 -0.00791615 0)
(0.000475953 -0.000533172 0)
(-0.0064105 -0.00239619 0)
(0.00197569 -0.00255153 0)
(-0.00615708 0.0010278 0)
(0.0055685 -0.00444464 0)
(-0.00436216 0.00190148 0)
(0.00298936 0.00227522 0)
(-0.00339869 0.000598383 0)
(0.0036547 -0.0556668 0)
(-0.00142733 0.0450008 0)
(-6.32666e-05 0.0253836 0)
(-0.000152801 0.00876514 0)
(-0.00172364 0.00648193 0)
(-0.00423929 0.00681457 0)
(-0.00651543 0.00623213 0)
(-0.00909862 0.00422308 0)
(-0.00904729 0.00399675 0)
(-0.0101921 -0.00013616 0)
(-0.00770661 -0.00391719 0)
(-0.00310016 -0.00961169 0)
(-0.00344387 0.00393924 0)
(-0.00675665 -0.00101509 0)
(-0.00375481 -0.000331134 0)
(-0.00787531 -0.00253106 0)
(0.000163434 -0.00363493 0)
(-0.0120866 -0.00523587 0)
(0.0047878 -0.0200949 0)
(-0.00690501 -0.0261934 0)
(0.00510353 -0.0602836 0)
(0.000345569 0.0440649 0)
(-0.000318318 0.0246727 0)
(0.000165113 0.00979236 0)
(-0.00299958 0.00958669 0)
(-0.00546542 0.00979098 0)
(-0.00600981 0.00846225 0)
(-0.00834258 0.0065724 0)
(-0.0109407 0.00232501 0)
(-0.0107098 -0.000734428 0)
(-0.00611041 -0.00968475 0)
(-0.0013664 -0.0129146 0)
(-0.00271771 0.00158032 0)
(-0.00507725 -0.00188911 0)
(-0.0024051 -0.00321706 0)
(-0.00735685 -0.00271144 0)
(-0.00352856 -0.00272845 0)
(-0.00881257 -0.000264729 0)
(-0.000132542 -0.00542244 0)
(-0.00567878 0.000389886 0)
(0.00537794 -0.056812 0)
(-0.000761248 0.0468963 0)
(-0.00144943 0.0240962 0)
(-0.00261683 0.0105021 0)
(-0.00423896 0.0129539 0)
(-0.00474239 0.00873426 0)
(-0.00744747 0.00821746 0)
(-0.0100973 0.0096047 0)
(-0.0141108 0.0062323 0)
(-0.0134762 -0.00449442 0)
(-0.00937339 -0.0138843 0)
(-0.00648964 -0.010137 0)
(-0.0068217 0.00795806 0)
(-0.00560512 -0.000284959 0)
(-0.00648202 0.00207063 0)
(-0.00695024 0.000691798 0)
(-0.00810184 -0.00245556 0)
(-0.00601934 -0.00707965 0)
(-0.00359598 -0.0243003 0)
(-0.00936151 -0.0289187 0)
(0.00670633 -0.0634375 0)
(-0.000512692 0.0439686 0)
(5.84367e-06 0.0248446 0)
(-0.000712503 0.0127608 0)
(-0.00119011 0.0101328 0)
(0.00237029 0.0137677 0)
(-0.0068402 0.0142812 0)
(-0.0127854 0.0137041 0)
(-0.0153748 0.00692029 0)
(-0.0141641 -0.00486117 0)
(-0.0129301 -0.0182745 0)
(-0.0107055 -0.0175224 0)
(-0.0027906 0.00106204 0)
(0.00151946 -0.00327948 0)
(0.00112888 -0.00374783 0)
(-0.00330987 -0.000435118 0)
(0.000741416 -0.00646169 0)
(-0.00311375 -0.00503206 0)
(0.00467712 -0.00454433 0)
(-0.00803614 -0.0116345 0)
(0.00563267 -0.0584482 0)
(0.00158646 0.0489678 0)
(0.000379279 0.0283511 0)
(0.0013138 0.0125104 0)
(0.0024718 0.0116845 0)
(-0.00494495 0.014647 0)
(-0.00671654 0.0210877 0)
(-0.0146585 0.0175954 0)
(-0.0131232 0.00557374 0)
(-0.0157073 -0.00689085 0)
(-0.0111716 -0.0190245 0)
(-0.0153811 -0.020034 0)
(-0.00449108 -0.00311313 0)
(0.00215077 -0.00229694 0)
(0.00290522 0.00722455 0)
(0.00410603 0.00289342 0)
(0.00741078 -0.00165971 0)
(-0.00280103 -0.0079366 0)
(0.0111921 -0.0174679 0)
(-0.00585193 -0.0261821 0)
(0.00717448 -0.0634995 0)
(-0.000541874 0.0429862 0)
(0.002118 0.021895 0)
(0.00226662 0.00995593 0)
(-0.00401666 0.0146538 0)
(-0.00272995 0.0216764 0)
(-0.00625583 0.0220119 0)
(-0.0063712 0.0199661 0)
(-0.00425849 0.00664034 0)
(-0.00628624 -0.00467017 0)
(0.000615352 -0.0182769 0)
(-0.0047812 -0.0262634 0)
(0.00148346 -0.0190223 0)
(0.00488801 -0.0126189 0)
(0.0112527 -0.00758723 0)
(0.00537448 -0.00448937 0)
(0.0128317 -0.00254251 0)
(-0.00441119 -0.00918244 0)
(0.00618471 -0.00508274 0)
(-0.0062451 -0.00884409 0)
(0.00592367 -0.0602533 0)
(0.00364463 0.0442302 0)
(0.000433768 0.0282048 0)
(0.00284499 0.0185835 0)
(0.00260795 0.018987 0)
(0.00326082 0.0185442 0)
(0.00159641 0.0245695 0)
(0.00287864 0.0202796 0)
(0.00890068 0.00627991 0)
(0.00391919 -0.00852823 0)
(0.01013 -0.0190517 0)
(0.0045794 -0.0184498 0)
(0.00102039 -0.012361 0)
(0.00246473 -0.00620315 0)
(-0.00840204 0.00543354 0)
(-0.00374177 0.00406131 0)
(-0.0112129 0.00817623 0)
(-0.0097058 0.000535485 0)
(-0.0046956 -0.0135832 0)
(-0.00554056 -0.0228606 0)
(0.00582735 -0.0648959 0)
(-0.00146474 0.0418082 0)
(0.00475214 0.0207002 0)
(0.0011072 0.00841741 0)
(0.00738777 0.0115173 0)
(0.00426499 0.0221822 0)
(0.0113369 0.0210425 0)
(0.0104128 0.012331 0)
(0.020333 0.00267674 0)
(0.0168158 -0.00637694 0)
(0.0206122 -0.0180001 0)
(0.0176258 -0.0172673 0)
(0.0107353 -0.0209806 0)
(0.0165548 -0.00361385 0)
(0.00993052 -0.00230455 0)
(0.00487857 -0.00372181 0)
(0.00461859 0.00251785 0)
(0.00546953 -0.0185814 0)
(0.00203921 -0.0146064 0)
(-0.00527279 -0.0260778 0)
(0.00390383 -0.0604535 0)
(0.00210493 0.0394122 0)
(0.00194374 0.0256952 0)
(0.00832745 0.0170986 0)
(0.00510195 0.0183259 0)
(0.0101492 0.0154237 0)
(0.0221093 0.0176124 0)
(0.0194001 0.0142316 0)
(0.0324922 0.00258426 0)
(0.0250919 -0.0087096 0)
(0.0343487 -0.0164533 0)
(0.0233226 -0.0150702 0)
(0.0238704 -0.00963158 0)
(0.00393424 -0.00823905 0)
(0.0245841 0.0189623 0)
(0.00286946 0.0108625 0)
(0.0161305 0.00841299 0)
(0.00929466 0.0109681 0)
(0.00864197 0.000412771 0)
(0.000480886 -0.0132021 0)
(0.00875618 -0.0611245 0)
(4.657e-05 0.0372252 0)
(0.00394408 0.016459 0)
(0.00393861 0.00602505 0)
(0.0104639 0.00744598 0)
(0.0138572 0.00339755 0)
(0.0188203 0.0121661 0)
(0.0242555 0.00119234 0)
(0.0282245 -0.00203414 0)
(0.0312597 -0.00772035 0)
(0.0330639 -0.0137059 0)
(0.0248876 -0.00159275 0)
(0.00719198 -0.00287222 0)
(-0.0135519 -0.00565216 0)
(-0.0139306 0.00162219 0)
(0.000945959 -0.00143545 0)
(-0.00539578 -0.00367769 0)
(-0.00233181 -0.0148869 0)
(0.0162147 -0.0109069 0)
(-0.0037528 -0.0385421 0)
(0.00358541 -0.0596072 0)
(0.00183184 0.0350351 0)
(0.0106212 0.0183897 0)
(0.00449864 0.0106729 0)
(0.0122052 0.00916775 0)
(0.00946061 0.00611014 0)
(0.0182836 0.00520892 0)
(0.0267494 0.00450249 0)
(0.0291799 -0.00658366 0)
(0.0321449 -0.0170082 0)
(0.0249646 -0.011665 0)
(0.0285606 0.00944141 0)
(0.0235117 0.0185031 0)
(0.0230205 0.0202758 0)
(0.0162866 0.00924073 0)
(0.0171204 -0.00072234 0)
(0.0260611 0.0138568 0)
(0.0245305 -0.00466576 0)
(0.0237744 0.00159629 0)
(0.00428356 0.014592 0)
(0.016001 -0.0486371 0)
(-0.000926117 0.0267369 0)
(0.0169772 0.0154229 0)
(0.0115642 0.00658082 0)
(0.0154747 0.00159058 0)
(0.0158642 -0.00302084 0)
(0.0106403 -0.00592166 0)
(0.011188 -0.00603008 0)
(0.00484618 -0.00550503 0)
(-0.0132476 -0.00566461 0)
(-0.0268149 -0.0059248 0)
(-0.0240723 0.000727911 0)
(-0.0131532 0.00166949 0)
(-0.0144664 0.00305482 0)
(0.0109976 0.00213548 0)
(-0.0072476 -0.0132062 0)
(0.00238509 -0.00620045 0)
(0.00312636 -0.0137986 0)
(-0.0183592 -0.000592687 0)
(0.0156322 -0.0356099 0)
(0.0104591 -0.0601876 0)
(0.0103587 0.017911 0)
(0.0290005 0.011892 0)
(0.0377431 0.00974728 0)
(0.0449298 0.00820204 0)
(0.0483641 0.00820517 0)
(0.0518237 0.00991603 0)
(0.0507727 0.0100921 0)
(0.0569452 0.0112089 0)
(0.0552707 0.0117503 0)
(0.0649691 0.00872159 0)
(0.0606944 0.00267553 0)
(0.0642716 -0.00161894 0)
(0.0626822 0.0036816 0)
(0.0645793 -0.00203087 0)
(0.0677434 0.0106898 0)
(0.0641652 0.00229141 0)
(0.0627252 0.0124009 0)
(0.0573808 -0.00164667 0)
(0.0542568 -0.00455684 0)
(0.0297363 -0.00130273 0)
)
;

boundaryField
{
    movingWall
    {
        type            fixedValue;
        value           uniform (1 0 0);
    }
    fixedWalls
    {
        type            noSlip;
    }
    frontAndBack
    {
        type            empty;
    }
}


// ************************************************************************* //
