/*--------------------------------*- C++ -*----------------------------------*\
| =========                 |                                                 |
| \\      /  F ield         | OpenFOAM: The Open Source CFD Toolbox           |
|  \\    /   O peration     | Version:  5.x                                   |
|   \\  /    A nd           | Web:      www.OpenFOAM.org                      |
|    \\/     M anipulation  |                                                 |
\*---------------------------------------------------------------------------*/
FoamFile
{
    version     2.0;
    format      ascii;
    class       volScalarField;
    location    "18.9";
    object      p;
}
// * * * * * * * * * * * * * * * * * * * * * * * * * * * * * * * * * * * * * //

dimensions      [0 2 -2 0 0 0 0];

internalField   nonuniform List<scalar> 
400
(
-6.60804e-10
-0.000753131
-0.00131933
-0.00168206
-0.00186542
-0.00196712
-0.00201915
-0.00205428
-0.00207211
-0.0020768
-0.00208608
-0.00209539
-0.00209736
-0.00208313
-0.00201844
-0.00189998
-0.00169971
-0.00136565
-0.000799973
0.000426656
-0.000796955
-0.00133181
-0.00167157
-0.00186463
-0.00195446
-0.0020093
-0.00204001
-0.00206912
-0.0020783
-0.0020872
-0.00207642
-0.00208931
-0.00210091
-0.00211283
-0.00210779
-0.00205588
-0.00197654
-0.00181411
-0.00160549
-0.000628837
-0.00135789
-0.00171829
-0.00187534
-0.00196894
-0.00200725
-0.00203024
-0.00205173
-0.00207005
-0.0020809
-0.00208518
-0.00208477
-0.0020941
-0.00211112
-0.00210525
-0.00210205
-0.00199848
-0.00201495
-0.00183097
-0.00176234
-0.00132942
-0.0016943
-0.00192226
-0.00197904
-0.0020226
-0.00203113
-0.00204692
-0.00205895
-0.00207844
-0.00208528
-0.00208533
-0.00208583
-0.00209378
-0.00210797
-0.00209622
-0.00213985
-0.00211072
-0.00212277
-0.00194451
-0.00197866
-0.00173831
-0.00188117
-0.00201861
-0.00202609
-0.0020416
-0.00204979
-0.00205527
-0.00206584
-0.0020765
-0.00208598
-0.00208729
-0.00208901
-0.00208721
-0.00212287
-0.00210522
-0.00216161
-0.00213715
-0.00213432
-0.00198349
-0.00200166
-0.00189329
-0.00197673
-0.00203397
-0.0020339
-0.00204997
-0.00205091
-0.00206174
-0.00206661
-0.00207905
-0.0020868
-0.00208884
-0.00210163
-0.00210338
-0.00211104
-0.0020756
-0.0021065
-0.0020987
-0.00211366
-0.00199381
-0.00209604
-0.00197008
-0.0020189
-0.00206291
-0.00205828
-0.0020635
-0.00206678
-0.00206872
-0.00207785
-0.0020813
-0.00209489
-0.0020898
-0.00211581
-0.00208593
-0.00213095
-0.00203571
-0.00207766
-0.00209063
-0.00208095
-0.00200353
-0.00206807
-0.00198602
-0.00205523
-0.00208053
-0.00207016
-0.00207135
-0.00206699
-0.00206893
-0.00206959
-0.00208274
-0.00209241
-0.00210705
-0.00211929
-0.00210293
-0.0020976
-0.00211488
-0.00210868
-0.00210196
-0.00206106
-0.0020519
-0.00209082
-0.00207914
-0.00207183
-0.0020925
-0.00208058
-0.0020823
-0.00208001
-0.00207379
-0.00208106
-0.00208165
-0.00210565
-0.0021356
-0.00213056
-0.00211733
-0.00214557
-0.0021765
-0.00219544
-0.00214364
-0.00229587
-0.00213527
-0.00214526
-0.00213085
-0.00208871
-0.00210596
-0.00209281
-0.00209179
-0.00207834
-0.0020731
-0.00207493
-0.00208333
-0.00209055
-0.00210336
-0.00209174
-0.0021291
-0.00208853
-0.00214861
-0.00221183
-0.00214177
-0.00222279
-0.0021534
-0.00217584
-0.00211679
-0.00209065
-0.00210613
-0.00209693
-0.00210079
-0.00209091
-0.0020777
-0.00207831
-0.0020835
-0.00209798
-0.00212605
-0.00212647
-0.00216999
-0.00216361
-0.00224831
-0.00218575
-0.00211605
-0.00210382
-0.00212473
-0.00212834
-0.00203701
-0.00208752
-0.00210255
-0.00207408
-0.00209187
-0.00208186
-0.00206463
-0.00208501
-0.00209976
-0.00206309
-0.00209968
-0.00212787
-0.00215586
-0.00216233
-0.00222762
-0.00213651
-0.00212893
-0.00209261
-0.00208222
-0.0021016
-0.00205613
-0.00208767
-0.00211782
-0.00208549
-0.00211627
-0.00209711
-0.00208632
-0.00210709
-0.00208098
-0.00207655
-0.00210741
-0.00212487
-0.0021667
-0.00214972
-0.00218218
-0.00223949
-0.00210604
-0.00219007
-0.00204198
-0.00213344
-0.00202193
-0.00207626
-0.00211186
-0.00210698
-0.00210871
-0.00207032
-0.00211168
-0.00206734
-0.00201561
-0.00202174
-0.00207057
-0.00212179
-0.00213597
-0.00215315
-0.00218704
-0.00234799
-0.00206617
-0.00212349
-0.00195281
-0.00208776
-0.0018786
-0.00204955
-0.00211642
-0.00212424
-0.00215621
-0.00210048
-0.00212122
-0.00210396
-0.00203664
-0.00205739
-0.00208454
-0.00211371
-0.00215832
-0.0021527
-0.00223923
-0.00235728
-0.00213866
-0.00215224
-0.00182914
-0.00206503
-0.00181399
-0.0019664
-0.00207686
-0.00215636
-0.00208798
-0.00207764
-0.00208375
-0.0020952
-0.00202348
-0.00209733
-0.00209357
-0.00212854
-0.00211513
-0.00210248
-0.00208909
-0.00198555
-0.00184488
-0.00212861
-0.00184597
-0.00180094
-0.00182485
-0.00178336
-0.00194519
-0.00206954
-0.00210051
-0.0020453
-0.00207857
-0.00202915
-0.00202276
-0.0021377
-0.00216195
-0.00216832
-0.00213615
-0.00209484
-0.00206579
-0.00201557
-0.0020123
-0.00205197
-0.00206247
-0.00210722
-0.00178747
-0.00144932
-0.00177985
-0.00196201
-0.00202716
-0.00202413
-0.002004
-0.00200641
-0.00207655
-0.00216842
-0.00228436
-0.00231438
-0.00207224
-0.00205358
-0.00205528
-0.00198136
-0.00204318
-0.00189264
-0.0017489
-0.00155141
-0.00134616
-0.000967147
-0.00138583
-0.00173169
-0.00186169
-0.00186513
-0.00182321
-0.00179766
-0.00197174
-0.002426
-0.00258066
-0.00241992
-0.00204784
-0.00206721
-0.00195091
-0.00196285
-0.00201577
-0.00188372
-0.00195439
-0.00177466
-0.000958797
-0.000436346
-0.00100995
-0.00147061
-0.0017837
-0.00190922
-0.00193875
-0.00194809
-0.00199615
-0.00210164
-0.00215602
-0.00211529
-0.00206567
-0.00202946
-0.00195462
-0.00194356
-0.00186307
-0.00186028
-0.0014463
-0.000656262
0.00124401
)
;

boundaryField
{
    movingWall
    {
        type            zeroGradient;
    }
    fixedWalls
    {
        type            zeroGradient;
    }
    frontAndBack
    {
        type            empty;
    }
}


// ************************************************************************* //
