/*--------------------------------*- C++ -*----------------------------------*\
| =========                 |                                                 |
| \\      /  F ield         | OpenFOAM: The Open Source CFD Toolbox           |
|  \\    /   O peration     | Version:  5.x                                   |
|   \\  /    A nd           | Web:      www.OpenFOAM.org                      |
|    \\/     M anipulation  |                                                 |
\*---------------------------------------------------------------------------*/
FoamFile
{
    version     2.0;
    format      ascii;
    class       surfaceScalarField;
    location    "18.9";
    object      phi;
}
// * * * * * * * * * * * * * * * * * * * * * * * * * * * * * * * * * * * * * //

dimensions      [0 3 -1 0 0 0 0];

internalField   nonuniform List<scalar> 
760
(
-1.32886e-06
1.32886e-06
-2.21692e-06
8.88053e-07
-2.65241e-06
4.35496e-07
-2.88227e-06
2.29859e-07
-2.97269e-06
9.04168e-08
-3.03654e-06
6.38511e-08
-3.06017e-06
2.36302e-08
-3.09521e-06
3.50383e-08
-3.11754e-06
2.23341e-08
-3.15348e-06
3.59435e-08
-3.1551e-06
1.61207e-09
-3.16999e-06
1.48973e-08
-3.15217e-06
-1.78223e-08
-3.14208e-06
-1.00964e-08
-3.08491e-06
-5.71649e-08
-2.98064e-06
-1.04268e-07
-2.78479e-06
-1.95857e-07
-2.3683e-06
-4.16489e-07
-1.65817e-06
-7.10129e-07
-1.65817e-06
-7.74918e-07
2.10378e-06
-1.23819e-06
1.35132e-06
-1.37751e-06
5.74824e-07
-1.43187e-06
2.84213e-07
-1.45466e-06
1.1321e-07
-1.47069e-06
7.98813e-08
-1.47768e-06
3.06171e-08
-1.49529e-06
5.26459e-08
-1.47643e-06
3.47517e-09
-1.47774e-06
3.72553e-08
-1.48883e-06
1.27074e-08
-1.52838e-06
5.44452e-08
-1.5647e-06
1.84996e-08
-1.56979e-06
-5.01258e-09
-1.59202e-06
-3.49367e-08
-1.51008e-06
-1.86207e-07
-1.48857e-06
-2.17367e-07
-1.42384e-06
-4.81217e-07
-9.83618e-07
-1.15035e-06
-2.64179e-06
-4.22878e-07
2.52666e-06
-6.05194e-07
1.53364e-06
-6.11645e-07
5.81275e-07
-6.32147e-07
3.04715e-07
-6.55364e-07
1.36426e-07
-6.91793e-07
1.16311e-07
-7.61646e-07
1.0047e-07
-7.87013e-07
7.80128e-08
-8.07943e-07
2.44053e-08
-7.6874e-07
-1.9484e-09
-7.64267e-07
8.2346e-09
-7.73738e-07
6.39165e-08
-8.1545e-07
6.02112e-08
-7.80525e-07
-3.99374e-08
-7.07118e-07
-1.08344e-07
-6.25795e-07
-2.6753e-07
-3.77054e-07
-4.66107e-07
-2.7203e-07
-5.86241e-07
-3.85879e-07
-1.0365e-06
-3.02766e-06
-2.15631e-07
2.74229e-06
-2.82093e-07
1.6001e-06
-2.61086e-07
5.60268e-07
-2.55647e-07
2.99276e-07
-2.65863e-07
1.46643e-07
-2.82377e-07
1.32825e-07
-3.18301e-07
1.36394e-07
-3.4148e-07
1.01191e-07
-3.73677e-07
5.66028e-08
-3.99736e-07
2.41101e-08
-4.44618e-07
5.31163e-08
-4.70359e-07
8.96583e-08
-4.80429e-07
7.02813e-08
-5.35916e-07
1.55491e-08
-6.40099e-07
-4.1608e-09
-6.52192e-07
-2.55437e-07
-5.59937e-07
-5.58363e-07
-2.41372e-07
-9.04806e-07
-2.02976e-07
-1.0749e-06
-3.23064e-06
-1.09066e-07
2.85136e-06
-1.1036e-07
1.60139e-06
-8.99077e-08
5.39815e-07
-5.39104e-08
2.63279e-07
-5.91425e-08
1.51875e-07
-8.30916e-08
1.56774e-07
-1.03297e-07
1.566e-07
-1.31279e-07
1.29174e-07
-1.92861e-07
1.18185e-07
-2.29458e-07
6.07063e-08
-2.11178e-07
3.48368e-08
-1.22713e-07
1.19342e-09
-9.58668e-10
-5.14733e-08
-4.32231e-08
5.78135e-08
6.1465e-09
-5.35304e-08
-5.19724e-08
-1.97318e-07
-7.45647e-08
-5.35771e-07
3.02019e-09
-9.82391e-07
-1.6052e-08
-1.05582e-06
-3.24669e-06
-5.3023e-08
2.90438e-06
-8.19155e-08
1.63028e-06
-3.4415e-08
4.92315e-07
1.06077e-08
2.18256e-07
-4.33544e-08
2.05837e-07
-4.16631e-08
1.55083e-07
-5.40415e-08
1.68978e-07
-7.95971e-08
1.5473e-07
-7.90805e-08
1.17668e-07
-1.29703e-07
1.11329e-07
-2.7548e-07
1.80613e-07
-2.79151e-07
4.86518e-09
-5.3205e-08
-2.7742e-07
-3.55339e-08
4.01424e-08
1.74713e-07
-2.63777e-07
2.70699e-07
-2.93304e-07
3.43386e-08
-2.99411e-07
-1.83684e-09
-9.46216e-07
-8.10927e-08
-9.76569e-07
-3.32779e-06
-4.59059e-08
2.95029e-06
-3.59307e-08
1.62031e-06
-6.06282e-08
5.17012e-07
-5.24364e-08
2.10064e-07
-2.0851e-08
1.74252e-07
3.7618e-09
1.3047e-07
2.89651e-08
1.43775e-07
4.27392e-09
1.79421e-07
-4.11287e-08
1.63071e-07
-5.10278e-08
1.21228e-07
-4.64146e-08
1.76e-07
-5.54203e-08
1.38709e-08
-3.47699e-08
-2.9807e-07
-9.50007e-08
1.00373e-07
9.19117e-08
-4.5069e-07
1.29248e-07
-3.3064e-07
2.20718e-08
-1.92234e-07
1.02295e-07
-1.02644e-06
4.81375e-08
-9.22411e-07
-3.27965e-06
3.35944e-10
2.94995e-06
-4.63206e-08
1.66697e-06
-3.35169e-08
5.04209e-07
1.10451e-08
1.65502e-07
1.39515e-09
1.83901e-07
-2.54212e-08
1.57286e-07
-1.08229e-07
2.26583e-07
-1.82308e-07
2.53499e-07
-2.62137e-07
2.429e-07
-2.99799e-07
1.5889e-07
-1.52347e-07
2.85484e-08
-3.12459e-08
-1.0723e-07
-1.79595e-07
-1.49721e-07
-4.45856e-07
3.66635e-07
-1.84807e-07
-7.11739e-07
-1.13312e-07
-4.02136e-07
-2.83341e-07
-2.22052e-08
-2.30068e-07
-1.07971e-06
-7.98997e-08
-1.07258e-06
-3.35955e-06
-1.78502e-08
2.9678e-06
-2.11184e-08
1.67023e-06
-3.95826e-08
5.22673e-07
-6.59463e-08
1.91866e-07
-3.04734e-08
1.48429e-07
4.80837e-08
7.87294e-08
6.53098e-08
2.09357e-07
1.02091e-07
2.16718e-07
3.26949e-07
1.80417e-08
3.40237e-07
1.45602e-07
1.64214e-07
2.04571e-07
-2.96837e-08
8.66674e-08
-1.79729e-07
3.23592e-10
-2.27945e-07
4.14851e-07
-7.85071e-08
-8.61177e-07
-1.99515e-09
-4.78648e-07
-2.06218e-07
1.82017e-07
-1.43278e-07
-1.14265e-06
8.03214e-09
-1.22389e-06
-3.35152e-06
2.7935e-08
2.93987e-06
-3.40323e-08
1.7322e-06
-6.55461e-08
5.54187e-07
-2.59912e-08
1.52311e-07
3.34119e-08
8.90253e-08
6.9417e-08
4.27243e-08
1.61005e-07
1.17769e-07
2.20829e-07
1.56893e-07
2.37166e-07
1.70503e-09
8.12348e-08
3.01534e-07
-8.69127e-08
3.72719e-07
-8.71842e-08
8.6939e-08
-1.1495e-07
2.80899e-08
-1.91012e-07
4.90913e-07
-4.76176e-07
-5.76013e-07
-3.83568e-07
-5.71255e-07
9.34448e-08
-2.94996e-07
4.47715e-08
-1.09398e-06
-7.78597e-08
-1.10126e-06
-3.42938e-06
-4.51588e-09
2.94438e-06
3.94316e-08
1.68825e-06
5.08311e-08
5.42787e-07
9.13316e-08
1.11811e-07
1.11377e-07
6.89803e-08
1.68734e-07
-1.46333e-08
3.05348e-07
-1.88456e-08
2.02583e-07
2.59659e-07
-9.55936e-09
2.13847e-07
-8.86025e-08
3.80577e-07
-5.3899e-08
3.38015e-07
1.03117e-07
-7.0077e-08
2.1835e-07
-8.71426e-08
2.52643e-08
6.83998e-07
-9.104e-08
-4.59709e-07
-1.37849e-07
-5.24447e-07
2.33306e-07
-6.66151e-07
3.20678e-07
-1.18135e-06
9.4402e-08
-8.74982e-07
-3.33497e-06
3.02231e-08
2.91416e-06
-4.17527e-08
1.76023e-06
7.28902e-08
4.28144e-07
1.38967e-07
4.57338e-08
3.8928e-08
1.69019e-07
6.11386e-08
-3.68439e-08
2.44483e-07
-2.0219e-07
2.71034e-07
2.33108e-07
1.26392e-07
3.58489e-07
5.42268e-08
4.52742e-07
5.89606e-08
3.33282e-07
-4.043e-08
2.93135e-08
-9.17512e-08
-3.58213e-08
5.21019e-08
5.40145e-07
5.06322e-08
-4.58239e-07
-5.1283e-08
-4.22531e-07
1.9369e-08
-7.36803e-07
-1.42428e-07
-1.01955e-06
3.42489e-10
-1.01775e-06
-3.33463e-06
-2.71094e-09
2.91687e-06
3.17654e-08
1.72575e-06
-4.80299e-08
5.07939e-07
-1.76674e-07
1.74378e-07
-1.19017e-07
1.11363e-07
-1.30306e-07
-2.55553e-08
-1.00145e-07
-2.32351e-07
1.31529e-07
1.43374e-09
3.04061e-07
1.85957e-07
2.85303e-07
4.715e-07
1.45794e-07
4.72791e-07
4.08049e-08
1.34302e-07
-1.06064e-07
1.11047e-07
-6.33037e-09
4.40412e-07
8.36275e-08
-5.48197e-07
1.07829e-07
-4.46733e-07
6.43627e-09
-6.35409e-07
-2.17518e-07
-7.95599e-07
-1.06653e-08
-1.2246e-06
-3.3453e-06
1.74271e-08
2.89944e-06
-6.61955e-10
1.74384e-06
-1.19769e-08
5.19254e-07
-5.96743e-08
2.22075e-07
-2.95558e-08
8.12446e-08
-1.21848e-07
6.6737e-08
-1.01793e-07
-2.52406e-07
1.7053e-07
-2.70889e-07
2.44366e-07
1.12122e-07
3.71591e-07
3.44274e-07
3.52417e-07
4.91965e-07
1.72248e-07
3.14471e-07
1.12709e-08
2.72024e-07
2.00613e-08
4.31621e-07
1.25716e-07
-6.53852e-07
2.27738e-07
-5.48755e-07
3.83162e-07
-7.90833e-07
2.67908e-07
-6.80345e-07
5.31049e-08
-1.0098e-06
-3.29219e-06
4.57112e-08
2.85373e-06
5.64591e-08
1.7331e-06
-5.09801e-08
6.26693e-07
1.39044e-07
3.20511e-08
2.26006e-07
-5.71759e-09
2.00901e-07
9.18414e-08
5.64441e-07
-6.15946e-07
5.38999e-07
-2.45447e-07
4.08743e-07
2.42378e-07
5.8929e-07
1.63728e-07
7.61303e-07
3.19952e-07
6.40521e-07
4.35253e-07
8.21077e-07
9.14681e-08
8.4579e-07
4.06908e-07
8.26883e-07
-6.34945e-07
9.39047e-07
-6.60918e-07
4.26043e-07
-2.7783e-07
2.0071e-07
-4.55012e-07
6.36827e-08
-8.72775e-07
-3.22851e-06
1.07889e-07
2.74584e-06
2.56807e-07
1.58418e-06
2.54623e-07
6.28878e-07
1.24109e-07
1.62565e-07
2.55921e-07
-1.3753e-07
5.40694e-07
-1.92932e-07
5.3366e-07
-6.08911e-07
5.13247e-07
-2.25034e-07
5.86517e-07
1.69107e-07
6.67848e-07
8.23979e-08
7.40803e-07
2.46997e-07
7.81099e-07
3.94957e-07
8.6422e-07
8.34627e-09
9.57921e-07
3.13207e-07
6.60266e-07
-3.3729e-07
-3.74445e-08
3.67924e-08
-2.50632e-07
-6.46421e-08
-2.55135e-08
-6.80131e-07
3.89169e-08
-9.37205e-07
-3.18959e-06
2.67391e-07
2.47845e-06
2.69497e-07
1.58207e-06
3.35122e-07
5.63253e-07
4.54937e-07
4.27505e-08
3.08002e-07
9.40579e-09
4.72499e-07
-3.5743e-07
3.33031e-07
-4.69443e-07
5.82042e-07
-4.74045e-07
1.11834e-06
-3.6719e-07
1.18302e-06
1.77133e-08
1.02121e-06
4.08812e-07
9.75831e-07
4.40335e-07
8.85765e-07
9.84127e-08
8.9606e-07
3.02912e-07
7.24862e-07
-1.66092e-07
2.69425e-07
4.92229e-07
6.22874e-07
-4.18091e-07
2.31428e-07
-2.88685e-07
-5.4569e-08
-6.51208e-07
-3.24416e-06
4.4882e-07
2.02963e-06
8.45202e-07
1.18569e-06
8.12316e-07
5.96139e-07
8.40034e-07
1.50319e-08
8.77839e-07
-2.83989e-08
8.62026e-07
-3.41617e-07
9.30935e-07
-5.38352e-07
9.42646e-07
-4.85757e-07
9.33676e-07
-3.5822e-07
9.90883e-07
-3.9493e-08
1.09832e-06
3.01374e-07
1.06354e-06
4.75114e-07
1.17438e-06
-1.24311e-08
1.06853e-06
4.0877e-07
1.12823e-06
-2.25797e-07
1.07402e-06
5.46437e-07
9.06994e-07
-2.51061e-07
3.68064e-07
2.50244e-07
4.58126e-07
-7.4127e-07
-2.78603e-06
7.19682e-07
1.30995e-06
1.12289e-06
7.82476e-07
1.29152e-06
4.27511e-07
1.12192e-06
1.84633e-07
9.7262e-07
1.20901e-07
5.73168e-07
5.7835e-08
-6.18262e-08
9.66427e-08
-6.88688e-07
1.41106e-07
-1.12244e-06
7.55297e-08
-1.15484e-06
-7.0937e-09
-9.01004e-07
4.75405e-08
-4.99202e-07
7.33126e-08
-4.80801e-07
-3.08317e-08
-1.92883e-07
1.20852e-07
-3.47715e-07
-7.09652e-08
1.54847e-08
1.83238e-07
-5.41968e-08
-1.8138e-07
2.92132e-07
-9.60848e-08
8.31707e-07
-1.28084e-06
-1.95433e-06
1.30995e-06
2.09243e-06
2.51994e-06
2.70457e-06
2.82547e-06
2.88331e-06
2.97995e-06
3.12105e-06
3.19658e-06
3.18949e-06
3.23703e-06
3.31034e-06
3.27951e-06
3.40036e-06
3.3294e-06
3.51264e-06
3.33126e-06
3.23517e-06
1.95433e-06
)
;

boundaryField
{
    movingWall
    {
        type            calculated;
        value           uniform 0;
    }
    fixedWalls
    {
        type            calculated;
        value           uniform 0;
    }
    frontAndBack
    {
        type            empty;
        value           nonuniform 0();
    }
}


// ************************************************************************* //
