/*--------------------------------*- C++ -*----------------------------------*\
| =========                 |                                                 |
| \\      /  F ield         | OpenFOAM: The Open Source CFD Toolbox           |
|  \\    /   O peration     | Version:  5.x                                   |
|   \\  /    A nd           | Web:      www.OpenFOAM.org                      |
|    \\/     M anipulation  |                                                 |
\*---------------------------------------------------------------------------*/
FoamFile
{
    version     2.0;
    format      ascii;
    class       volVectorField;
    location    "18.9";
    object      U;
}
// * * * * * * * * * * * * * * * * * * * * * * * * * * * * * * * * * * * * * //

dimensions      [0 1 -1 0 0 0 0];

internalField   nonuniform List<vector> 
400
(
(-0.0174932 0.00965801 0)
(-0.040666 0.00689522 0)
(-0.0486865 0.00313136 0)
(-0.0561053 0.00113194 0)
(-0.0568356 0.000825611 0)
(-0.0606142 -0.000306558 0)
(-0.0595431 0.000315524 0)
(-0.0625439 -0.000881682 0)
(-0.0610606 -0.000232945 0)
(-0.0635143 -0.00120828 0)
(-0.061736 -0.000677841 0)
(-0.064792 -0.000652314 0)
(-0.0622117 -0.000389243 0)
(-0.0654522 -0.000136502 0)
(-0.0611936 -0.000732539 0)
(-0.0634152 -0.00125428 0)
(-0.0570948 -0.00342593 0)
(-0.0565996 -0.00629796 0)
(-0.0425745 -0.0123225 0)
(-0.015866 -0.026063 0)
(-0.0125744 0.0382495 0)
(-0.0217945 0.0249203 0)
(-0.0265304 0.0122021 0)
(-0.0275755 0.00696948 0)
(-0.0282308 0.0023198 0)
(-0.0298179 0.00258192 0)
(-0.0280885 0.000516249 0)
(-0.03178 0.0021447 0)
(-0.0273514 0.00105849 0)
(-0.0324882 0.00250484 0)
(-0.0256364 0.000773351 0)
(-0.0339231 0.00131612 0)
(-0.0270322 -0.000298255 0)
(-0.0362471 -0.00038066 0)
(-0.0275795 -0.00201161 0)
(-0.0357892 -0.00378886 0)
(-0.0256739 -0.00582909 0)
(-0.0342113 -0.0130694 0)
(-0.0272558 -0.020628 0)
(-0.0062319 -0.047088 0)
(-0.00739868 0.0468809 0)
(-0.0116981 0.0300233 0)
(-0.0112089 0.0115612 0)
(-0.0128737 0.00482363 0)
(-0.0117158 0.00228442 0)
(-0.0140872 0.000760181 0)
(-0.0134149 0.000681982 0)
(-0.0173769 0.000101502 0)
(-0.0141258 -0.000900492 0)
(-0.0183363 -0.000897909 0)
(-0.011988 -0.000334775 0)
(-0.0183685 0.000789299 0)
(-0.0131899 0.00095083 0)
(-0.0190644 0.000231421 0)
(-0.0134008 0.000917748 0)
(-0.0131414 -0.00247637 0)
(-0.0138728 -0.00171053 0)
(0.000324534 -0.0039348 0)
(-0.012822 -0.0213591 0)
(-0.000136201 -0.0566398 0)
(-0.0053153 0.0563465 0)
(-0.00462127 0.0327879 0)
(-0.00571436 0.012417 0)
(-0.00508276 0.00750484 0)
(-0.00467461 0.00342717 0)
(-0.00620304 0.00383045 0)
(-0.00483552 0.0034515 0)
(-0.00824381 0.00285963 0)
(-0.00542222 0.00181582 0)
(-0.0093799 0.000811193 0)
(-0.00647356 0.000689426 0)
(-0.0111726 0.00169252 0)
(-0.00812865 0.00164723 0)
(-0.0102201 -0.0017106 0)
(-0.0123763 -0.0055598 0)
(-0.0120301 -0.00937875 0)
(-0.0157926 -0.0181424 0)
(-0.00447985 -0.0208805 0)
(-0.00671179 -0.0223289 0)
(4.00485e-05 -0.0630763 0)
(-0.00305639 0.054817 0)
(-0.00206656 0.0323113 0)
(-0.00179893 0.0103707 0)
(-0.00193681 0.00486305 0)
(-0.000160512 0.0022582 0)
(-0.00211004 0.0016074 0)
(-0.00125401 0.00189664 0)
(-0.00295004 0.00135459 0)
(-0.00243733 0.000529089 0)
(-0.00510524 0.000176713 0)
(-0.00415255 0.00153272 0)
(-0.00390044 0.00211844 0)
(-0.00147154 0.000919209 0)
(0.00149684 0.00218564 0)
(-0.00360516 0.00533138 0)
(0.00395311 -0.000687388 0)
(-0.00646567 -0.00342462 0)
(0.00417811 -0.0149843 0)
(-0.00420503 -0.0183546 0)
(0.00383457 -0.0628439 0)
(-0.00235083 0.0609218 0)
(-0.00011812 0.0334055 0)
(-0.00280902 0.0120125 0)
(0.00128182 0.00591677 0)
(-0.000787572 0.00412678 0)
(-0.00106753 0.00473068 0)
(-0.000489799 0.00459099 0)
(-0.00178661 0.00370331 0)
(-0.00145767 0.00432555 0)
(-0.00154432 0.00219653 0)
(-0.00387247 -0.000216834 0)
(-0.0068637 -0.00210869 0)
(-0.00482574 -0.00274281 0)
(0.00303992 0.000324745 0)
(-0.00473096 -0.00714121 0)
(0.0122167 -0.00660356 0)
(-0.00232182 -0.0178331 0)
(0.00418815 -0.0236022 0)
(-0.0044867 -0.0258475 0)
(0.0020028 -0.0667939 0)
(-0.00203318 0.0565242 0)
(-9.07858e-05 0.030989 0)
(-0.00114143 0.00709483 0)
(-0.00139484 0.00258967 0)
(-0.000683468 0.00374906 0)
(-8.79951e-05 0.00132548 0)
(0.000210086 0.00184915 0)
(0.00104541 0.0025338 0)
(-0.000918162 0.000165857 0)
(-0.000515914 0.00244842 0)
(-0.00182716 0.00733568 0)
(0.000320801 0.0023881 0)
(-0.00302332 -0.00900901 0)
(0.00205922 0.00160724 0)
(-0.00641082 -0.00306764 0)
(0.0102458 -0.00537421 0)
(-0.00543668 0.00614542 0)
(0.00664842 -0.0141067 0)
(-0.00335029 -0.0113752 0)
(0.00574747 -0.0631791 0)
(-0.000886907 0.0616214 0)
(0.000869872 0.0344789 0)
(-0.00251943 0.014005 0)
(0.00107661 0.00602522 0)
(-0.000583063 0.00354042 0)
(0.000624427 0.00406434 0)
(-0.00155739 0.00424106 0)
(-0.00295645 0.00453493 0)
(-0.00417528 0.00666706 0)
(-0.006269 0.00242493 0)
(-0.00614347 -0.000124684 0)
(0.000409747 -0.00193499 0)
(-0.00164388 -0.00202782 0)
(-0.00591591 0.00187794 0)
(-0.0113816 -0.0148189 0)
(0.00359021 -0.00752334 0)
(-0.00773812 -0.0128707 0)
(-0.00329541 -0.0262614 0)
(-0.0065918 -0.0260879 0)
(0.0037269 -0.0697574 0)
(-0.00136708 0.0572361 0)
(0.000517503 0.0318386 0)
(-0.00122454 0.00599658 0)
(-0.000475003 0.000437834 0)
(-0.00213223 0.00349151 0)
(0.0010167 0.00204797 0)
(0.000763067 0.00440377 0)
(0.00205542 0.00579537 0)
(0.00181424 0.002577 0)
(0.0107693 0.00345295 0)
(0.00324258 0.00108533 0)
(0.00372968 -0.00221384 0)
(-0.005086 -0.00472469 0)
(-0.00202605 0.0125345 0)
(-0.00731443 -0.0148171 0)
(0.00482234 -0.00935318 0)
(-0.00516049 0.011466 0)
(-0.00167512 -0.0181698 0)
(-0.00481606 -0.0175574 0)
(0.0052194 -0.0654385 0)
(-0.0001651 0.0609395 0)
(0.00112048 0.0352836 0)
(-0.00232098 0.0147867 0)
(-0.000468536 0.0073726 0)
(-0.000474819 0.0027404 0)
(0.00180445 0.00123082 0)
(0.000922286 0.0043098 0)
(0.00546535 0.00270338 0)
(0.00345762 -0.00172254 0)
(0.00566568 0.00295536 0)
(-0.00208459 0.00781236 0)
(-0.00187306 0.00588687 0)
(-0.00104367 0.00485616 0)
(-0.00406923 0.00534701 0)
(-0.00424308 -0.0201595 0)
(-0.0131758 -0.00933867 0)
(-0.00371441 -0.00326267 0)
(0.00809114 -0.0280284 0)
(-0.00664197 -0.0326756 0)
(0.00400303 -0.0702264 0)
(-0.00102661 0.0575498 0)
(0.000783853 0.0337966 0)
(0.000962467 0.00693633 0)
(0.000906029 -0.00151133 0)
(0.00288422 0.000569792 0)
(0.00177328 0.000339029 0)
(0.00478506 0.000299019 0)
(0.00763664 0.00382517 0)
(0.000577412 0.00173521 0)
(-0.00106072 0.00832741 0)
(-0.00212205 0.00621185 0)
(-0.000357243 -0.00277785 0)
(0.00501606 -0.00407037 0)
(0.00269707 0.0127371 0)
(-0.00141851 -0.00307137 0)
(-0.00186639 -0.0127126 0)
(-0.00399107 -0.00760506 0)
(0.0132374 -0.0162462 0)
(-0.0010907 -0.0098496 0)
(0.00544818 -0.0637243 0)
(-8.26966e-05 0.0595061 0)
(0.00110202 0.0343631 0)
(-0.00250146 0.0155915 0)
(0.00508762 0.00631477 0)
(0.000702867 0.00244061 0)
(0.0010401 -0.000800389 0)
(0.00117371 -0.000993918 0)
(0.0081339 0.0060224 0)
(0.00352708 0.00743756 0)
(0.00107267 0.00764143 0)
(0.00119943 0.00769148 0)
(0.00100594 0.000315234 0)
(-0.00235618 0.000923529 0)
(-0.00195839 0.01584 0)
(0.00453878 -0.0139883 0)
(-0.00285979 -0.00874361 0)
(0.00104549 -0.0183756 0)
(-0.000181307 -0.029877 0)
(-0.00596118 -0.0246098 0)
(0.00603003 -0.0704352 0)
(-0.000731186 0.0574369 0)
(0.000548344 0.0351108 0)
(0.0010031 0.00103996 0)
(-0.0032491 -0.00472593 0)
(-0.00339434 0.00384041 0)
(-0.00111561 -0.000826242 0)
(-0.00454686 -0.00764221 0)
(0.000912373 0.00314488 0)
(0.00453114 0.0059954 0)
(0.00709162 0.00965585 0)
(0.00478146 0.0058974 0)
(0.000560212 0.000660044 0)
(0.00136776 -0.00220351 0)
(-0.00588391 0.00641904 0)
(0.0054653 -0.00559063 0)
(-0.00128624 -0.00845301 0)
(0.00461437 -0.0131211 0)
(-0.00412116 -0.0117828 0)
(-0.00597524 -0.0176521 0)
(0.00580805 -0.0654643 0)
(0.000310147 0.0582763 0)
(0.000224206 0.0341723 0)
(-0.000227146 0.0189179 0)
(-0.000351729 0.0122499 0)
(-0.00166801 0.00108831 0)
(0.000176492 -0.000304804 0)
(-0.00460792 -0.000863566 0)
(0.000880004 -0.00301048 0)
(0.00573551 0.00221074 0)
(0.00365475 0.0101401 0)
(0.010669 0.0127665 0)
(0.00396012 0.00521117 0)
(0.00285966 0.00638874 0)
(-0.00224849 0.0112709 0)
(0.00255474 -0.0172088 0)
(0.00387284 -0.0083267 0)
(0.0036294 -0.0104814 0)
(0.0137017 -0.0197827 0)
(-0.00481248 -0.029825 0)
(0.00769829 -0.0658746 0)
(-0.000269617 0.0565768 0)
(0.00175973 0.0342314 0)
(0.000811404 0.00229463 0)
(-0.00317325 -0.00423403 0)
(0.00940899 0.00172613 0)
(-0.00107242 0.00278758 0)
(0.00922389 -0.00998951 0)
(0.0145485 -0.0085686 0)
(0.00611118 0.00182835 0)
(0.0104837 0.00304429 0)
(0.0128632 0.00738109 0)
(0.0166684 0.00650397 0)
(0.0102528 0.00402998 0)
(0.0217971 0.00457271 0)
(0.00959357 -0.010863 0)
(0.0265057 -0.015916 0)
(0.00781684 -0.0226831 0)
(0.0120024 -0.00599924 0)
(-0.00604751 -0.0129424 0)
(0.00956669 -0.0639069 0)
(0.00118259 0.0562094 0)
(0.00257829 0.0344023 0)
(0.00690827 0.0215004 0)
(0.00431511 0.00586163 0)
(0.000318535 -0.00189524 0)
(0.00958989 0.00125555 0)
(0.0112691 -0.0151671 0)
(0.0115863 -0.00095822 0)
(0.00747273 0.00807617 0)
(0.0171068 0.00394458 0)
(0.00851664 0.00568128 0)
(0.0220822 0.0119854 0)
(0.00849514 5.11051e-05 0)
(0.0252797 0.013305 0)
(0.0130641 -0.0113838 0)
(0.015822 -0.00721366 0)
(-0.0181774 0.0113836 0)
(0.0101543 -0.0113463 0)
(-0.0114441 -0.0182 0)
(0.012733 -0.0662611 0)
(0.00154555 0.0522485 0)
(0.00811393 0.0302408 0)
(0.00214849 0.00476486 0)
(0.0114978 -8.18444e-05 0)
(0.00794448 -0.00357584 0)
(0.00334357 -0.00959729 0)
(0.0166772 -0.00807788 0)
(-0.00271325 -0.0076379 0)
(0.0244063 -0.00160508 0)
(0.0216695 -0.000743091 0)
(0.024966 0.00480835 0)
(0.0165291 0.00271166 0)
(0.0229512 0.000161286 0)
(0.0116683 -0.00159776 0)
(0.0254551 -0.00386752 0)
(0.00285357 0.00802578 0)
(0.00732193 -0.0141031 0)
(0.0186165 -0.0190076 0)
(-0.0107014 -0.0244434 0)
(0.00939278 -0.0661772 0)
(0.0036192 0.0474125 0)
(0.0122568 0.0306409 0)
(0.0224676 0.0167504 0)
(0.0105806 0.00172025 0)
(0.023962 0.00377607 0)
(0.0111757 -0.00520568 0)
(0.0242766 -0.0121486 0)
(0.0120252 -0.012713 0)
(0.0256909 -0.0117606 0)
(0.0101933 0.00165388 0)
(0.0275732 0.0104607 0)
(0.0196571 0.0159694 0)
(0.0207155 0.00417808 0)
(0.0250999 0.0129126 0)
(0.0198114 -0.00230041 0)
(0.022477 0.0124793 0)
(0.0226429 -0.0012484 0)
(0.0127284 0.00991448 0)
(0.00254862 0.00300407 0)
(0.0171556 -0.0583849 0)
(0.00731809 0.0356304 0)
(0.0188184 0.0191693 0)
(0.0244249 0.0080947 0)
(0.0286981 -0.000887826 0)
(0.0174357 -0.00448686 0)
(0.0224542 -0.00681073 0)
(0.00190648 -0.00698701 0)
(-0.00406196 -0.00507179 0)
(-0.0262934 -0.0049691 0)
(-0.0196251 -0.00407154 0)
(-0.0248179 0.000116718 0)
(-0.00795283 0.00292928 0)
(-0.0143248 -0.00483871 0)
(-0.00328464 0.00470411 0)
(-0.00503895 -0.00710126 0)
(-0.0100847 0.00864614 0)
(0.0110491 -0.00969824 0)
(-0.0139173 -0.00238954 0)
(0.0240761 -0.0382535 0)
(0.0141065 -0.0631817 0)
(0.0126863 0.0206108 0)
(0.0354939 0.0144504 0)
(0.0480894 0.0105565 0)
(0.0512114 0.00799636 0)
(0.0593032 0.00855015 0)
(0.0544647 0.00843155 0)
(0.0626462 0.00986016 0)
(0.0570485 0.0100568 0)
(0.065145 0.00916031 0)
(0.0611134 0.00436039 0)
(0.0687013 0.00260891 0)
(0.0620982 -0.000300273 0)
(0.0690001 0.00383861 0)
(0.0645983 -0.000377767 0)
(0.0683034 0.00446562 0)
(0.0682759 -0.000309137 0)
(0.0663445 0.00284641 0)
(0.0684208 7.50774e-05 0)
(0.0541267 -0.00505978 0)
(0.0348762 -0.00248434 0)
)
;

boundaryField
{
    movingWall
    {
        type            fixedValue;
        value           uniform (1 0 0);
    }
    fixedWalls
    {
        type            noSlip;
    }
    frontAndBack
    {
        type            empty;
    }
}


// ************************************************************************* //
