/*--------------------------------*- C++ -*----------------------------------*\
| =========                 |                                                 |
| \\      /  F ield         | OpenFOAM: The Open Source CFD Toolbox           |
|  \\    /   O peration     | Version:  5.x                                   |
|   \\  /    A nd           | Web:      www.OpenFOAM.org                      |
|    \\/     M anipulation  |                                                 |
\*---------------------------------------------------------------------------*/
FoamFile
{
    version     2.0;
    format      ascii;
    class       volScalarField;
    location    "16.9";
    object      p;
}
// * * * * * * * * * * * * * * * * * * * * * * * * * * * * * * * * * * * * * //

dimensions      [0 2 -2 0 0 0 0];

internalField   nonuniform List<scalar> 
400
(
3.12448e-10
-0.000759409
-0.00130326
-0.00162316
-0.00175226
-0.00181421
-0.00182101
-0.00183139
-0.00183557
-0.00184118
-0.00184956
-0.00186034
-0.00186487
-0.00187254
-0.00185107
-0.00175452
-0.001526
-0.00115444
-0.000762602
0.00067625
-0.000813557
-0.00132701
-0.00164794
-0.00179863
-0.00183949
-0.00185097
-0.00184354
-0.00184144
-0.00183787
-0.00184633
-0.00185796
-0.00187497
-0.00190995
-0.00190603
-0.00192316
-0.00185733
-0.00181471
-0.00165908
-0.0014899
-0.000479154
-0.00132618
-0.00167005
-0.00180187
-0.00186938
-0.00185914
-0.00185442
-0.00184129
-0.0018359
-0.00184097
-0.00184562
-0.00186122
-0.00186964
-0.00188268
-0.00187246
-0.00189062
-0.00180739
-0.00182998
-0.00169628
-0.00159955
-0.00112675
-0.00160843
-0.00181355
-0.00185797
-0.00187307
-0.00186312
-0.00185466
-0.00185016
-0.00184942
-0.00185296
-0.00185853
-0.00186876
-0.00187339
-0.0018939
-0.00188027
-0.00189648
-0.00185417
-0.00186029
-0.00173952
-0.00175034
-0.00152816
-0.00173216
-0.00185069
-0.00185007
-0.00186187
-0.0018512
-0.00184923
-0.00184562
-0.00184574
-0.00185111
-0.00185261
-0.00186314
-0.00186312
-0.00187083
-0.00187695
-0.0019021
-0.00186873
-0.00189273
-0.00179596
-0.00178814
-0.00169945
-0.00178247
-0.0018328
-0.00184109
-0.00184082
-0.00184386
-0.00184376
-0.00184953
-0.00185383
-0.00186213
-0.00186506
-0.00187482
-0.00187914
-0.00187471
-0.00186776
-0.0019085
-0.00188015
-0.00190924
-0.00184179
-0.00185082
-0.00180645
-0.00179421
-0.00181868
-0.00183241
-0.00183514
-0.00183816
-0.00184292
-0.0018486
-0.00185416
-0.00186051
-0.0018573
-0.00185498
-0.00186357
-0.00185715
-0.00189473
-0.00189751
-0.00189088
-0.00191252
-0.0018742
-0.00186664
-0.0018551
-0.00178261
-0.00179592
-0.00180059
-0.00181064
-0.00182231
-0.00182975
-0.0018493
-0.00186005
-0.0018686
-0.00187162
-0.00189417
-0.0019058
-0.00188156
-0.00189095
-0.00192244
-0.00190723
-0.00191453
-0.00190632
-0.00190063
-0.00192573
-0.00177806
-0.00178111
-0.00181243
-0.00181079
-0.00182778
-0.00183303
-0.00185882
-0.0018731
-0.00189422
-0.00189098
-0.00190164
-0.00187645
-0.00198153
-0.00197856
-0.00196478
-0.00195841
-0.00198891
-0.00196533
-0.0019537
-0.00200007
-0.00176692
-0.00177184
-0.00177442
-0.00178954
-0.00180299
-0.00181299
-0.00184679
-0.00185314
-0.00188797
-0.00193699
-0.00194568
-0.00190941
-0.0019979
-0.00204708
-0.00197043
-0.00195294
-0.00200511
-0.002029
-0.00205093
-0.00201683
-0.00175271
-0.00174186
-0.00177364
-0.00177733
-0.0018034
-0.00179909
-0.00188034
-0.00189458
-0.00193035
-0.00198475
-0.00204609
-0.00207229
-0.00207825
-0.00195454
-0.00198767
-0.00196325
-0.00203396
-0.00198748
-0.00196689
-0.0018721
-0.0017296
-0.00174407
-0.00174339
-0.00175506
-0.00179924
-0.00180258
-0.00185057
-0.00189704
-0.00193616
-0.00200939
-0.00203285
-0.00212395
-0.00202255
-0.00186376
-0.00190869
-0.00184774
-0.00190635
-0.00180165
-0.00177671
-0.0017678
-0.00171315
-0.00171667
-0.00173203
-0.00173659
-0.00179627
-0.00176636
-0.0018171
-0.00185824
-0.00192234
-0.00203258
-0.00202666
-0.00210728
-0.00199483
-0.0019176
-0.00194319
-0.00190313
-0.00192263
-0.00181196
-0.00184369
-0.00176268
-0.00168494
-0.00168525
-0.00172195
-0.00170293
-0.00178395
-0.00176033
-0.00178506
-0.0018463
-0.00190271
-0.00210757
-0.00207786
-0.00210024
-0.002022
-0.00193791
-0.00189572
-0.00183061
-0.00190641
-0.00172342
-0.00178579
-0.00166804
-0.00165509
-0.00166117
-0.0017204
-0.00169645
-0.0017578
-0.00172717
-0.00175955
-0.00179888
-0.00187624
-0.00207575
-0.00206599
-0.00207372
-0.00198203
-0.00190177
-0.00194501
-0.00187359
-0.00192905
-0.0016183
-0.00168241
-0.00162411
-0.00160415
-0.0016403
-0.00167839
-0.0016593
-0.00174214
-0.00170562
-0.00172638
-0.00181677
-0.0017848
-0.00197613
-0.00196751
-0.001935
-0.0018936
-0.00172586
-0.00185797
-0.00170371
-0.00177457
-0.001672
-0.00162103
-0.00158125
-0.00150144
-0.00157279
-0.00168013
-0.00168588
-0.00169313
-0.00170846
-0.00171764
-0.00182178
-0.00191594
-0.0019506
-0.00194196
-0.00189182
-0.00176919
-0.00202035
-0.00192103
-0.00190418
-0.0018776
-0.00177307
-0.00182497
-0.00147231
-0.0013284
-0.00150791
-0.00158851
-0.00162799
-0.00169027
-0.00171944
-0.00170286
-0.00185402
-0.00186419
-0.00193082
-0.00192218
-0.0020018
-0.00203035
-0.00194449
-0.00170556
-0.00166854
-0.00177062
-0.00157846
-0.00138851
-0.00122752
-0.00105694
-0.00128229
-0.00148295
-0.00155894
-0.00159513
-0.00158618
-0.00161151
-0.00185599
-0.00198727
-0.00209475
-0.00211668
-0.00211268
-0.00214724
-0.00165085
-0.00160295
-0.0017126
-0.00175024
-0.00189189
-0.00178473
-0.000745533
-0.000767745
-0.00104071
-0.00131749
-0.00152391
-0.00163825
-0.00171817
-0.00176006
-0.00182855
-0.00192493
-0.00199417
-0.00200293
-0.00191684
-0.00173882
-0.00160849
-0.00160165
-0.00164103
-0.00166562
-0.00135899
-0.000657873
0.00132246
)
;

boundaryField
{
    movingWall
    {
        type            zeroGradient;
    }
    fixedWalls
    {
        type            zeroGradient;
    }
    frontAndBack
    {
        type            empty;
    }
}


// ************************************************************************* //
