/*--------------------------------*- C++ -*----------------------------------*\
| =========                 |                                                 |
| \\      /  F ield         | OpenFOAM: The Open Source CFD Toolbox           |
|  \\    /   O peration     | Version:  5.x                                   |
|   \\  /    A nd           | Web:      www.OpenFOAM.org                      |
|    \\/     M anipulation  |                                                 |
\*---------------------------------------------------------------------------*/
FoamFile
{
    version     2.0;
    format      ascii;
    class       surfaceScalarField;
    location    "16.9";
    object      phi;
}
// * * * * * * * * * * * * * * * * * * * * * * * * * * * * * * * * * * * * * //

dimensions      [0 3 -1 0 0 0 0];

internalField   nonuniform List<scalar> 
760
(
-1.3439e-06
1.3439e-06
-2.2383e-06
8.94393e-07
-2.63544e-06
3.97146e-07
-2.85035e-06
2.14908e-07
-2.88539e-06
3.50385e-08
-2.94245e-06
5.70597e-08
-2.92421e-06
-1.8234e-08
-2.97542e-06
5.12095e-08
-2.97663e-06
1.20114e-09
-3.03752e-06
6.08988e-08
-3.05978e-06
2.22538e-08
-3.10773e-06
4.79532e-08
-3.12319e-06
1.54571e-08
-3.12844e-06
5.24767e-09
-3.11234e-06
-1.60997e-08
-3.03244e-06
-7.98971e-08
-2.88212e-06
-1.50321e-07
-2.41082e-06
-4.71293e-07
-1.58605e-06
-8.24775e-07
-1.58605e-06
-7.04515e-07
2.04842e-06
-1.12107e-06
1.31095e-06
-1.2996e-06
5.75671e-07
-1.32965e-06
2.44965e-07
-1.34719e-06
5.25745e-08
-1.33947e-06
4.93362e-08
-1.3443e-06
-1.34019e-08
-1.32994e-06
3.68529e-08
-1.34073e-06
1.19878e-08
-1.33102e-06
5.11896e-08
-1.35244e-06
4.36716e-08
-1.38329e-06
7.88044e-08
-1.41917e-06
5.13414e-08
-1.42218e-06
8.25995e-09
-1.43827e-06
-1.70085e-11
-1.37775e-06
-1.40412e-07
-1.37911e-06
-1.48959e-07
-1.35682e-06
-4.93584e-07
-1.11968e-06
-1.06191e-06
-2.70573e-06
-3.15173e-07
2.36359e-06
-4.81478e-07
1.47725e-06
-4.53896e-07
5.48089e-07
-4.22209e-07
2.13278e-07
-4.26974e-07
5.73401e-08
-4.28526e-07
5.08881e-08
-4.73399e-07
3.1471e-08
-5.06067e-07
6.95202e-08
-5.58131e-07
6.40524e-08
-6.03005e-07
9.60634e-08
-6.42122e-07
8.27884e-08
-6.46628e-07
8.33103e-08
-6.33041e-07
3.77545e-08
-6.12205e-07
-1.25756e-08
-5.27065e-07
-8.51577e-08
-4.92172e-07
-1.75305e-07
-2.28334e-07
-4.12797e-07
-1.15365e-07
-6.06554e-07
-2.8054e-07
-8.96739e-07
-2.98627e-06
-1.32624e-07
2.49621e-06
-1.58057e-07
1.50269e-06
-8.90014e-08
4.79034e-07
-6.25461e-08
1.86823e-07
-9.67919e-08
9.15859e-08
-1.33677e-07
8.77734e-08
-1.89632e-07
8.74257e-08
-2.32916e-07
1.12805e-07
-2.78002e-07
1.09138e-07
-3.0506e-07
1.23121e-07
-3.00249e-07
7.7978e-08
-2.81989e-07
6.50499e-08
-2.31941e-07
-1.22937e-08
-2.59801e-07
1.5285e-08
-3.39108e-07
-5.85109e-09
-4.38649e-07
-7.57633e-08
-4.76062e-07
-3.75385e-07
-3.26372e-07
-7.56243e-07
-2.18883e-07
-1.00423e-06
-3.20516e-06
-1.43396e-08
2.51055e-06
1.41984e-08
1.47415e-06
5.49345e-08
4.38298e-07
7.24375e-08
1.6932e-07
2.97521e-08
1.34271e-07
-2.92128e-08
1.46738e-07
-7.69902e-08
1.35203e-07
-1.16817e-07
1.52632e-07
-1.39993e-07
1.32313e-07
-1.4548e-07
1.28609e-07
-1.51827e-07
8.43244e-08
-1.61302e-07
7.45255e-08
-1.22813e-07
-5.07827e-08
-2.22717e-07
1.15189e-07
-2.67622e-07
3.90536e-08
-2.51659e-07
-9.1726e-08
-1.76275e-07
-4.50769e-07
-6.18349e-08
-8.70683e-07
-7.33779e-09
-1.05873e-06
-3.21249e-06
-9.33399e-09
2.51989e-06
2.69103e-08
1.43791e-06
6.2184e-08
4.03024e-07
2.52638e-08
2.0624e-07
-2.83515e-08
1.87887e-07
-6.07833e-08
1.7917e-07
-9.36175e-08
1.68037e-07
-1.3338e-07
1.92394e-07
-1.55523e-07
1.54456e-07
-1.37225e-07
1.10312e-07
-1.64245e-07
1.11344e-07
-2.29677e-07
1.39957e-07
-1.01147e-07
-1.79313e-07
-1.06259e-07
1.20301e-07
-8.20029e-08
1.47978e-08
-8.10605e-08
-9.26684e-08
-2.19823e-07
-3.12006e-07
-2.23588e-07
-8.66919e-07
-1.17699e-07
-1.16461e-06
-3.33019e-06
6.57796e-08
2.45411e-06
1.15732e-07
1.38795e-06
9.91153e-08
4.19641e-07
6.8119e-08
2.37236e-07
5.75963e-08
1.98409e-07
8.93979e-09
2.27827e-07
-4.8238e-08
2.25215e-07
-7.6644e-08
2.208e-07
-8.0582e-08
1.58394e-07
-1.2365e-07
1.53379e-07
-1.14659e-07
1.02353e-07
-1.1338e-07
1.38679e-07
4.15295e-08
-3.34223e-07
-9.01777e-08
2.52008e-07
-6.97071e-08
-5.67278e-09
-1.96084e-08
-1.42767e-07
-5.72077e-08
-2.74407e-07
-4.70656e-08
-8.77061e-07
-8.0323e-09
-1.20365e-06
-3.33822e-06
3.31087e-08
2.421e-06
5.50682e-08
1.36599e-06
8.59693e-08
3.8874e-07
5.05188e-08
2.72687e-07
1.4074e-08
2.34854e-07
-7.21287e-09
2.49114e-07
-6.69151e-08
2.84917e-07
-5.77689e-08
2.11654e-07
-1.37504e-08
1.14375e-07
-1.84003e-07
3.23632e-07
-4.39719e-07
3.58069e-07
-3.30382e-07
2.93419e-08
-6.51369e-08
-5.99468e-07
-1.57561e-07
3.44432e-07
-2.66094e-07
1.0286e-07
-2.17362e-07
-1.91499e-07
-1.75142e-07
-3.16627e-07
-2.1803e-07
-8.34173e-07
-7.34752e-08
-1.3482e-06
-3.4117e-06
5.49628e-08
2.36604e-06
9.29129e-08
1.32804e-06
5.03705e-08
4.31282e-07
3.03249e-08
2.92732e-07
2.53682e-08
2.39811e-07
8.36357e-08
1.90846e-07
1.43554e-07
2.24999e-07
1.65692e-07
1.89517e-07
6.40332e-08
2.16034e-07
-8.32419e-08
4.70907e-07
-2.5297e-07
5.27797e-07
-1.37696e-07
-8.59322e-08
8.95533e-08
-8.26718e-07
-7.33996e-08
5.07385e-07
-1.32259e-07
1.6172e-07
-1.06476e-07
-2.17282e-07
-2.21282e-07
-2.01821e-07
-1.4723e-07
-9.08226e-07
1.98714e-08
-1.5153e-06
-3.39183e-06
4.72301e-08
2.31881e-06
8.98884e-08
1.28539e-06
1.28521e-07
3.9265e-07
1.53883e-07
2.67371e-07
7.87806e-08
3.14913e-07
8.79452e-08
1.81681e-07
1.09891e-07
2.03053e-07
-1.0239e-07
4.01798e-07
-4.54427e-07
5.6807e-07
-6.17417e-07
6.33897e-07
-5.22835e-07
4.33216e-07
-3.60173e-07
-2.48594e-07
-2.86344e-07
-9.00547e-07
-2.79949e-07
5.00991e-07
-1.01318e-07
-1.69113e-08
-3.00282e-08
-2.88572e-07
-1.71449e-08
-2.14704e-07
-5.24684e-08
-8.72902e-07
-7.13788e-08
-1.49639e-06
-3.46321e-06
3.8022e-08
2.28079e-06
4.80827e-08
1.27532e-06
6.94552e-08
3.71277e-07
5.04188e-08
2.86407e-07
-4.23384e-08
4.0767e-07
-2.33188e-08
1.62662e-07
-2.93304e-08
2.09065e-07
-9.63732e-08
4.6884e-07
-2.04091e-07
6.75789e-07
-3.1206e-07
7.41866e-07
-3.59076e-07
4.80232e-07
-4.40166e-07
-1.67505e-07
-3.28331e-07
-1.01238e-06
3.08513e-08
1.41809e-07
2.92037e-07
-2.78097e-07
4.46457e-07
-4.42992e-07
3.56861e-07
-1.25108e-07
2.90776e-07
-8.06817e-07
7.80362e-08
-1.28365e-06
-3.38517e-06
5.22219e-08
2.22856e-06
8.84427e-08
1.2391e-06
-3.86594e-08
4.98379e-07
-2.20082e-07
4.67829e-07
-3.33994e-07
5.21582e-07
-3.61096e-07
1.89764e-07
-4.17538e-07
2.65507e-07
-3.18128e-07
3.69431e-07
-2.38559e-07
5.9622e-07
-1.39128e-07
6.42435e-07
2.34928e-08
3.17611e-07
-1.63094e-07
1.90821e-08
-3.55027e-07
-8.20449e-07
-1.33528e-07
-7.96903e-08
1.20817e-07
-5.32442e-07
1.60691e-07
-4.82866e-07
2.81466e-07
-2.45883e-07
3.51579e-07
-8.76931e-07
1.2282e-07
-1.0549e-06
-3.26235e-06
4.2066e-08
2.1865e-06
7.35084e-08
1.20766e-06
-3.884e-08
6.10728e-07
-1.02612e-07
5.31601e-07
-5.02844e-08
4.69255e-07
-1.52245e-07
2.91724e-07
-3.59194e-07
4.72457e-07
-4.12702e-07
4.22938e-07
-3.31959e-07
5.15477e-07
-1.5728e-07
4.67756e-07
5.08137e-09
1.5525e-07
8.70252e-08
-6.28617e-08
-1.13497e-07
-6.19927e-07
3.0555e-08
-2.23742e-07
4.31406e-08
-5.45028e-07
-2.9203e-07
-1.47695e-07
-6.84833e-08
-4.69429e-07
-5.84527e-08
-8.86962e-07
-7.00099e-08
-1.04334e-06
-3.33236e-06
2.49034e-08
2.16159e-06
7.62444e-08
1.15632e-06
9.28055e-08
5.94167e-07
1.74547e-07
4.4986e-07
1.64263e-07
4.79539e-07
3.00044e-07
1.55943e-07
2.72729e-07
4.99772e-07
1.73752e-07
5.21915e-07
1.44468e-07
5.44761e-07
2.01421e-07
4.10803e-07
3.37542e-07
1.91277e-08
3.65975e-07
-9.12941e-08
1.59521e-07
-4.13473e-07
3.05136e-07
-3.69357e-07
3.55512e-07
-5.95404e-07
2.52211e-07
-4.43935e-08
4.52115e-07
-6.69333e-07
3.30877e-07
-7.65724e-07
1.25233e-07
-8.37694e-07
-3.20713e-06
5.69664e-08
2.10463e-06
1.9451e-08
1.19384e-06
5.02998e-08
5.63318e-07
3.11895e-07
1.88265e-07
3.87865e-07
4.03569e-07
4.91177e-07
5.26299e-08
6.43743e-07
3.47206e-07
8.85098e-07
2.8056e-07
1.05967e-06
3.70187e-07
9.95283e-07
4.75192e-07
1.17722e-06
-1.6281e-07
1.0072e-06
7.8729e-08
1.02789e-06
-4.34164e-07
1.1811e-06
-5.22569e-07
1.05065e-06
-4.64956e-07
1.22178e-06
-2.15524e-07
7.42983e-07
-1.90535e-07
1.54597e-07
-1.77338e-07
1.15644e-08
-6.94661e-07
-3.19556e-06
7.36126e-08
2.03101e-06
1.46493e-07
1.12095e-06
1.50964e-07
5.58847e-07
-2.6465e-08
3.65694e-07
2.51046e-07
1.26058e-07
3.01624e-07
2.05186e-09
5.396e-07
1.0923e-07
1.07905e-06
-2.58889e-07
1.33465e-06
1.1459e-07
1.42016e-06
3.89681e-07
1.36068e-06
-1.03328e-07
1.34474e-06
9.46643e-08
1.01863e-06
-1.08051e-07
8.0903e-07
-3.12971e-07
4.61769e-07
-1.17694e-07
-1.30146e-07
3.76391e-07
-3.02537e-07
-1.81439e-08
-6.85134e-08
-4.11362e-07
2.89384e-08
-7.92113e-07
-3.16662e-06
1.47594e-07
1.88342e-06
1.03493e-07
1.16506e-06
2.22245e-07
4.40096e-07
2.94515e-07
2.93423e-07
3.08275e-07
1.12297e-07
4.11023e-07
-1.00696e-07
7.69358e-07
-2.49105e-07
9.2218e-07
-4.11711e-07
1.02878e-06
7.99496e-09
1.27966e-06
1.38801e-07
1.06837e-06
1.07957e-07
1.01072e-06
1.52315e-07
3.54922e-07
5.47747e-07
-2.84132e-07
3.26083e-07
-1.07969e-07
-2.93857e-07
-7.81801e-08
3.46602e-07
5.57717e-07
-6.54041e-07
4.19233e-07
-2.72878e-07
6.77887e-08
-4.40669e-07
-3.09884e-06
3.50129e-07
1.53329e-06
5.84073e-07
9.31112e-07
4.87292e-07
5.36876e-07
6.35242e-07
1.45474e-07
7.48888e-07
-1.34927e-09
7.9498e-07
-1.46788e-07
8.6365e-07
-3.17774e-07
7.59436e-07
-3.07497e-07
8.00701e-07
-3.327e-08
9.96197e-07
-5.66953e-08
1.07788e-06
2.62758e-08
1.23694e-06
-6.74338e-09
1.51034e-06
2.74346e-07
1.20822e-06
6.28201e-07
9.46671e-07
-3.23088e-08
9.68386e-07
3.24887e-07
6.78537e-07
-3.64192e-07
2.46688e-08
3.8099e-07
3.10218e-07
-7.26218e-07
-2.78862e-06
4.46424e-07
1.08687e-06
7.62699e-07
6.14837e-07
9.35945e-07
3.63631e-07
8.1834e-07
2.63079e-07
6.21822e-07
1.95168e-07
3.55879e-07
1.19156e-07
-1.38194e-07
1.76299e-07
-5.72437e-07
1.26746e-07
-7.27059e-07
1.21351e-07
-8.56183e-07
7.24294e-08
-8.43572e-07
1.36652e-08
-8.2773e-07
-2.25861e-08
-5.52182e-07
-1.20154e-09
-2.15281e-08
9.75471e-08
-1.36506e-07
8.26689e-08
7.67243e-08
1.11657e-07
-2.43278e-07
-4.41899e-08
2.28919e-07
-9.12067e-08
7.656e-07
-1.2629e-06
-2.02302e-06
1.08687e-06
1.7017e-06
2.06534e-06
2.32841e-06
2.52358e-06
2.64274e-06
2.81904e-06
2.94578e-06
3.06713e-06
3.13956e-06
3.15323e-06
3.13064e-06
3.12944e-06
3.22699e-06
3.30966e-06
3.42131e-06
3.37712e-06
3.28592e-06
2.02302e-06
)
;

boundaryField
{
    movingWall
    {
        type            calculated;
        value           uniform 0;
    }
    fixedWalls
    {
        type            calculated;
        value           uniform 0;
    }
    frontAndBack
    {
        type            empty;
        value           nonuniform 0();
    }
}


// ************************************************************************* //
