/*--------------------------------*- C++ -*----------------------------------*\
| =========                 |                                                 |
| \\      /  F ield         | OpenFOAM: The Open Source CFD Toolbox           |
|  \\    /   O peration     | Version:  5.x                                   |
|   \\  /    A nd           | Web:      www.OpenFOAM.org                      |
|    \\/     M anipulation  |                                                 |
\*---------------------------------------------------------------------------*/
FoamFile
{
    version     2.0;
    format      ascii;
    class       volVectorField;
    location    "13.2";
    object      U;
}
// * * * * * * * * * * * * * * * * * * * * * * * * * * * * * * * * * * * * * //

dimensions      [0 1 -1 0 0 0 0];

internalField   nonuniform List<vector> 
400
(
(-0.014168 0.0070482 0)
(-0.0308197 0.00895202 0)
(-0.0408032 0.000419776 0)
(-0.0443445 0.00272771 0)
(-0.0466006 -0.00160107 0)
(-0.0473211 -0.00046053 0)
(-0.0472492 -0.000809014 0)
(-0.0484442 -0.000833911 0)
(-0.0473564 -0.000389547 0)
(-0.049692 -0.00038151 0)
(-0.0468679 -0.000912731 0)
(-0.0501301 -0.000858855 0)
(-0.0458064 -0.00144066 0)
(-0.049539 -0.000174603 0)
(-0.047048 -0.000626166 0)
(-0.0487107 -0.00130308 0)
(-0.0441603 -0.00192095 0)
(-0.0404064 -0.00514955 0)
(-0.0396583 -0.00897145 0)
(-0.00106009 -0.0132881 0)
(-0.0112483 0.0304372 0)
(-0.0171107 0.0181594 0)
(-0.0207933 0.0109234 0)
(-0.0220482 0.0049844 0)
(-0.0183395 0.00202908 0)
(-0.0242883 0.00217879 0)
(-0.0161828 0.000863629 0)
(-0.0251067 0.00108437 0)
(-0.0147369 0.000937911 0)
(-0.0241731 0.000434374 0)
(-0.0156822 0.00130332 0)
(-0.0216582 -9.50289e-05 0)
(-0.0184386 0.00117741 0)
(-0.0205351 -0.000915748 0)
(-0.0221732 0.000276237 0)
(-0.018438 -0.00221617 0)
(-0.0230132 -0.00248248 0)
(-0.0128257 -0.0102357 0)
(-0.029604 -0.0218725 0)
(-0.00321707 -0.0385169 0)
(-0.00502342 0.0392095 0)
(-0.00828942 0.0250154 0)
(-0.00607418 0.00756401 0)
(-0.0100601 0.00275199 0)
(-0.00278957 -0.000249473 0)
(-0.00938944 -0.00116533 0)
(-0.00301796 -0.00134126 0)
(-0.00740343 -0.0012593 0)
(-0.00454357 -0.00160146 0)
(-0.00531625 -0.000566595 0)
(-0.0061674 -0.00142689 0)
(-0.00347941 -0.000514195 0)
(-0.0083489 0.000308224 0)
(-0.00267197 0.00032276 0)
(-0.0110718 0.000548543 0)
(-0.00147033 -0.00250734 0)
(-0.0113034 -0.00254027 0)
(0.0023911 -0.0011604 0)
(-0.00730629 -0.00387799 0)
(0.00136557 -0.0435376 0)
(-0.00106495 0.0402992 0)
(-0.00547775 0.0236838 0)
(-0.000541301 0.00809107 0)
(-0.00502379 0.00370552 0)
(-0.00138323 0.000358634 0)
(-0.0050061 0.00154233 0)
(-0.00352147 2.36316e-05 0)
(-0.00549322 0.00149927 0)
(-0.00522464 0.000117757 0)
(-0.00520154 0.00105338 0)
(-0.00591246 0.000456456 0)
(-0.00403012 0.00116541 0)
(-0.0064172 0.00119564 0)
(-0.0013167 0.000681491 0)
(-0.00558058 0.000166623 0)
(0.000621409 -0.00379349 0)
(-0.00193333 -0.00570954 0)
(-0.00192907 -0.0167162 0)
(-0.00949677 -0.0234692 0)
(0.00212571 -0.0494359 0)
(0.000268946 0.0449473 0)
(-0.00315983 0.0243192 0)
(9.29925e-05 0.00804201 0)
(-0.00109496 0.00239465 0)
(-0.00204783 0.00057362 0)
(-0.00388888 0.000436967 0)
(-0.00446056 -0.000347222 0)
(-0.00488561 -4.1035e-05 0)
(-0.00526463 -0.00144025 0)
(-0.00383621 -0.000648857 0)
(-0.00559274 -0.001683 0)
(-0.000934396 -0.00117706 0)
(-0.0049675 -0.00106771 0)
(0.00204545 -0.0018627 0)
(-0.00309282 -0.000338423 0)
(0.00364545 -0.00644907 0)
(-0.00286947 0.000201325 0)
(0.00482143 0.00425614 0)
(-0.00192418 -0.00153493 0)
(0.00347014 -0.0481394 0)
(0.000801801 0.0438714 0)
(-0.00174935 0.0251452 0)
(0.00123424 0.00549334 0)
(-0.00150987 0.00600059 0)
(-0.00242485 0.00328007 0)
(-0.00450706 0.00325623 0)
(-0.00509873 0.00157614 0)
(-0.00559935 0.00151776 0)
(-0.00617038 -9.05307e-05 0)
(-0.00484814 0.000573341 0)
(-0.00641011 -0.00155276 0)
(-0.00206132 -0.000209763 0)
(-0.00583897 -0.0010441 0)
(2.16667e-05 -0.00139788 0)
(-0.00474195 -0.00106928 0)
(0.000280517 -0.00391545 0)
(-0.00717991 -0.00606207 0)
(0.00420862 -0.0173127 0)
(-0.00663688 -0.0246605 0)
(0.00363033 -0.0523578 0)
(0.000701184 0.0440694 0)
(-0.000472795 0.0239232 0)
(-0.00138735 0.00791847 0)
(-0.00197839 0.00528888 0)
(-0.00286286 0.00455948 0)
(-0.00508371 0.00262399 0)
(-0.00606908 0.00160586 0)
(-0.00616078 0.000523747 0)
(-0.00678897 -0.00155078 0)
(-0.0049935 -0.000946577 0)
(-0.00688147 -0.0040665 0)
(-0.000336341 -0.00253877 0)
(-0.00576252 -0.0026361 0)
(0.00280463 -0.00411916 0)
(-0.00422461 -8.08202e-05 0)
(0.00584515 -0.0058173 0)
(-0.00183483 -0.00284499 0)
(0.00371699 0.00190345 0)
(-0.00285442 0.00189704 0)
(0.00407593 -0.0485996 0)
(-0.000273079 0.0450453 0)
(0.000151841 0.0256787 0)
(0.000240382 0.00793671 0)
(-0.00246584 0.0071436 0)
(-0.0055559 0.00648114 0)
(-0.00607392 0.00595498 0)
(-0.00811652 0.00282337 0)
(-0.00795897 0.0017019 0)
(-0.00833249 -0.000680305 0)
(-0.00734544 0.000200811 0)
(-0.0075294 -0.00551535 0)
(-0.00248574 -0.00158431 0)
(-0.00660413 -0.0031226 0)
(-0.00120971 -0.00277617 0)
(-0.00800907 -0.0033971 0)
(0.00364722 -0.00566064 0)
(-0.00855889 -0.00323886 0)
(0.00400032 -0.0160503 0)
(-0.00667895 -0.0246848 0)
(0.00449391 -0.0542668 0)
(-0.00108345 0.0427269 0)
(0.000249464 0.0232726 0)
(-0.00230189 0.0100019 0)
(-0.0045176 0.0101352 0)
(-0.00424756 0.00838021 0)
(-0.00779908 0.00492909 0)
(-0.00868555 0.0044747 0)
(-0.00871761 0.000457491 0)
(-0.00881692 -0.00222795 0)
(-0.00889078 -0.00136807 0)
(-0.00544284 -0.0100709 0)
(-0.00161787 -0.00410078 0)
(-0.00552208 -0.00389176 0)
(-0.000114674 -0.00437626 0)
(-0.00714925 -0.00458012 0)
(0.00466264 -0.00763829 0)
(-0.00534987 -0.00243154 0)
(0.00532533 -0.00186931 0)
(-0.00429574 0.000298374 0)
(0.00424164 -0.0486845 0)
(-0.000430055 0.0446252 0)
(-0.000692375 0.0281339 0)
(-0.000252582 0.0131839 0)
(-0.00342355 0.00995373 0)
(-0.00597001 0.0103614 0)
(-0.0102468 0.0105781 0)
(-0.0133027 0.00419641 0)
(-0.0126076 0.00195198 0)
(-0.0122789 -0.000663121 0)
(-0.00952781 -0.00241357 0)
(-0.0030767 -0.0127583 0)
(-0.00437655 -0.00115924 0)
(-0.00365057 -0.00294332 0)
(-0.00406013 -0.00107421 0)
(-0.00687268 -0.00656632 0)
(-0.00540644 -0.00619448 0)
(-0.0108348 -0.00314574 0)
(0.00118689 -0.0164028 0)
(-0.0056911 -0.0204925 0)
(0.00540439 -0.0555704 0)
(-0.00226947 0.0471922 0)
(0.00082707 0.0220679 0)
(-0.00107501 0.0134118 0)
(-0.00392984 0.0139527 0)
(-0.0108774 0.0157898 0)
(-0.0168422 0.012297 0)
(-0.0198892 0.0081519 0)
(-0.0185821 -0.000146074 0)
(-0.0145071 -0.00609618 0)
(-0.00735741 -0.00893998 0)
(0.000112943 -0.015963 0)
(-0.001481 -0.0053255 0)
(0.000727327 -0.00395744 0)
(-0.00296625 -0.0034172 0)
(-0.005046 -0.00317337 0)
(-0.00475095 -0.00708328 0)
(-0.00625364 -0.00806485 0)
(-0.000487359 -0.00986037 0)
(-0.0050356 -0.00661067 0)
(0.00378907 -0.050623 0)
(0.00161736 0.0429442 0)
(-0.000704606 0.027131 0)
(-0.00253951 0.016497 0)
(-0.00680044 0.0210842 0)
(-0.0144833 0.0205901 0)
(-0.0175295 0.0169394 0)
(-0.0222048 0.00589061 0)
(-0.0172203 -0.00432647 0)
(-0.0146281 -0.0143344 0)
(-0.00760458 -0.0184122 0)
(0.000318364 -0.017518 0)
(-0.00214511 -0.0014027 0)
(0.00365542 2.36631e-05 0)
(0.000821713 0.00439819 0)
(0.00155606 -0.00198761 0)
(-0.00201732 -0.00502526 0)
(5.7821e-05 -0.00447623 0)
(-0.00243056 -0.016604 0)
(-0.00476732 -0.0211962 0)
(0.0053208 -0.0553168 0)
(-0.00356106 0.0475575 0)
(0.00244748 0.0255972 0)
(-0.00158798 0.0212586 0)
(-0.00359762 0.022805 0)
(-0.0084927 0.0258797 0)
(-0.00664646 0.0196278 0)
(-0.00875584 0.00890506 0)
(-0.00634765 -0.00593103 0)
(-0.00397554 -0.0172727 0)
(-0.00191887 -0.0253816 0)
(0.00570388 -0.0223236 0)
(0.00188962 -0.00986233 0)
(0.00854068 -0.00707238 0)
(0.0109536 -0.00299906 0)
(0.00865942 -0.000550816 0)
(0.0130514 -0.00805657 0)
(0.00465738 -0.00907413 0)
(0.012135 -0.00868586 0)
(-0.00505093 -0.0172463 0)
(0.00450562 -0.0504871 0)
(0.000213013 0.0440878 0)
(0.000868396 0.0255927 0)
(0.00123866 0.0208314 0)
(0.0031676 0.0275468 0)
(0.000476841 0.0248596 0)
(0.00204761 0.0174713 0)
(0.00411311 0.00722976 0)
(0.00897416 -0.00663563 0)
(0.00903614 -0.0166282 0)
(0.00964535 -0.0280206 0)
(0.0104511 -0.0202551 0)
(0.00505216 -0.00420446 0)
(0.00300431 -0.00618383 0)
(-0.00312551 0.00246723 0)
(-0.00222971 -0.000212414 0)
(-0.00109386 -0.00156206 0)
(-0.00777322 0.0023513 0)
(0.00634582 -0.00651321 0)
(-0.00638484 -0.00688992 0)
(0.00852368 -0.0537876 0)
(-0.000136376 0.0448007 0)
(0.00574462 0.0255097 0)
(0.00613625 0.0211078 0)
(0.00620007 0.0247466 0)
(0.0136186 0.0257216 0)
(0.0159643 0.0185772 0)
(0.0188641 0.00314811 0)
(0.0204726 -0.0109739 0)
(0.0180112 -0.0181951 0)
(0.022628 -0.0240242 0)
(0.0105769 -0.0209802 0)
(0.00551023 -0.00317356 0)
(0.0104174 0.00193497 0)
(0.00101167 0.00101517 0)
(-0.00203213 -0.00285571 0)
(-0.00164662 -0.00650756 0)
(-0.00666989 -0.0189749 0)
(0.00759367 -0.01484 0)
(-0.0108574 -0.0246623 0)
(0.00595531 -0.0538139 0)
(-0.0006062 0.0416369 0)
(0.00688571 0.0224815 0)
(0.00519038 0.0202506 0)
(0.0183259 0.0182423 0)
(0.0104671 0.0203753 0)
(0.0285608 0.0104384 0)
(0.0213809 0.00332751 0)
(0.0298745 -0.0014658 0)
(0.0262949 -0.0188466 0)
(0.0268504 -0.0190454 0)
(0.00342551 -0.00697427 0)
(0.0092026 6.91212e-05 0)
(0.00768371 -0.00316845 0)
(0.0141049 0.0158254 0)
(0.017554 0.00441655 0)
(0.0251152 0.00252677 0)
(0.00546762 0.00023918 0)
(0.00428811 0.00110074 0)
(-0.00796622 0.00262591 0)
(0.011138 -0.0553704 0)
(6.12803e-05 0.0346792 0)
(0.00614792 0.0159011 0)
(0.00224209 0.00960842 0)
(0.0148607 0.0151465 0)
(0.0125929 0.0136906 0)
(0.0268436 0.00531452 0)
(0.0242429 0.000226909 0)
(0.0302446 -0.0164082 0)
(0.0351694 -0.0138968 0)
(0.0216966 -0.00339508 0)
(0.00444027 -0.0025907 0)
(-0.00057495 -0.00577836 0)
(-0.0105191 -0.00609474 0)
(-0.0120505 -0.0112432 0)
(-0.0011778 -0.0102027 0)
(-0.00495023 0.00558393 0)
(-0.0066199 -0.00382162 0)
(0.0112711 -0.00560864 0)
(-0.00821673 -0.0369558 0)
(0.00628814 -0.0563555 0)
(0.00422898 0.0371229 0)
(0.0123154 0.0256438 0)
(0.0181449 0.0122445 0)
(0.0233828 0.00808599 0)
(0.0304663 0.00656028 0)
(0.0310357 0.00301004 0)
(0.0376976 -0.00376209 0)
(0.0379611 -0.00871867 0)
(0.0333696 -0.00881118 0)
(0.0321638 0.00459727 0)
(0.0335416 0.0148097 0)
(0.0362165 0.0125006 0)
(0.0369894 0.0110507 0)
(0.0417144 0.00964451 0)
(0.0213472 -0.0051359 0)
(0.0233443 0.00899648 0)
(0.00946825 -0.0116075 0)
(0.0158699 0.00294226 0)
(-0.000859092 0.0159406 0)
(0.0155553 -0.0501921 0)
(-0.000772152 0.0179051 0)
(0.0158193 0.00295061 0)
(0.0121995 -0.00243828 0)
(0.0194555 0.00273073 0)
(0.0150886 0.00662511 0)
(0.0197519 0.00239969 0)
(0.0113879 -0.00719553 0)
(-0.00174937 -0.00964554 0)
(-0.0176376 -0.00728639 0)
(-0.0190271 -0.0057838 0)
(-0.0182931 -0.00789023 0)
(-0.0122813 -0.0106491 0)
(-0.0195396 -0.00567555 0)
(0.00258576 0.00303198 0)
(-0.0144725 0.00375204 0)
(0.00142504 0.0148278 0)
(0.0059305 0.0054111 0)
(-0.0137563 -0.00132619 0)
(0.0208349 -0.0374518 0)
(0.0135529 -0.0569165 0)
(0.00513676 0.0174657 0)
(0.0286443 0.0144351 0)
(0.0274583 0.00727739 0)
(0.0315874 0.00358579 0)
(0.0346662 0.00479971 0)
(0.0414377 0.00552011 0)
(0.0478111 0.0114235 0)
(0.0473934 0.015175 0)
(0.0512424 0.0136443 0)
(0.0546084 0.010119 0)
(0.0556985 0.00781898 0)
(0.0553418 0.00955689 0)
(0.0536352 0.00449262 0)
(0.0531931 -0.00171235 0)
(0.0520407 -0.000606841 0)
(0.0564602 -0.0072445 0)
(0.0557165 -0.00107195 0)
(0.059204 -0.00504982 0)
(0.0512002 -0.00465032 0)
(0.0229751 0.00167273 0)
)
;

boundaryField
{
    movingWall
    {
        type            fixedValue;
        value           uniform (1 0 0);
    }
    fixedWalls
    {
        type            noSlip;
    }
    frontAndBack
    {
        type            empty;
    }
}


// ************************************************************************* //
