/*--------------------------------*- C++ -*----------------------------------*\
| =========                 |                                                 |
| \\      /  F ield         | OpenFOAM: The Open Source CFD Toolbox           |
|  \\    /   O peration     | Version:  5.x                                   |
|   \\  /    A nd           | Web:      www.OpenFOAM.org                      |
|    \\/     M anipulation  |                                                 |
\*---------------------------------------------------------------------------*/
FoamFile
{
    version     2.0;
    format      ascii;
    class       volScalarField;
    location    "4.2";
    object      p;
}
// * * * * * * * * * * * * * * * * * * * * * * * * * * * * * * * * * * * * * //

dimensions      [0 2 -2 0 0 0 0];

internalField   nonuniform List<scalar> 
400
(
7.23593e-09
1.49505e-07
5.23965e-07
1.13747e-06
2.0618e-06
3.38914e-06
5.25732e-06
7.86492e-06
1.15018e-05
1.6593e-05
2.37706e-05
3.39936e-05
4.87516e-05
7.04213e-05
0.000103004
0.000154104
0.000237505
0.000370949
0.000595679
0.00111232
-3.69025e-07
-2.56877e-07
5.66283e-08
5.71844e-07
1.34899e-06
2.46248e-06
4.02231e-06
6.18343e-06
9.16538e-06
1.32831e-05
1.8995e-05
2.69806e-05
3.8273e-05
5.44667e-05
7.80823e-05
0.000114315
0.000175763
0.000274664
0.000434074
0.000970535
-1.2027e-06
-1.14547e-06
-9.4914e-07
-6.22893e-07
-1.27881e-07
5.77094e-07
1.54978e-06
2.86426e-06
4.61535e-06
6.92282e-06
9.93435e-06
1.3825e-05
1.87931e-05
2.49904e-05
3.19797e-05
3.82702e-05
4.79048e-05
5.44844e-05
-0.00017381
0.000429457
-2.39517e-06
-2.41349e-06
-2.37878e-06
-2.31152e-06
-2.19964e-06
-2.04354e-06
-1.85089e-06
-1.64826e-06
-1.49551e-06
-1.51248e-06
-1.92909e-06
-3.18191e-06
-6.09002e-06
-1.22192e-05
-2.52929e-05
-5.52771e-05
-0.000114246
-0.00011196
-0.000534457
-0.000177711
-3.8437e-06
-3.95181e-06
-4.10715e-06
-4.34044e-06
-4.66649e-06
-5.12765e-06
-5.79776e-06
-6.80453e-06
-8.36098e-06
-1.08185e-05
-1.47588e-05
-2.11593e-05
-3.16718e-05
-4.90698e-05
-7.73778e-05
-0.000124314
-0.000228614
-0.00025154
-0.000408157
-0.000408433
-5.41911e-06
-5.62552e-06
-5.9837e-06
-6.5305e-06
-7.3022e-06
-8.37489e-06
-9.87718e-06
-1.20191e-05
-1.51349e-05
-1.97496e-05
-2.66882e-05
-3.72688e-05
-5.35802e-05
-7.90113e-05
-0.000120105
-0.000171285
-0.000300226
-0.000396945
-0.000472868
-0.00053687
-6.9817e-06
-7.29488e-06
-7.85752e-06
-8.70982e-06
-9.89548e-06
-1.15118e-05
-1.37215e-05
-1.67875e-05
-2.11171e-05
-2.7334e-05
-3.6368e-05
-4.96342e-05
-6.95266e-05
-9.72502e-05
-0.000148853
-0.000195703
-0.000333693
-0.000469167
-0.000617142
-0.000623613
-8.38677e-06
-8.81933e-06
-9.58276e-06
-1.07178e-05
-1.22614e-05
-1.4307e-05
-1.70291e-05
-2.0702e-05
-2.57449e-05
-3.27877e-05
-4.2766e-05
-5.65296e-05
-7.86395e-05
-9.98085e-05
-0.000159809
-0.00018992
-0.000311134
-0.000408742
-0.000491112
-0.000474256
-9.48159e-06
-1.00994e-05
-1.10606e-05
-1.25019e-05
-1.43292e-05
-1.66786e-05
-1.96756e-05
-2.36049e-05
-2.88372e-05
-3.59006e-05
-4.60877e-05
-5.69538e-05
-8.25327e-05
-9.3152e-05
-0.000153834
-0.00016919
-0.000254813
-0.000295025
-0.000316256
-0.000298892
-1.01041e-05
-1.09828e-05
-1.21245e-05
-1.38652e-05
-1.59149e-05
-1.84197e-05
-2.1479e-05
-2.53193e-05
-3.0298e-05
-3.62877e-05
-4.68243e-05
-5.26842e-05
-7.91119e-05
-8.0545e-05
-0.000132136
-0.000140148
-0.000202311
-0.000219383
-0.000277122
-0.000248436
-1.00178e-05
-1.15497e-05
-1.28775e-05
-1.55091e-05
-1.75525e-05
-2.03699e-05
-2.30632e-05
-2.65132e-05
-3.09224e-05
-3.47151e-05
-4.55729e-05
-4.69444e-05
-7.0412e-05
-6.9933e-05
-0.000106413
-0.000106505
-0.000153271
-0.00015147
-0.000200889
-0.000155127
-9.04738e-06
-1.15384e-05
-1.31255e-05
-1.55934e-05
-1.77668e-05
-2.00999e-05
-2.27176e-05
-2.53481e-05
-2.96685e-05
-3.12357e-05
-4.07662e-05
-4.04743e-05
-5.74896e-05
-5.27141e-05
-8.08265e-05
-6.32371e-05
-0.000102086
-5.00569e-05
-7.62746e-05
-2.57365e-05
-6.05343e-06
-9.72466e-06
-1.34279e-05
-1.77808e-05
-2.0263e-05
-2.39394e-05
-2.50838e-05
-2.73408e-05
-2.98512e-05
-3.00901e-05
-3.65991e-05
-3.43667e-05
-4.7078e-05
-3.83458e-05
-6.01953e-05
-3.79191e-05
-6.69668e-05
-1.37451e-05
-4.3203e-05
3.2061e-05
-2.44448e-06
-1.39622e-05
-1.41188e-05
-1.79837e-05
-1.95755e-05
-2.09435e-05
-2.22747e-05
-2.2838e-05
-2.47903e-05
-2.42858e-05
-2.87527e-05
-2.45261e-05
-3.441e-05
-1.99792e-05
-4.03589e-05
-2.15022e-06
-4.20349e-05
3.11464e-05
-4.42969e-05
5.19321e-05
8.21706e-06
-4.08346e-06
-1.22894e-05
-2.21318e-05
-2.57726e-05
-2.9865e-05
-2.82687e-05
-2.85869e-05
-2.76057e-05
-2.59205e-05
-2.76258e-05
-2.12684e-05
-2.88651e-05
-1.34242e-05
-3.02292e-05
1.26451e-06
-2.93558e-05
4.05631e-05
-3.61976e-05
9.10882e-05
7.91099e-06
-3.32149e-05
-1.92129e-05
-2.70426e-05
-2.58179e-05
-2.31891e-05
-2.1866e-05
-2.01861e-05
-1.86532e-05
-1.67353e-05
-1.67784e-05
-1.04833e-05
-1.4213e-05
2.89251e-06
-8.0296e-06
3.64788e-05
1.34749e-05
7.40515e-05
4.5803e-05
0.000130449
2.74848e-05
-3.89505e-05
-2.54436e-05
-4.40905e-05
-4.07925e-05
-4.29358e-05
-3.37041e-05
-2.97897e-05
-2.62958e-05
-2.44346e-05
-2.01741e-05
-1.44346e-05
-1.53195e-05
-3.9453e-06
-8.15996e-06
1.22911e-05
-2.4159e-05
4.95081e-05
-2.00261e-05
0.000147672
-1.30628e-05
-0.000160802
-6.06192e-05
-4.04974e-05
-3.54477e-05
-2.75799e-05
-2.22289e-05
-1.92352e-05
-1.21575e-05
-9.49622e-06
-4.99584e-06
-5.10479e-07
2.58195e-06
1.00374e-05
-8.49418e-07
1.6407e-05
6.19402e-05
5.94741e-05
0.000137604
0.000292517
5.44701e-05
-8.25499e-05
-4.66889e-05
-2.63114e-05
-1.78006e-05
-2.4176e-05
-2.9462e-05
-2.2945e-05
-1.89433e-05
-3.20801e-05
-1.749e-05
-1.27679e-05
-1.1095e-05
-5.12426e-06
-2.4474e-06
-3.38085e-05
7.04697e-06
5.51428e-05
1.59079e-05
0.000599675
-7.90157e-05
-5.30408e-05
1.16663e-05
-3.42656e-05
1.57439e-06
-7.14388e-06
-6.49077e-06
7.61687e-06
5.08733e-07
-3.33155e-06
3.10331e-06
6.4616e-06
1.4299e-05
2.58467e-05
4.02681e-05
6.11397e-05
4.38002e-05
0.000314128
0.000711505
0.00192067
)
;

boundaryField
{
    movingWall
    {
        type            zeroGradient;
    }
    fixedWalls
    {
        type            zeroGradient;
    }
    frontAndBack
    {
        type            empty;
    }
}


// ************************************************************************* //
