/*--------------------------------*- C++ -*----------------------------------*\
| =========                 |                                                 |
| \\      /  F ield         | OpenFOAM: The Open Source CFD Toolbox           |
|  \\    /   O peration     | Version:  5.x                                   |
|   \\  /    A nd           | Web:      www.OpenFOAM.org                      |
|    \\/     M anipulation  |                                                 |
\*---------------------------------------------------------------------------*/
FoamFile
{
    version     2.0;
    format      ascii;
    class       surfaceScalarField;
    location    "4.2";
    object      phi;
}
// * * * * * * * * * * * * * * * * * * * * * * * * * * * * * * * * * * * * * //

dimensions      [0 3 -1 0 0 0 0];

internalField   nonuniform List<scalar> 
760
(
-1.67438e-08
1.67431e-08
-3.46654e-08
1.79216e-08
-5.33344e-08
1.86689e-08
-7.31723e-08
1.9838e-08
-9.46345e-08
2.14622e-08
-1.18244e-07
2.36094e-08
-1.44618e-07
2.63745e-08
-1.74505e-07
2.98863e-08
-2.08814e-07
3.43096e-08
-2.48661e-07
3.98472e-08
-2.954e-07
4.67385e-08
-3.50631e-07
5.52308e-08
-4.16133e-07
6.55024e-08
-4.93624e-07
7.74912e-08
-5.84053e-07
9.0429e-08
-6.85073e-07
1.0102e-07
-7.85594e-07
1.00521e-07
-8.61052e-07
7.5458e-08
-8.18244e-07
-4.28079e-08
-8.18244e-07
-1.74096e-08
3.41527e-08
-3.60175e-08
3.65295e-08
-5.53492e-08
3.80006e-08
-7.58072e-08
4.0296e-08
-9.78239e-08
4.34789e-08
-1.21893e-07
4.76789e-08
-1.48598e-07
5.30793e-08
-1.78641e-07
5.99294e-08
-2.12887e-07
6.85556e-08
-2.52412e-07
7.93723e-08
-2.98561e-07
9.28872e-08
-3.53016e-07
1.09686e-07
-4.17875e-07
1.30361e-07
-4.9576e-07
1.55376e-07
-5.90216e-07
1.84885e-07
-7.05982e-07
2.16786e-07
-8.42049e-07
2.36588e-07
-9.84645e-07
2.18054e-07
-1.01736e-06
-1.0094e-08
-1.8356e-06
-1.67329e-08
5.08856e-08
-3.46445e-08
5.44411e-08
-5.32311e-08
5.65872e-08
-7.28601e-08
5.9925e-08
-9.39212e-08
6.45399e-08
-1.16856e-07
7.0614e-08
-1.42186e-07
7.84089e-08
-1.70542e-07
8.82857e-08
-2.02713e-07
1.00726e-07
-2.39703e-07
1.16362e-07
-2.82822e-07
1.36007e-07
-3.33842e-07
1.60706e-07
-3.95266e-07
1.91785e-07
-4.70856e-07
2.30966e-07
-5.67074e-07
2.81103e-07
-6.96995e-07
3.46707e-07
-8.71275e-07
4.10868e-07
-9.74976e-07
3.21756e-07
-8.70424e-07
-1.14646e-07
-2.70603e-06
-1.5664e-08
6.65495e-08
-3.24788e-08
7.1256e-08
-4.99045e-08
7.40129e-08
-6.82574e-08
7.8278e-08
-8.78636e-08
8.41461e-08
-1.09087e-07
9.18369e-08
-1.32351e-07
1.01674e-07
-1.58176e-07
1.1411e-07
-1.87214e-07
1.29764e-07
-2.20312e-07
1.4946e-07
-2.58609e-07
1.74304e-07
-3.03694e-07
2.05792e-07
-3.57894e-07
2.45984e-07
-4.24664e-07
2.97736e-07
-5.07771e-07
3.6421e-07
-6.09003e-07
4.47939e-07
-7.30489e-07
5.32354e-07
-7.38061e-07
3.29328e-07
-3.11189e-07
-5.41518e-07
-3.01722e-06
-1.42825e-08
8.0832e-08
-2.96911e-08
8.66646e-08
-4.56414e-08
8.99632e-08
-6.23857e-08
9.50223e-08
-8.01672e-08
1.01928e-07
-9.92462e-08
1.10916e-07
-1.19921e-07
1.22348e-07
-1.42551e-07
1.36741e-07
-1.67588e-07
1.54801e-07
-1.95613e-07
1.77485e-07
-2.27394e-07
2.06084e-07
-2.63988e-07
2.42385e-07
-3.0686e-07
2.88857e-07
-3.58323e-07
3.49199e-07
-4.20758e-07
4.26645e-07
-4.79834e-07
5.07015e-07
-5.29573e-07
5.82093e-07
-5.25254e-07
3.2501e-07
-1.27331e-07
-9.39442e-07
-3.14455e-06
-1.262e-08
9.3452e-08
-2.63607e-08
1.00405e-07
-4.05863e-08
1.04189e-07
-5.54742e-08
1.0991e-07
-7.11679e-08
1.17621e-07
-8.78018e-08
1.2755e-07
-1.05524e-07
1.4007e-07
-1.24509e-07
1.55726e-07
-1.44972e-07
1.75265e-07
-1.67178e-07
1.99691e-07
-1.91429e-07
2.30336e-07
-2.18094e-07
2.69049e-07
-2.47509e-07
3.18272e-07
-2.78742e-07
3.80432e-07
-3.17886e-07
4.65789e-07
-3.44152e-07
5.33281e-07
-3.59417e-07
5.97359e-07
-3.29463e-07
2.95055e-07
-1.86195e-07
-1.08271e-06
-3.33074e-06
-1.06863e-08
1.04138e-07
-2.25497e-08
1.12269e-07
-3.48694e-08
1.16509e-07
-4.7757e-08
1.22798e-07
-6.1224e-08
1.31088e-07
-7.52628e-08
1.41589e-07
-8.98455e-08
1.54653e-07
-1.04936e-07
1.70816e-07
-1.20468e-07
1.90797e-07
-1.36328e-07
2.15551e-07
-1.52251e-07
2.46258e-07
-1.67586e-07
2.84385e-07
-1.83053e-07
3.33739e-07
-1.88467e-07
3.85846e-07
-2.03636e-07
4.80957e-07
-1.91218e-07
5.20863e-07
-1.62513e-07
5.68654e-07
-7.12045e-08
2.03746e-07
2.31811e-08
-1.17709e-06
-3.30756e-06
-8.48035e-09
1.12619e-07
-1.83015e-08
1.2209e-07
-2.86142e-08
1.26821e-07
-3.94549e-08
1.33638e-07
-5.07021e-08
1.42336e-07
-6.2155e-08
1.53042e-07
-7.36297e-08
1.66128e-07
-8.48946e-08
1.82081e-07
-9.56749e-08
2.01577e-07
-1.05583e-07
2.25459e-07
-1.14284e-07
2.54959e-07
-1.18275e-07
2.88376e-07
-1.24136e-07
3.396e-07
-1.10444e-07
3.72155e-07
-9.95946e-08
4.70107e-07
-5.78546e-08
4.79123e-07
1.51339e-08
4.95666e-07
1.0957e-07
1.0931e-07
1.96214e-07
-1.26374e-06
-3.11135e-06
-5.79862e-09
1.18417e-07
-1.35581e-08
1.29849e-07
-2.17219e-08
1.34985e-07
-3.07888e-08
1.42705e-07
-3.99459e-08
1.51493e-07
-4.90306e-08
1.62126e-07
-5.75465e-08
1.74643e-07
-6.51316e-08
1.89666e-07
-7.12839e-08
2.0773e-07
-7.50241e-08
2.292e-07
-7.72145e-08
2.57149e-07
-6.96593e-08
2.80821e-07
-6.42665e-08
3.34207e-07
-4.23123e-08
3.502e-07
-8.16795e-09
4.35963e-07
3.57885e-08
4.35166e-07
1.01514e-07
4.2994e-07
1.51789e-07
5.90346e-08
8.58735e-08
-1.19782e-06
-3.02547e-06
-2.87234e-09
1.2129e-07
-8.45271e-09
1.3543e-07
-1.45664e-08
1.41099e-07
-2.18916e-08
1.50031e-07
-2.91984e-08
1.58799e-07
-3.6186e-08
1.69114e-07
-4.22084e-08
1.80666e-07
-4.678e-08
1.94238e-07
-4.95911e-08
2.10541e-07
-4.81846e-08
2.27793e-07
-4.70927e-08
2.56058e-07
-3.68013e-08
2.70529e-07
-2.26284e-08
3.20034e-07
-2.89831e-09
3.3047e-07
3.98266e-08
3.93238e-07
8.9035e-08
3.85958e-07
1.46117e-07
3.72859e-07
1.84216e-07
2.09358e-08
6.35832e-08
-1.07719e-06
-2.96189e-06
2.5824e-09
1.18707e-07
-6.11297e-10
1.38623e-07
-4.91423e-09
1.45402e-07
-1.26637e-08
1.5778e-07
-1.88414e-08
1.64977e-07
-2.54328e-08
1.75705e-07
-2.91793e-08
1.84412e-07
-3.07688e-08
1.95827e-07
-2.98649e-08
2.09637e-07
-2.43807e-08
2.22309e-07
-1.52954e-08
2.46972e-07
-3.16505e-09
2.58399e-07
2.21167e-08
2.94752e-07
5.02406e-08
3.02347e-07
9.0686e-08
3.52793e-07
1.44251e-07
3.32393e-07
1.9764e-07
3.1947e-07
2.14891e-07
3.6849e-09
1.57972e-07
-1.02027e-06
-2.80392e-06
6.02242e-09
1.12685e-07
3.38379e-09
1.41262e-07
-6.88297e-10
1.49474e-07
-4.63658e-09
1.61728e-07
-8.99108e-09
1.69332e-07
-1.24122e-08
1.79127e-07
-1.46593e-08
1.86659e-07
-1.4814e-08
1.95982e-07
-1.26187e-08
2.07442e-07
-8.29729e-09
2.17988e-07
2.82244e-09
2.35852e-07
1.23553e-08
2.48866e-07
3.39355e-08
2.73172e-07
5.48389e-08
2.81443e-07
9.46069e-08
3.13025e-07
1.33108e-07
2.93892e-07
1.85084e-07
2.67493e-07
2.09021e-07
-2.02514e-08
1.14259e-07
-9.2551e-07
-2.68966e-06
2.71822e-08
8.55026e-08
2.82658e-08
1.40178e-07
2.40637e-08
1.53676e-07
9.67283e-09
1.76119e-07
-1.0098e-09
1.80014e-07
-9.83257e-09
1.87949e-07
-1.1823e-08
1.8865e-07
-1.03657e-08
1.94524e-07
-2.97761e-09
2.00053e-07
6.05063e-09
2.08959e-07
2.2971e-08
2.18932e-07
4.10073e-08
2.3083e-07
6.84964e-08
2.45683e-07
9.865e-08
2.5129e-07
1.36614e-07
2.75061e-07
1.76142e-07
2.54364e-07
2.01873e-07
2.41762e-07
1.58613e-07
2.30081e-08
1.10278e-08
-7.77924e-07
-2.67863e-06
2.92792e-08
5.62234e-08
1.11194e-08
1.58338e-07
5.9351e-09
1.5886e-07
7.97984e-09
1.74074e-07
6.57943e-09
1.81415e-07
6.1785e-09
1.8835e-07
7.23241e-09
1.87596e-07
9.18077e-09
1.92576e-07
1.45693e-08
1.94665e-07
2.14417e-08
2.02087e-07
3.21771e-08
2.08197e-07
4.27243e-08
2.20283e-07
6.00437e-08
2.28363e-07
6.67605e-08
2.44573e-07
9.76379e-08
2.44183e-07
9.52269e-08
2.56775e-07
1.48603e-07
1.88386e-07
1.5946e-07
1.21512e-08
5.3308e-08
-6.71772e-07
-2.62532e-06
1.07142e-07
-5.09187e-08
1.07394e-07
1.58086e-07
7.93696e-08
1.86885e-07
2.7647e-08
2.25797e-07
-3.16245e-09
2.12224e-07
-1.97327e-08
2.04921e-07
-1.97846e-08
1.87648e-07
-1.38203e-08
1.86612e-07
-3.61105e-10
1.81206e-07
1.39013e-08
1.87825e-07
3.56675e-08
1.8643e-07
5.54132e-08
2.00537e-07
8.51692e-08
1.98607e-07
1.11816e-07
2.17926e-07
1.57517e-07
1.98482e-07
1.83132e-07
2.3116e-07
2.14699e-07
1.56819e-07
1.10347e-07
1.16503e-07
5.2963e-08
-6.14388e-07
-2.57236e-06
1.69348e-07
-2.20266e-07
8.32982e-08
2.44136e-07
8.70264e-08
1.83157e-07
8.73337e-08
2.2549e-07
6.83473e-08
2.3121e-07
5.26908e-08
2.20577e-07
4.91512e-08
1.91187e-07
4.91318e-08
1.86631e-07
5.45187e-08
1.75819e-07
6.27506e-08
1.79593e-07
7.29099e-08
1.76271e-07
8.36479e-08
1.89799e-07
9.63232e-08
1.85932e-07
8.83053e-08
2.25944e-07
9.1884e-08
1.94903e-07
3.85623e-08
2.84482e-07
1.43881e-07
5.15012e-08
1.1145e-07
1.48933e-07
6.28312e-08
-5.65769e-07
-2.50953e-06
1.75291e-07
-3.95557e-07
-4.51103e-08
4.64537e-07
-2.06178e-07
3.44224e-07
-2.45797e-07
2.65109e-07
-2.43626e-07
2.29039e-07
-2.11511e-07
1.88462e-07
-1.69508e-07
1.49185e-07
-1.36989e-07
1.54111e-07
-1.03177e-07
1.42007e-07
-7.53856e-08
1.51801e-07
-4.03515e-08
1.41237e-07
-1.4268e-08
1.63715e-07
1.78712e-08
1.53793e-07
3.63421e-08
2.07473e-07
1.13091e-07
1.18154e-07
6.19049e-08
3.35668e-07
1.77079e-07
-6.36725e-08
1.09384e-07
2.16628e-07
2.24046e-08
-4.78789e-07
-2.48713e-06
5.3993e-08
-4.4955e-07
4.02543e-07
1.15987e-07
4.45676e-07
3.01091e-07
4.77832e-07
2.32953e-07
5.20268e-07
1.86603e-07
5.04023e-07
2.04708e-07
5.17043e-07
1.36165e-07
4.84016e-07
1.87138e-07
4.75772e-07
1.50251e-07
4.37119e-07
1.90454e-07
4.24778e-07
1.53579e-07
4.03046e-07
1.85447e-07
3.9229e-07
1.64549e-07
3.92314e-07
2.07449e-07
3.92203e-07
1.18265e-07
2.75582e-07
4.5229e-07
2.52226e-07
-4.03168e-08
1.48954e-07
3.19899e-07
2.409e-07
-5.70735e-07
-2.24623e-06
-8.41714e-07
3.92164e-07
-9.65851e-07
2.40124e-07
-8.8626e-07
2.215e-07
-8.38125e-07
1.84817e-07
-8.12713e-07
1.61191e-07
-7.88736e-07
1.80731e-07
-7.77964e-07
1.25392e-07
-7.21349e-07
1.30523e-07
-6.99561e-07
1.28464e-07
-6.43662e-07
1.34554e-07
-5.90875e-07
1.00792e-07
-5.11786e-07
1.06358e-07
-4.52774e-07
1.05536e-07
-3.40926e-07
9.56007e-08
-3.0282e-07
8.01591e-08
-1.79242e-08
1.67394e-07
3.96036e-08
-9.78446e-08
3.46324e-07
1.31785e-08
6.74133e-07
-8.98544e-07
-1.57209e-06
3.92164e-07
6.32288e-07
8.53788e-07
1.03861e-06
1.1998e-06
1.38053e-06
1.50592e-06
1.63644e-06
1.76491e-06
1.89946e-06
2.00025e-06
2.10661e-06
2.21215e-06
2.30775e-06
2.38791e-06
2.5553e-06
2.45746e-06
2.47064e-06
1.57209e-06
)
;

boundaryField
{
    movingWall
    {
        type            calculated;
        value           uniform 0;
    }
    fixedWalls
    {
        type            calculated;
        value           uniform 0;
    }
    frontAndBack
    {
        type            empty;
        value           nonuniform 0();
    }
}


// ************************************************************************* //
