/*--------------------------------*- C++ -*----------------------------------*\
| =========                 |                                                 |
| \\      /  F ield         | OpenFOAM: The Open Source CFD Toolbox           |
|  \\    /   O peration     | Version:  5.x                                   |
|   \\  /    A nd           | Web:      www.OpenFOAM.org                      |
|    \\/     M anipulation  |                                                 |
\*---------------------------------------------------------------------------*/
FoamFile
{
    version     2.0;
    format      ascii;
    class       volVectorField;
    location    "4.2";
    object      U;
}
// * * * * * * * * * * * * * * * * * * * * * * * * * * * * * * * * * * * * * //

dimensions      [0 1 -1 0 0 0 0];

internalField   nonuniform List<vector> 
400
(
(-0.000164292 0.000165744 0)
(-0.00051083 0.000177464 0)
(-0.000878783 0.000184997 0)
(-0.00126262 0.000196766 0)
(-0.00167497 0.000213101 0)
(-0.00212482 0.000234662 0)
(-0.00262371 0.000262378 0)
(-0.00318526 0.000297507 0)
(-0.00382612 0.000341703 0)
(-0.00456669 0.000397016 0)
(-0.00543204 0.000465774 0)
(-0.00645257 0.000550235 0)
(-0.00766383 0.000651695 0)
(-0.00910493 0.00076842 0)
(-0.0108129 0.000890299 0)
(-0.0127822 0.000980134 0)
(-0.0148565 0.000937066 0)
(-0.0168992 0.000592424 0)
(-0.0187729 -0.000722747 0)
(-0.0106527 -0.0067839 0)
(-0.000170817 0.000507844 0)
(-0.000530939 0.000543315 0)
(-0.000912543 0.000565561 0)
(-0.00130922 0.000600315 0)
(-0.00173336 0.000648531 0)
(-0.00219338 0.000712164 0)
(-0.00270018 0.000793954 0)
(-0.00326658 0.000897606 0)
(-0.00390826 0.00102795 0)
(-0.00464467 0.00119101 0)
(-0.00550024 0.00139391 0)
(-0.00650564 0.00164419 0)
(-0.00769932 0.001948 0)
(-0.00913022 0.00230582 0)
(-0.0108693 0.002703 0)
(-0.0130011 0.00306897 0)
(-0.0154928 0.00315835 0)
(-0.018569 0.00257599 0)
(-0.0229588 -0.000469014 0)
(-0.0136407 -0.0239755 0)
(-0.000163984 0.000851422 0)
(-0.000510419 0.000910682 0)
(-0.000877644 0.000946857 0)
(-0.00125858 0.00100322 0)
(-0.00166487 0.00108126 0)
(-0.00210396 0.00118409 0)
(-0.00258558 0.00131612 0)
(-0.00312117 0.00148338 0)
(-0.00372485 0.00169382 0)
(-0.00441441 0.00195762 0)
(-0.00521284 0.00228748 0)
(-0.00615062 0.00269867 0)
(-0.00726912 0.0032083 0)
(-0.00862645 0.00383402 0)
(-0.0103299 0.00459702 0)
(-0.0126051 0.00550638 0)
(-0.0154346 0.00629497 0)
(-0.0181598 0.00549716 0)
(-0.0250773 -0.000334093 0)
(-0.00482817 -0.0495164 0)
(-0.000153214 0.0011755 0)
(-0.000478034 0.00125803 0)
(-0.000822729 0.00130707 0)
(-0.00117929 0.00138317 0)
(-0.00155829 0.00148813 0)
(-0.00196568 0.00162595 0)
(-0.00240944 0.00180247 0)
(-0.00289884 0.00202577 0)
(-0.00344542 0.00230676 0)
(-0.00406385 0.00265984 0)
(-0.00477343 0.00310393 0)
(-0.00560045 0.00366393 0)
(-0.00658127 0.0043728 0)
(-0.00776087 0.00527519 0)
(-0.00921055 0.00643598 0)
(-0.0111906 0.0079481 0)
(-0.0138878 0.0094757 0)
(-0.0126734 0.0069055 0)
(-0.021161 -0.00502865 0)
(0.0115421 -0.063055 0)
(-0.000139274 0.00147536 0)
(-0.000436265 0.00158059 0)
(-0.000752215 0.00164114 0)
(-0.00107795 0.00173445 0)
(-0.00142265 0.00186236 0)
(-0.00179033 0.00202942 0)
(-0.00218666 0.00224246 0)
(-0.002618 0.00251116 0)
(-0.0030922 0.00284869 0)
(-0.0036191 0.00327275 0)
(-0.00421128 0.00380712 0)
(-0.00488551 0.00448429 0)
(-0.00566431 0.00534956 0)
(-0.00657278 0.00646781 0)
(-0.0076115 0.0079154 0)
(-0.00884501 0.0096321 0)
(-0.0115184 0.0112922 0)
(-0.00791028 0.00668464 0)
(-0.0151949 -0.014174 0)
(0.010814 -0.0594454 0)
(-0.00012245 0.00174479 0)
(-0.000386186 0.00187246 0)
(-0.000668331 0.00194323 0)
(-0.000958281 0.00205113 0)
(-0.00126359 0.00219749 0)
(-0.00158594 0.00238703 0)
(-0.00192819 0.00262708 0)
(-0.0022933 0.0029283 0)
(-0.0026848 0.00330531 0)
(-0.00310689 0.00377796 0)
(-0.00356423 0.00437306 0)
(-0.00406205 0.00512796 0)
(-0.00460486 0.00609489 0)
(-0.0051965 0.00733937 0)
(-0.0058881 0.00898207 0)
(-0.00618806 0.0105412 0)
(-0.00851402 0.0119752 0)
(-0.005207 0.00609736 0)
(-0.00846718 -0.021999 0)
(0.000800817 -0.0643426 0)
(-0.000102734 0.00197847 0)
(-0.000328419 0.00212866 0)
(-0.000572977 0.00220877 0)
(-0.000823905 0.00232868 0)
(-0.00108704 0.002489 0)
(-0.00136114 0.00269371 0)
(-0.00164596 0.00295031 0)
(-0.00194058 0.00326944 0)
(-0.00224375 0.00366583 0)
(-0.00255331 0.00415893 0)
(-0.00286464 0.00477403 0)
(-0.00316966 0.00554324 0)
(-0.00346293 0.00653037 0)
(-0.00366726 0.00768976 0)
(-0.00413304 0.00946585 0)
(-0.00337163 0.0106139 0)
(-0.00492725 0.0117586 0)
(-0.00130021 0.00502997 0)
(-0.0020576 -0.0237982 0)
(0.0031488 -0.0696016 0)
(-8.00079e-05 0.0021705 0)
(-0.000263202 0.00234688 0)
(-0.000467798 0.00243611 0)
(-0.000678293 0.00256843 0)
(-0.000898848 0.00273801 0)
(-0.00112504 0.00295088 0)
(-0.00135303 0.00321281 0)
(-0.0015786 0.00353522 0)
(-0.00179647 0.003932 0)
(-0.00200034 0.00442197 0)
(-0.0021824 0.005031 0)
(-0.00230784 0.00576271 0)
(-0.00246497 0.00678246 0)
(-0.0021943 0.00769287 0)
(-0.00261582 0.00964715 0)
(-0.000852545 0.0102171 0)
(-0.00186511 0.0109279 0)
(0.00250452 0.00338223 0)
(0.00145117 -0.0238592 0)
(0.0070735 -0.0627823 0)
(-5.05492e-05 0.00231632 0)
(-0.00018684 0.00251871 0)
(-0.000351103 0.00261827 0)
(-0.000522309 0.00275753 0)
(-0.000705098 0.00293492 0)
(-0.00088696 0.00314778 0)
(-0.00106249 0.0034067 0)
(-0.00122259 0.00371826 0)
(-0.00135891 0.00409627 0)
(-0.00145745 0.00455075 0)
(-0.00153106 0.00512411 0)
(-0.0014237 0.00569858 0)
(-0.00156002 0.00671532 0)
(-0.00071609 0.00720351 0)
(-0.00126987 0.00899795 0)
(0.00109981 0.00906668 0)
(6.81551e-05 0.00923624 0)
(0.00421584 0.00146175 0)
(0.00156617 -0.0245376 0)
(0.0022287 -0.0590867 0)
(-1.81893e-05 0.00239817 0)
(-0.000102623 0.00266926 0)
(-0.000228623 0.00277234 0)
(-0.000361922 0.00297188 0)
(-0.000508008 0.00313463 0)
(-0.000653039 0.00335321 0)
(-0.000782228 0.00358154 0)
(-0.000889035 0.00386578 0)
(-0.000964101 0.00420623 0)
(-0.000970968 0.00460023 0)
(-0.00103483 0.00517048 0)
(-0.000694778 0.00558403 0)
(-0.000962541 0.00665736 0)
(0.000248053 0.00698103 0)
(-0.000446012 0.00859696 0)
(0.00230447 0.00856742 0)
(0.000852098 0.00835978 0)
(0.00545821 0.000940602 0)
(0.00128133 -0.0231602 0)
(0.00161582 -0.0611715 0)
(6.42097e-05 0.00243446 0)
(3.02896e-05 0.00271684 0)
(-4.98248e-05 0.00284521 0)
(-0.000160803 0.00296071 0)
(-0.000327019 0.00315636 0)
(-0.000442951 0.00333304 0)
(-0.000553701 0.00357948 0)
(-0.000601639 0.00383839 0)
(-0.000629987 0.00416378 0)
(-0.000498444 0.00446565 0)
(-0.000567416 0.00499775 0)
(5.66795e-05 0.00522167 0)
(-0.00024091 0.00605974 0)
(0.00128355 0.00612993 0)
(0.000464885 0.0071869 0)
(0.0035401 0.00669666 0)
(0.00172155 0.00657893 0)
(0.0067929 -0.000254314 0)
(0.00100891 -0.0210609 0)
(0.00596146 -0.0581608 0)
(9.59628e-05 0.00226634 0)
(0.000125696 0.00283621 0)
(1.96554e-05 0.00301053 0)
(-5.17008e-05 0.0034564 0)
(-0.000127543 0.00354679 0)
(-0.000224958 0.00383567 0)
(-0.000269169 0.00391644 0)
(-0.000297366 0.00412329 0)
(-0.000329279 0.00432293 0)
(-0.00012216 0.00454665 0)
(-0.000265559 0.00497203 0)
(0.000415573 0.00523663 0)
(-1.62037e-05 0.00591342 0)
(0.0015618 0.00616448 0)
(0.000344324 0.00714632 0)
(0.00387257 0.00700073 0)
(0.000833054 0.0064694 0)
(0.00735658 0.000496023 0)
(0.000184906 -0.0189143 0)
(0.00496299 -0.0532812 0)
(0.000444209 0.00229259 0)
(0.00059911 0.00294589 0)
(0.00055459 0.00293666 0)
(0.00037423 0.00289317 0)
(3.5451e-05 0.00309361 0)
(-8.54595e-05 0.00313647 0)
(-0.000280369 0.00338463 0)
(-0.000209479 0.00353009 0)
(-0.000225411 0.00381595 0)
(0.000129518 0.0040128 0)
(7.08793e-05 0.00434163 0)
(0.000950528 0.00456206 0)
(0.00051982 0.00489965 0)
(0.00248256 0.00491774 0)
(0.00108513 0.00528326 0)
(0.00488338 0.00438435 0)
(0.00147917 0.00430708 0)
(0.00740357 -0.00146907 0)
(-0.00181763 -0.0175841 0)
(0.00247108 -0.0534047 0)
(0.000606001 0.00102309 0)
(0.000452336 0.00242784 0)
(4.93906e-05 0.00317781 0)
(0.000161951 0.00430003 0)
(0.000174057 0.00429411 0)
(9.42658e-05 0.00464242 0)
(0.000145219 0.00438598 0)
(0.000160265 0.00450269 0)
(0.000181599 0.00441036 0)
(0.000446631 0.00456333 0)
(0.000336232 0.00462641 0)
(0.00106956 0.00488237 0)
(0.00046062 0.00514136 0)
(0.00220457 0.00540799 0)
(0.000113876 0.00594642 0)
(0.00430669 0.00626153 0)
(-0.00110233 0.00554591 0)
(0.00792475 0.00252788 0)
(-0.00254937 -0.0135425 0)
(0.00519774 -0.0537593 0)
(0.00167031 0.00136725 0)
(0.00243766 0.00431102 0)
(0.00195558 0.00336256 0)
(0.00111301 0.00254553 0)
(5.14759e-05 0.00274764 0)
(-0.000197715 0.00257445 0)
(-0.000537127 0.00284092 0)
(-0.000290918 0.00289523 0)
(-0.000247993 0.00310222 0)
(0.00023776 0.00325475 0)
(0.000260793 0.00344633 0)
(0.00128981 0.00369052 0)
(0.000725738 0.00373192 0)
(0.0029853 0.00406824 0)
(0.00106586 0.003508 0)
(0.00581888 0.00343151 0)
(0.000739153 0.00158211 0)
(0.00887951 -0.0021654 0)
(-0.00535535 -0.0144762 0)
(0.00807036 -0.0521796 0)
(0.00389048 -0.00357003 0)
(0.00232561 0.00156645 0)
(0.00135598 0.00390121 0)
(0.0019053 0.00670997 0)
(0.00169026 0.00603905 0)
(0.00109484 0.00603163 0)
(0.000989679 0.00499824 0)
(0.000985621 0.00491563 0)
(0.000953754 0.0044672 0)
(0.00127473 0.00457597 0)
(0.0011404 0.00430458 0)
(0.00192384 0.00462462 0)
(0.00119891 0.00452431 0)
(0.00295672 0.0050166 0)
(0.000192149 0.00479755 0)
(0.00396177 0.00646305 0)
(-0.00277063 0.00527434 0)
(0.00924638 0.00727112 0)
(-0.00548069 -0.00845415 0)
(0.00851039 -0.050569 0)
(0.00296838 -0.0046707 0)
(0.00333375 0.00902716 0)
(-0.00483323 0.00377826 0)
(-0.00386825 0.00193873 0)
(-0.0056148 0.0028082 0)
(-0.00438972 0.00227698 0)
(-0.00380744 0.00225711 0)
(-0.00311654 0.00217118 0)
(-0.00230369 0.00219563 0)
(-0.00188181 0.00223445 0)
(-0.00112318 0.00241044 0)
(-0.000419092 0.00262014 0)
(-0.000219266 0.00254882 0)
(0.00104088 0.00358871 0)
(0.0002323 0.00265049 0)
(0.00472393 0.00421506 0)
(-0.00271227 -0.00367546 0)
(0.0107441 -0.00182676 0)
(-0.00728081 -0.0161711 0)
(0.00860576 -0.0522277 0)
(-0.00736156 -0.0122774 0)
(0.00885932 0.00785385 0)
(0.00885611 0.00924242 0)
(0.00823888 0.00885012 0)
(0.0104686 0.00656937 0)
(0.010408 0.00568454 0)
(0.00990483 0.0040579 0)
(0.0105135 0.00432211 0)
(0.00909764 0.00384241 0)
(0.00972908 0.00426412 0)
(0.00785859 0.00359325 0)
(0.00907296 0.00430673 0)
(0.0068831 0.0040048 0)
(0.00917758 0.0051548 0)
(0.00594208 0.00229509 0)
(0.00977302 0.00996774 0)
(0.00188279 0.00169978 0)
(0.00739903 0.0109169 0)
(-0.00129892 -0.000802612 0)
(0.0119893 -0.0486332 0)
(-0.0227352 -0.00405377 0)
(-0.0132064 -0.00246021 0)
(-0.0235351 0.0029892 0)
(-0.0119687 0.000831071 0)
(-0.0215653 0.000925533 0)
(-0.011505 0.00215816 0)
(-0.0196856 0.00102923 0)
(-0.0116305 0.00273616 0)
(-0.0169431 0.00177721 0)
(-0.0116868 0.00277349 0)
(-0.0133407 0.00213191 0)
(-0.010728 0.00265274 0)
(-0.00978059 0.00208678 0)
(-0.00799757 0.0025925 0)
(-0.00519125 0.0020711 0)
(-0.00771888 0.00677674 0)
(0.0071512 -0.00374458 0)
(-0.00528482 0.00054439 0)
(0.016909 -0.0255718 0)
(0.014088 -0.0474287 0)
(0.000208044 0.0181254 0)
(0.0154781 0.0119619 0)
(0.0111621 0.00654312 0)
(0.0212345 0.00633738 0)
(0.0218167 0.00578603 0)
(0.0252103 0.00541363 0)
(0.0305476 0.00434618 0)
(0.0296664 0.00289795 0)
(0.0351889 0.00371166 0)
(0.0359208 0.0030691 0)
(0.0398574 0.00221959 0)
(0.0399733 0.00193067 0)
(0.044426 0.00250802 0)
(0.0437534 0.00161156 0)
(0.0487249 0.00150982 0)
(0.0473679 0.000813949 0)
(0.0508004 0.000339278 0)
(0.0503311 0.000353719 0)
(0.0426571 -0.00515589 0)
(0.0281974 -0.00688325 0)
)
;

boundaryField
{
    movingWall
    {
        type            fixedValue;
        value           uniform (1 0 0);
    }
    fixedWalls
    {
        type            noSlip;
    }
    frontAndBack
    {
        type            empty;
    }
}


// ************************************************************************* //
