/*--------------------------------*- C++ -*----------------------------------*\
| =========                 |                                                 |
| \\      /  F ield         | OpenFOAM: The Open Source CFD Toolbox           |
|  \\    /   O peration     | Version:  5.x                                   |
|   \\  /    A nd           | Web:      www.OpenFOAM.org                      |
|    \\/     M anipulation  |                                                 |
\*---------------------------------------------------------------------------*/
FoamFile
{
    version     2.0;
    format      ascii;
    class       surfaceScalarField;
    location    "0.1";
    object      phi;
}
// * * * * * * * * * * * * * * * * * * * * * * * * * * * * * * * * * * * * * //

dimensions      [0 3 -1 0 0 0 0];

internalField   nonuniform List<scalar> 
760
(
-4.17104e-10
4.17103e-10
-8.24057e-10
4.06953e-10
-1.20975e-09
3.85688e-10
-1.56446e-09
3.5472e-10
-1.87954e-09
3.15074e-10
-2.14751e-09
2.67972e-10
-2.36226e-09
2.1475e-10
-2.51905e-09
1.56787e-10
-2.61451e-09
9.54625e-11
-2.64664e-09
3.21307e-11
-2.61477e-09
-3.18752e-11
-2.51953e-09
-9.5231e-11
-2.36293e-09
-1.56602e-10
-2.1483e-09
-2.14629e-10
-1.88038e-09
-2.67928e-10
-1.56526e-09
-3.15111e-10
-1.21043e-09
-3.54836e-10
-8.24555e-10
-3.85873e-10
-4.17366e-10
-4.07189e-10
-4.17365e-10
-4.28574e-10
8.45677e-10
-8.46609e-10
8.24989e-10
-1.24261e-09
7.81685e-10
-1.60656e-09
7.18677e-10
-1.92959e-09
6.38104e-10
-2.20412e-09
5.42493e-10
-2.42395e-09
4.34586e-10
-2.58435e-09
3.1719e-10
-2.68198e-09
1.93086e-10
-2.71483e-09
6.49875e-11
-2.68226e-09
-6.44522e-11
-2.58489e-09
-1.92601e-10
-2.42469e-09
-3.16802e-10
-2.20498e-09
-4.34332e-10
-1.93051e-09
-5.42399e-10
-1.60744e-09
-6.38182e-10
-1.24336e-09
-7.18922e-10
-8.47157e-10
-7.82073e-10
-4.28863e-10
-8.25484e-10
-8.46228e-10
-4.50589e-10
1.29627e-09
-8.89858e-10
1.26426e-09
-1.30554e-09
1.19737e-09
-1.68705e-09
1.10019e-09
-2.02512e-09
9.7617e-10
-2.31194e-09
8.29315e-10
-2.54127e-09
6.63918e-10
-2.70839e-09
4.84309e-10
-2.81001e-09
2.9471e-10
-2.84421e-09
9.91869e-11
-2.81034e-09
-9.83221e-11
-2.70902e-09
-2.93925e-10
-2.54214e-09
-4.83679e-10
-2.31297e-09
-6.63504e-10
-2.02621e-09
-8.2916e-10
-1.6881e-09
-9.76293e-10
-1.30643e-09
-1.10059e-09
-8.90512e-10
-1.19799e-09
-4.50934e-10
-1.26506e-09
-1.29716e-09
-4.84627e-10
1.78089e-09
-9.56656e-10
1.73629e-09
-1.40259e-09
1.6433e-09
-1.81094e-09
1.50854e-09
-2.17183e-09
1.33707e-09
-2.47721e-09
1.13469e-09
-2.72077e-09
9.07476e-10
-2.89789e-09
6.6143e-10
-3.00544e-09
4.02266e-10
-3.04163e-09
1.35375e-10
-3.00585e-09
-1.34101e-10
-2.89867e-09
-4.01109e-10
-2.72185e-09
-6.60497e-10
-2.4785e-09
-9.06859e-10
-2.1732e-09
-1.13445e-09
-1.81225e-09
-1.33725e-09
-1.40372e-09
-1.50912e-09
-9.57484e-10
-1.64423e-09
-4.85065e-10
-1.73748e-09
-1.78223e-09
-5.32012e-10
2.31291e-09
-1.0495e-09
2.25378e-09
-1.53715e-09
2.13095e-09
-1.9822e-09
1.95359e-09
-2.37402e-09
1.72889e-09
-2.70424e-09
1.46491e-09
-2.96666e-09
1.16989e-09
-3.15692e-09
8.5169e-10
-3.27222e-09
5.17565e-10
-3.31099e-09
1.74154e-10
-3.27274e-09
-1.72354e-10
-3.15792e-09
-5.15927e-10
-2.96806e-09
-8.50364e-10
-2.70591e-09
-1.16901e-09
-2.3758e-09
-1.46456e-09
-1.98392e-09
-1.72912e-09
-1.53863e-09
-1.9544e-09
-1.05059e-09
-2.13227e-09
-5.32589e-10
-2.25548e-09
-2.31482e-09
-5.9473e-10
2.90764e-09
-1.17211e-09
2.83115e-09
-1.71423e-09
2.67307e-09
-2.20661e-09
2.44597e-09
-2.63771e-09
2.15999e-09
-2.99902e-09
1.82622e-09
-3.28466e-09
1.45553e-09
-3.49089e-09
1.05791e-09
-3.6155e-09
6.42175e-10
-3.65738e-09
2.16037e-10
-3.61618e-09
-2.13551e-10
-3.4922e-09
-6.39905e-10
-3.2865e-09
-1.05606e-09
-3.00123e-09
-1.45429e-09
-2.64008e-09
-1.82571e-09
-2.2089e-09
-2.1603e-09
-1.71622e-09
-2.44709e-09
-1.17357e-09
-2.67492e-09
-5.9551e-10
-2.83355e-09
-2.91033e-09
-6.75686e-10
3.58332e-09
-1.32984e-09
3.48531e-09
-1.94092e-09
3.28415e-09
-2.49216e-09
2.99721e-09
-2.97111e-09
2.63895e-09
-3.36941e-09
2.22452e-09
-3.68206e-09
1.76817e-09
-3.90645e-09
1.28231e-09
-4.0415e-09
7.77223e-10
-4.08685e-09
2.61383e-10
-4.0424e-09
-2.57993e-10
-3.90819e-09
-7.74118e-10
-3.6845e-09
-1.27976e-09
-3.37235e-09
-1.76643e-09
-2.97429e-09
-2.22378e-09
-2.49527e-09
-2.63932e-09
-1.94363e-09
-2.99872e-09
-1.33186e-09
-3.28669e-09
-6.7676e-10
-3.48864e-09
-3.58709e-09
-7.79135e-10
4.36246e-09
-1.53046e-09
4.23663e-09
-2.22722e-09
3.98092e-09
-2.84982e-09
3.6198e-09
-3.38504e-09
3.17417e-09
-3.82539e-09
2.66488e-09
-4.16767e-09
2.11045e-09
-4.41137e-09
1.526e-09
-4.55723e-09
9.2308e-10
-4.60613e-09
3.10283e-10
-4.55841e-09
-3.05705e-10
-4.41367e-09
-9.18868e-10
-4.17091e-09
-1.52251e-09
-3.82932e-09
-2.10802e-09
-3.38933e-09
-2.66377e-09
-2.85406e-09
-3.17459e-09
-2.23096e-09
-3.62181e-09
-1.53326e-09
-3.9844e-09
-7.80638e-10
-4.24126e-09
-4.36772e-09
-9.11427e-10
5.27389e-09
-1.78528e-09
5.11048e-09
-2.58736e-09
4.783e-09
-3.29458e-09
4.32703e-09
-3.89367e-09
3.77326e-09
-4.37937e-09
3.15057e-09
-4.75186e-09
2.48294e-09
-5.01416e-09
1.7883e-09
-5.16996e-09
1.07888e-09
-5.22207e-09
3.62397e-10
-5.17151e-09
-3.56266e-10
-5.01717e-09
-1.0732e-09
-4.75615e-09
-1.78354e-09
-4.38463e-09
-2.47953e-09
-3.89949e-09
-3.14892e-09
-3.30041e-09
-3.77367e-09
-2.59256e-09
-4.32966e-09
-1.78922e-09
-4.78774e-09
-9.1356e-10
-5.11692e-09
-5.28128e-09
-1.08232e-09
6.35621e-09
-2.11124e-09
6.13939e-09
-3.04178e-09
5.71354e-09
-3.8471e-09
5.13234e-09
-4.5155e-09
4.44166e-09
-5.04651e-09
3.68158e-09
-5.44627e-09
2.88271e-09
-5.72351e-09
2.06554e-09
-5.88645e-09
1.24182e-09
-5.94077e-09
4.16718e-10
-5.88846e-09
-4.08579e-10
-5.72743e-09
-1.23423e-09
-5.45191e-09
-2.05906e-09
-5.05352e-09
-2.87792e-09
-4.52337e-09
-3.67907e-09
-3.85512e-09
-4.44192e-09
-3.04908e-09
-5.1357e-09
-2.11686e-09
-5.71996e-09
-1.0854e-09
-6.14838e-09
-6.36669e-09
-1.30745e-09
7.66366e-09
-2.53437e-09
7.36632e-09
-3.62046e-09
6.79963e-09
-4.53597e-09
6.04785e-09
-5.27451e-09
5.1802e-09
-5.84488e-09
4.25196e-09
-6.26328e-09
3.30111e-09
-6.54726e-09
2.34951e-09
-6.71166e-09
1.40622e-09
-6.76619e-09
4.71255e-10
-6.71421e-09
-4.60561e-10
-6.55229e-09
-1.39615e-09
-6.27061e-09
-2.34074e-09
-5.85416e-09
-3.29438e-09
-5.28514e-09
-4.24809e-09
-4.54706e-09
-5.18e-09
-3.63081e-09
-6.05195e-09
-2.54253e-09
-6.80824e-09
-1.312e-09
-7.37891e-09
-7.67869e-09
-1.61306e-09
9.27671e-09
-3.09599e-09
8.84925e-09
-4.36813e-09
8.07177e-09
-5.40107e-09
7.08079e-09
-6.20152e-09
5.98065e-09
-6.79534e-09
4.84578e-09
-7.21485e-09
3.72062e-09
-7.49069e-09
2.62535e-09
-7.64684e-09
1.56236e-09
-7.69826e-09
5.22677e-10
-7.65002e-09
-5.08806e-10
-7.49702e-09
-1.54914e-09
-7.22422e-09
-2.61354e-09
-6.80746e-09
-3.71113e-09
-6.2158e-09
-4.83975e-09
-5.41644e-09
-5.97936e-09
-4.38293e-09
-7.08546e-09
-3.10804e-09
-8.08313e-09
-1.61999e-09
-8.86696e-09
-9.29868e-09
-2.0459e-09
1.13226e-08
-3.86368e-09
1.0667e-08
-5.35243e-09
9.56052e-09
-6.49784e-09
8.22619e-09
-7.33522e-09
6.81803e-09
-7.92015e-09
5.43071e-09
-8.31019e-09
4.11066e-09
-8.55399e-09
2.86916e-09
-8.68696e-09
1.69533e-09
-8.73021e-09
5.65934e-10
-8.69078e-09
-5.48236e-10
-8.56171e-09
-1.67821e-09
-8.32187e-09
-2.85338e-09
-7.93572e-09
-4.09728e-09
-7.35422e-09
-5.42125e-09
-6.51911e-09
-6.81447e-09
-5.37383e-09
-8.23074e-09
-3.88192e-09
-9.57505e-09
-2.0569e-09
-1.0692e-08
-1.13556e-08
-2.69452e-09
1.40171e-08
-4.95114e-09
1.29237e-08
-6.67639e-09
1.12858e-08
-7.90215e-09
9.45195e-09
-8.72117e-09
7.63706e-09
-9.2399e-09
5.94944e-09
-9.55201e-09
4.42277e-09
-9.72847e-09
3.04561e-09
-9.81712e-09
1.78399e-09
-9.8452e-09
5.94005e-10
-9.82154e-09
-5.71896e-10
-9.73752e-09
-1.76223e-09
-9.56609e-09
-3.02481e-09
-9.25937e-09
-4.404e-09
-8.74603e-09
-5.9346e-09
-7.93147e-09
-7.62903e-09
-6.70762e-09
-9.45459e-09
-4.97946e-09
-1.13032e-08
-2.71291e-09
-1.29585e-08
-1.40685e-08
-3.73689e-09
1.7754e-08
-6.55364e-09
1.57404e-08
-8.49597e-09
1.32281e-08
-9.71227e-09
1.06682e-08
-1.04073e-08
8.33205e-09
-1.07668e-08
6.30898e-09
-1.09301e-08
4.5861e-09
-1.09913e-08
3.1068e-09
-1.10084e-08
1.80106e-09
-1.10124e-08
5.98005e-10
-1.10132e-08
-5.71129e-10
-1.10013e-08
-1.77407e-09
-1.09463e-08
-3.07987e-09
-1.07902e-08
-4.56008e-09
-1.04389e-08
-6.2859e-09
-9.75216e-09
-8.31576e-09
-8.54179e-09
-1.0665e-08
-6.59883e-09
-1.32462e-08
-3.76962e-09
-1.57877e-08
-1.78381e-08
-5.55019e-09
2.33042e-08
-9.01052e-09
1.92007e-08
-1.10381e-08
1.52557e-08
-1.20427e-08
1.16729e-08
-1.24302e-08
8.71953e-09
-1.24916e-08
6.37033e-09
-1.24117e-08
4.50625e-09
-1.22993e-08
2.99437e-09
-1.22137e-08
1.7155e-09
-1.21838e-08
5.68118e-10
-1.22184e-08
-5.36577e-10
-1.23094e-08
-1.68307e-09
-1.24288e-08
-2.96045e-09
-1.25179e-08
-4.47094e-09
-1.24686e-08
-6.33519e-09
-1.20955e-08
-8.68886e-09
-1.11049e-08
-1.16556e-08
-9.08436e-09
-1.52667e-08
-5.61196e-09
-1.92601e-08
-2.34501e-08
-8.94366e-09
3.22479e-08
-1.29029e-08
2.316e-08
-1.45979e-08
1.69506e-08
-1.49953e-08
1.20703e-08
-1.47848e-08
8.50899e-09
-1.43613e-08
5.94682e-09
-1.39287e-08
4.07369e-09
-1.35829e-08
2.64854e-09
-1.33653e-08
1.49797e-09
-1.32926e-08
4.95359e-10
-1.33692e-08
-4.60008e-10
-1.35915e-08
-1.46069e-09
-1.39445e-08
-2.60751e-09
-1.43879e-08
-4.0275e-09
-1.48278e-08
-5.89529e-09
-1.50615e-08
-8.45516e-09
-1.46931e-08
-1.2024e-08
-1.3026e-08
-1.69338e-08
-9.07403e-09
-2.32121e-08
-3.25241e-08
-1.61323e-08
4.83802e-08
-1.91293e-08
2.6157e-08
-1.94792e-08
1.73005e-08
-1.85783e-08
1.11695e-08
-1.73657e-08
7.29636e-09
-1.625e-08
4.8311e-09
-1.53656e-08
3.18928e-09
-1.47418e-08
2.02475e-09
-1.43743e-08
1.13046e-09
-1.42536e-08
3.74722e-10
-1.43762e-08
-3.37452e-10
-1.47468e-08
-1.09009e-09
-1.53764e-08
-1.97789e-09
-1.62717e-08
-3.13218e-09
-1.7407e-08
-4.76001e-09
-1.86526e-08
-7.20954e-09
-1.96041e-08
-1.10725e-08
-1.9315e-08
-1.72229e-08
-1.63652e-08
-2.61619e-08
-4.88893e-08
-2.71962e-08
7.55764e-08
-2.79558e-08
2.69166e-08
-2.55824e-08
1.49271e-08
-2.24426e-08
8.02959e-09
-1.98027e-08
4.65653e-09
-1.78299e-08
2.85831e-09
-1.64437e-08
1.80304e-09
-1.55348e-08
1.11589e-09
-1.50201e-08
6.15706e-10
-1.48507e-08
2.05355e-10
-1.50108e-08
-1.7732e-10
-1.55161e-08
-5.84824e-10
-1.64151e-08
-1.07894e-09
-1.77909e-08
-1.7563e-09
-1.97527e-08
-2.7983e-09
-2.23786e-08
-4.58364e-09
-2.55042e-08
-7.94683e-09
-2.77805e-08
-1.49467e-08
-2.68996e-08
-2.70428e-08
-7.57889e-08
7.55764e-08
1.02493e-07
1.1742e-07
1.2545e-07
1.30106e-07
1.32965e-07
1.34768e-07
1.35883e-07
1.36499e-07
1.36705e-07
1.36527e-07
1.35942e-07
1.34863e-07
1.33107e-07
1.30309e-07
1.25725e-07
1.17778e-07
1.02832e-07
7.57889e-08
)
;

boundaryField
{
    movingWall
    {
        type            calculated;
        value           uniform 0;
    }
    fixedWalls
    {
        type            calculated;
        value           uniform 0;
    }
    frontAndBack
    {
        type            empty;
        value           nonuniform 0();
    }
}


// ************************************************************************* //
