/*--------------------------------*- C++ -*----------------------------------*\
| =========                 |                                                 |
| \\      /  F ield         | OpenFOAM: The Open Source CFD Toolbox           |
|  \\    /   O peration     | Version:  5.x                                   |
|   \\  /    A nd           | Web:      www.OpenFOAM.org                      |
|    \\/     M anipulation  |                                                 |
\*---------------------------------------------------------------------------*/
FoamFile
{
    version     2.0;
    format      ascii;
    class       volVectorField;
    location    "0.1";
    object      U;
}
// * * * * * * * * * * * * * * * * * * * * * * * * * * * * * * * * * * * * * //

dimensions      [0 1 -1 0 0 0 0];

internalField   nonuniform List<vector> 
400
(
(-4.17261e-06 4.16937e-06 0)
(-1.24163e-05 4.06793e-06 0)
(-2.03457e-05 3.85541e-06 0)
(-2.77524e-05 3.54592e-06 0)
(-3.44526e-05 3.14967e-06 0)
(-4.02849e-05 2.67887e-06 0)
(-4.51135e-05 2.14686e-06 0)
(-4.88299e-05 1.56743e-06 0)
(-5.1353e-05 9.54369e-07 0)
(-5.26293e-05 3.21225e-07 0)
(-5.26318e-05 -3.18663e-07 0)
(-5.13604e-05 -9.52047e-07 0)
(-4.88414e-05 -1.56557e-06 0)
(-4.51281e-05 -2.14564e-06 0)
(-4.03011e-05 -2.67842e-06 0)
(-3.44689e-05 -3.15003e-06 0)
(-2.77672e-05 -3.54707e-06 0)
(-2.03575e-05 -3.85725e-06 0)
(-1.24239e-05 -4.07027e-06 0)
(-4.17521e-06 -4.17198e-06 0)
(-4.2874e-06 1.26229e-05 0)
(-1.27568e-05 1.23147e-05 0)
(-2.09003e-05 1.16694e-05 0)
(-2.85025e-05 1.07302e-05 0)
(-3.53747e-05 9.52864e-06 0)
(-4.13521e-05 8.10217e-06 0)
(-4.62971e-05 6.49151e-06 0)
(-5.01005e-05 4.7385e-06 0)
(-5.26814e-05 2.88475e-06 0)
(-5.39865e-05 9.70947e-07 0)
(-5.39893e-05 -9.63017e-07 0)
(-5.26895e-05 -2.87756e-06 0)
(-5.01131e-05 -4.73274e-06 0)
(-4.63131e-05 -6.48772e-06 0)
(-4.13699e-05 -8.10075e-06 0)
(-3.53927e-05 -9.52975e-06 0)
(-2.85188e-05 -1.07338e-05 0)
(-2.09132e-05 -1.16751e-05 0)
(-1.27652e-05 -1.23219e-05 0)
(-4.29028e-06 -1.2631e-05 0)
(-4.5077e-06 2.14111e-05 0)
(-1.34099e-05 2.08844e-05 0)
(-2.19628e-05 1.97832e-05 0)
(-2.99376e-05 1.81824e-05 0)
(-3.71357e-05 1.61376e-05 0)
(-4.33865e-05 1.3714e-05 0)
(-4.85493e-05 1.0982e-05 0)
(-5.25148e-05 8.01294e-06 0)
(-5.52028e-05 4.87678e-06 0)
(-5.65613e-05 1.64137e-06 0)
(-5.65645e-05 -1.62733e-06 0)
(-5.52123e-05 -4.86404e-06 0)
(-5.25297e-05 -8.00271e-06 0)
(-4.85683e-05 -1.09753e-05 0)
(-4.34076e-05 -1.37115e-05 0)
(-3.71571e-05 -1.61395e-05 0)
(-2.99569e-05 -1.81887e-05 0)
(-2.19782e-05 -1.97933e-05 0)
(-1.34199e-05 -2.08973e-05 0)
(-4.51114e-06 -2.14255e-05 0)
(-4.84834e-06 3.07594e-05 0)
(-1.4419e-05 2.99937e-05 0)
(-2.36023e-05 2.83961e-05 0)
(-3.21482e-05 2.60783e-05 0)
(-3.98431e-05 2.31251e-05 0)
(-4.65077e-05 1.96344e-05 0)
(-5.19982e-05 1.57098e-05 0)
(-5.62058e-05 1.14546e-05 0)
(-5.9053e-05 6.9682e-06 0)
(-6.04906e-05 2.34513e-06 0)
(-6.04947e-05 -2.32368e-06 0)
(-5.90649e-05 -6.94871e-06 0)
(-5.62244e-05 -1.14389e-05 0)
(-5.20219e-05 -1.56994e-05 0)
(-4.65342e-05 -1.96304e-05 0)
(-3.987e-05 -2.3128e-05 0)
(-3.21727e-05 -2.6088e-05 0)
(-2.36219e-05 -2.84116e-05 0)
(-1.44316e-05 -3.00136e-05 0)
(-4.8527e-06 -3.07816e-05 0)
(-5.32259e-06 4.09213e-05 0)
(-1.58224e-05 3.98847e-05 0)
(-2.58782e-05 3.77283e-05 0)
(-3.52086e-05 3.46094e-05 0)
(-4.35797e-05 3.06502e-05 0)
(-5.08017e-05 2.59889e-05 0)
(-5.67291e-05 2.07686e-05 0)
(-6.12564e-05 1.51279e-05 0)
(-6.43123e-05 9.19647e-06 0)
(-6.58531e-05 3.09472e-06 0)
(-6.58584e-05 -3.06389e-06 0)
(-6.43276e-05 -9.16841e-06 0)
(-6.12805e-05 -1.51052e-05 0)
(-5.67598e-05 -2.07535e-05 0)
(-5.08362e-05 -2.59829e-05 0)
(-4.36146e-05 -3.06541e-05 0)
(-3.52405e-05 -3.46232e-05 0)
(-2.59039e-05 -3.77507e-05 0)
(-1.58391e-05 -3.99135e-05 0)
(-5.32835e-06 -4.09535e-05 0)
(-5.95039e-06 5.21832e-05 0)
(-1.76775e-05 5.08283e-05 0)
(-2.88776e-05 4.80219e-05 0)
(-3.92264e-05 4.39807e-05 0)
(-4.84637e-05 3.88773e-05 0)
(-5.63892e-05 3.2903e-05 0)
(-6.28592e-05 2.62485e-05 0)
(-6.77779e-05 1.90924e-05 0)
(-7.10861e-05 1.15954e-05 0)
(-7.2751e-05 3.90132e-06 0)
(-7.27579e-05 -3.85834e-06 0)
(-7.11062e-05 -1.15562e-05 0)
(-6.78095e-05 -1.90605e-05 0)
(-6.28996e-05 -2.62271e-05 0)
(-5.64348e-05 -3.28943e-05 0)
(-4.85102e-05 -3.88826e-05 0)
(-3.92692e-05 -4.39998e-05 0)
(-2.89122e-05 -4.80534e-05 0)
(-1.77e-05 -5.0869e-05 0)
(-5.95819e-06 -5.22289e-05 0)
(-6.76096e-06 6.48803e-05 0)
(-2.00672e-05 6.31373e-05 0)
(-3.27258e-05 5.95491e-05 0)
(-4.43532e-05 5.44136e-05 0)
(-5.46573e-05 4.79761e-05 0)
(-6.34305e-05 4.04983e-05 0)
(-7.05398e-05 3.22311e-05 0)
(-7.59095e-05 2.33986e-05 0)
(-7.95033e-05 1.41921e-05 0)
(-8.13069e-05 4.77367e-06 0)
(-8.13159e-05 -4.71475e-06 0)
(-7.95298e-05 -1.41382e-05 0)
(-7.59513e-05 -2.33544e-05 0)
(-7.05935e-05 -3.2201e-05 0)
(-6.34917e-05 -4.04855e-05 0)
(-5.47201e-05 -4.79826e-05 0)
(-4.44114e-05 -5.44396e-05 0)
(-3.27732e-05 -5.95927e-05 0)
(-2.00981e-05 -6.31942e-05 0)
(-6.77171e-06 -6.49444e-05 0)
(-7.79712e-06 7.9419e-05 0)
(-2.31124e-05 7.71839e-05 0)
(-3.76013e-05 7.26218e-05 0)
(-5.07994e-05 6.61487e-05 0)
(-6.2379e-05 5.81165e-05 0)
(-7.21342e-05 4.88846e-05 0)
(-7.99589e-05 3.87807e-05 0)
(-8.58169e-05 2.808e-05 0)
(-8.9711e-05 1.70015e-05 0)
(-9.16578e-05 5.71629e-06 0)
(-9.16697e-05 -5.6364e-06 0)
(-8.97459e-05 -1.69281e-05 0)
(-8.58723e-05 -2.80194e-05 0)
(-8.00307e-05 -3.87386e-05 0)
(-7.22165e-05 -4.88658e-05 0)
(-6.24644e-05 -5.81241e-05 0)
(-5.08793e-05 -6.61835e-05 0)
(-3.76669e-05 -7.26816e-05 0)
(-2.31555e-05 -7.72631e-05 0)
(-7.81216e-06 -7.95086e-05 0)
(-9.12295e-06 9.6311e-05 0)
(-2.69914e-05 9.34247e-05 0)
(-4.37612e-05 8.76034e-05 0)
(-5.88585e-05 7.94437e-05 0)
(-7.19214e-05 6.9459e-05 0)
(-8.27663e-05 5.81459e-05 0)
(-9.13444e-05 4.59295e-05 0)
(-9.76887e-05 3.31409e-05 0)
(-0.000101867 2.00187e-05 0)
(-0.000103945 6.72666e-06 0)
(-0.00010396 -6.6193e-06 0)
(-0.000101913 -1.99196e-05 0)
(-9.77617e-05 -3.30581e-05 0)
(-9.14399e-05 -4.58707e-05 0)
(-8.28772e-05 -5.81179e-05 0)
(-7.20378e-05 -6.94669e-05 0)
(-5.8969e-05 -7.94895e-05 0)
(-4.38528e-05 -8.7685e-05 0)
(-2.70523e-05 -9.35346e-05 0)
(-9.14434e-06 -9.64366e-05 0)
(-1.08374e-05 0.000116228 0)
(-3.1974e-05 0.000112437 0)
(-5.15824e-05 0.000104921 0)
(-6.89438e-05 9.45667e-05 0)
(-8.36769e-05 8.21348e-05 0)
(-9.56637e-05 6.8315e-05 0)
(-0.000104964 5.36539e-05 0)
(-0.000111728 3.85376e-05 0)
(-0.000116125 2.32068e-05 0)
(-0.000118296 7.79123e-06 0)
(-0.000118316 -7.64821e-06 0)
(-0.000116185 -2.30738e-05 0)
(-0.000111823 -3.84248e-05 0)
(-0.00010509 -5.35715e-05 0)
(-9.58127e-05 -6.82728e-05 0)
(-8.3836e-05 -8.21409e-05 0)
(-6.90974e-05 -9.46257e-05 0)
(-5.1712e-05 -0.000105032 0)
(-3.20614e-05 -0.00011259 0)
(-1.08683e-05 -0.000116405 0)
(-1.30997e-05 0.000140092 0)
(-3.84836e-05 0.000134973 0)
(-6.16314e-05 0.000125078 0)
(-8.16451e-05 0.000111774 0)
(-9.81731e-05 9.62073e-05 0)
(-0.000111247 7.9332e-05 0)
(-0.000121122 6.18375e-05 0)
(-0.000128136 4.41508e-05 0)
(-0.000132613 2.64809e-05 0)
(-0.0001348 8.88006e-06 0)
(-0.000134825 -8.69142e-06 0)
(-0.000132689 -2.63039e-05 0)
(-0.000128259 -4.39979e-05 0)
(-0.000121288 -6.17219e-05 0)
(-0.000111447 -7.92675e-05 0)
(-9.83908e-05 -9.6207e-05 0)
(-8.18601e-05 -0.000111848 0)
(-6.18171e-05 -0.000125227 0)
(-3.86114e-05 -0.000135186 0)
(-1.31455e-05 -0.000140344 0)
(-1.61804e-05 0.000169237 0)
(-4.72116e-05 0.000162038 0)
(-7.47808e-05 0.000148651 0)
(-9.78148e-05 0.000131262 0)
(-0.000116119 0.000111603 0)
(-0.000130033 9.0977e-05 0)
(-0.000140145 7.02191e-05 0)
(-0.000147084 4.97516e-05 0)
(-0.000151396 2.96884e-05 0)
(-0.000153468 9.94043e-06 0)
(-0.0001535 -9.69461e-06 0)
(-0.000151491 -2.94553e-05 0)
(-0.000147241 -4.95454e-05 0)
(-0.00014036 -7.00564e-05 0)
(-0.000130298 -9.08772e-05 0)
(-0.000116416 -0.000111587 0)
(-9.81174e-05 -0.000131348 0)
(-7.50507e-05 -0.000148848 0)
(-4.7403e-05 -0.000162337 0)
(-1.62505e-05 -0.000169602 0)
(-2.05699e-05 0.000205712 0)
(-5.93404e-05 0.000194995 0)
(-9.24072e-05 0.000176254 0)
(-0.000118694 0.000153054 0)
(-0.000138458 0.000127986 0)
(-0.000152631 0.00010277 0)
(-0.000162347 7.83235e-05 0)
(-0.000168667 5.49571e-05 0)
(-0.000172425 3.25859e-05 0)
(-0.000174183 1.08894e-05 0)
(-0.000174221 -1.05738e-05 0)
(-0.00017254 -3.22826e-05 0)
(-0.000168861 -5.46811e-05 0)
(-0.00016262 -7.80946e-05 0)
(-0.000152977 -0.000102615 0)
(-0.000138861 -0.000127936 0)
(-0.000119122 -0.000153144 0)
(-9.28062e-05 -0.00017651 0)
(-5.96365e-05 -0.000195415 0)
(-2.0682e-05 -0.000206251 0)
(-2.7226e-05 0.00025287 0)
(-7.69975e-05 0.000235671 0)
(-0.000116722 0.000208402 0)
(-0.000146083 0.000176778 0)
(-0.000166403 0.000144564 0)
(-0.000179696 0.000113831 0)
(-0.000187959 8.53714e-05 0)
(-0.000192822 5.91813e-05 0)
(-0.000195464 3.48157e-05 0)
(-0.000196628 1.16071e-05 0)
(-0.000196672 -1.12096e-05 0)
(-0.000195598 -3.44275e-05 0)
(-0.000193053 -5.88158e-05 0)
(-0.000188294 -8.50503e-05 0)
(-0.00018014 -0.000113588 0)
(-0.000166945 -0.000144447 0)
(-0.000146691 -0.000176846 0)
(-0.000117322 -0.000208716 0)
(-7.74742e-05 -0.000236258 0)
(-2.74164e-05 -0.000253692 0)
(-3.81718e-05 0.000316615 0)
(-0.000104212 0.00028634 0)
(-0.000151301 0.00024511 0)
(-0.000182532 0.000201227 0)
(-0.000201404 0.000159766 0)
(-0.000211823 0.000122684 0)
(-0.000216997 9.01848e-05 0)
(-0.000219222 6.1599e-05 0)
(-0.000219999 3.58966e-05 0)
(-0.000220208 1.19353e-05 0)
(-0.000220256 -1.14465e-05 0)
(-0.000220146 -3.54103e-05 0)
(-0.000219483 -6.11228e-05 0)
(-0.000217392 -8.97383e-05 0)
(-0.000212373 -0.000122306 0)
(-0.00020212 -0.000159522 0)
(-0.000183391 -0.000201217 0)
(-0.000152218 -0.000245457 0)
(-0.000105017 -0.000287145 0)
(-3.85208e-05 -0.000317913 0)
(-5.80015e-05 0.000407743 0)
(-0.000149008 0.000349142 0)
(-0.000201835 0.00028487 0)
(-0.000231427 0.000223597 0)
(-0.000244946 0.000170783 0)
(-0.000249277 0.000127051 0)
(-0.000249044 9.11275e-05 0)
(-0.00024711 6.11519e-05 0)
(-0.000245127 3.52458e-05 0)
(-0.000243971 1.16868e-05 0)
(-0.000244017 -1.11042e-05 0)
(-0.000245275 -3.46534e-05 0)
(-0.000247381 -6.05456e-05 0)
(-0.000249477 -9.0517e-05 0)
(-0.000249924 -0.000126472 0)
(-0.000245856 -0.000170317 0)
(-0.000232625 -0.00022339 0)
(-0.00020325 -0.000285153 0)
(-0.000150436 -0.000350186 0)
(-5.86948e-05 -0.000409979 0)
(-9.73966e-05 0.000552762 0)
(-0.000227745 0.000423672 0)
(-0.000276847 0.000322623 0)
(-0.00029662 0.000238235 0)
(-0.00029795 0.000173019 0)
(-0.000291479 0.000123716 0)
(-0.000282896 8.61632e-05 0)
(-0.000275104 5.66525e-05 0)
(-0.000269464 3.22537e-05 0)
(-0.000266558 1.06714e-05 0)
(-0.000266596 -1.00045e-05 0)
(-0.000269588 -3.15591e-05 0)
(-0.000275347 -5.59063e-05 0)
(-0.000283319 -8.53533e-05 0)
(-0.000292173 -0.000122858 0)
(-0.000299038 -0.000172186 0)
(-0.000298226 -0.000237612 0)
(-0.000279014 -0.000322559 0)
(-0.000230482 -0.000424703 0)
(-9.89903e-05 -0.000556049 0)
(-0.000187854 0.000722997 0)
(-0.000380113 0.0004917 0)
(-0.000387261 0.000343903 0)
(-0.000381031 0.000234441 0)
(-0.000359464 0.000159605 0)
(-0.000336132 0.00010874 0)
(-0.000316107 7.31808e-05 0)
(-0.000301019 4.70351e-05 0)
(-0.000291107 2.64348e-05 0)
(-0.000286228 8.74773e-06 0)
(-0.000286246 -8.01708e-06 0)
(-0.000291175 -2.56531e-05 0)
(-0.000301174 -4.61494e-05 0)
(-0.000316427 -7.21376e-05 0)
(-0.000336755 -0.000107496 0)
(-0.000360609 -0.000158163 0)
(-0.000382993 -0.000232933 0)
(-0.000390345 -0.00034288 0)
(-0.000384693 -0.000491544 0)
(-0.000190977 -0.000732758 0)
(-0.000341579 0.00145701 0)
(-0.000612255 0.000594863 0)
(-0.00053464 0.000348155 0)
(-0.000480083 0.000201106 0)
(-0.000422142 0.000122979 0)
(-0.00037604 7.82917e-05 0)
(-0.000342529 5.05307e-05 0)
(-0.000319641 3.16817e-05 0)
(-0.000305442 1.75786e-05 0)
(-0.000298618 5.82462e-06 0)
(-0.000298527 -5.20158e-06 0)
(-0.000305168 -1.69001e-05 0)
(-0.00031918 -3.0888e-05 0)
(-0.000341878 -4.95593e-05 0)
(-0.000375202 -7.71029e-05 0)
(-0.000421124 -0.000121655 0)
(-0.000478913 -0.000200002 0)
(-0.000532198 -0.000349487 0)
(-0.000612385 -0.000601101 0)
(-0.000324757 -0.0014685 0)
(0.00197513 0.00106064 0)
(0.00154377 0.000341246 0)
(0.00225036 0.000176592 0)
(0.0024308 8.91955e-05 0)
(0.00255628 4.95607e-05 0)
(0.00263099 2.96835e-05 0)
(0.00267744 1.84942e-05 0)
(0.00270657 1.13868e-05 0)
(0.00272386 6.28496e-06 0)
(0.00273206 2.13173e-06 0)
(0.00273233 -1.72668e-06 0)
(0.00272471 -5.83305e-06 0)
(0.00270807 -1.08303e-05 0)
(0.00267973 -1.77512e-05 0)
(0.00263425 -2.86309e-05 0)
(0.00256085 -4.80199e-05 0)
(0.00243546 -8.67801e-05 0)
(0.00226113 -0.000174164 0)
(0.001545 -0.00033548 0)
(0.0019867 -0.0010546 0)
)
;

boundaryField
{
    movingWall
    {
        type            fixedValue;
        value           uniform (1 0 0);
    }
    fixedWalls
    {
        type            noSlip;
    }
    frontAndBack
    {
        type            empty;
    }
}


// ************************************************************************* //
