/*--------------------------------*- C++ -*----------------------------------*\
| =========                 |                                                 |
| \\      /  F ield         | OpenFOAM: The Open Source CFD Toolbox           |
|  \\    /   O peration     | Version:  5.x                                   |
|   \\  /    A nd           | Web:      www.OpenFOAM.org                      |
|    \\/     M anipulation  |                                                 |
\*---------------------------------------------------------------------------*/
FoamFile
{
    version     2.0;
    format      ascii;
    class       volScalarField;
    location    "9.2";
    object      p;
}
// * * * * * * * * * * * * * * * * * * * * * * * * * * * * * * * * * * * * * //

dimensions      [0 2 -2 0 0 0 0];

internalField   nonuniform List<scalar> 
400
(
2.68387e-11
-0.000400082
-0.000747427
-0.000960512
-0.00108653
-0.00116918
-0.00122207
-0.00120911
-0.00117816
-0.00124486
-0.00125064
-0.00119335
-0.00122545
-0.0012049
-0.00118806
-0.00114698
-0.00102405
-0.000816703
-0.000603573
0.000283924
-0.000382628
-0.000674494
-0.000920079
-0.00108518
-0.00117277
-0.00123508
-0.00126429
-0.00122927
-0.00117818
-0.00123538
-0.00127292
-0.00118317
-0.00123108
-0.00122192
-0.00120703
-0.0011874
-0.00117355
-0.00112718
-0.00103848
-0.000435017
-0.000703358
-0.000921243
-0.00112859
-0.00123817
-0.00124771
-0.00124208
-0.00123733
-0.00121693
-0.00120926
-0.00121713
-0.00123614
-0.00120011
-0.00123148
-0.00120747
-0.00121066
-0.00119511
-0.00118632
-0.00116604
-0.00110792
-0.000833845
-0.00103388
-0.00121065
-0.00138174
-0.0014446
-0.00140267
-0.00134133
-0.00130222
-0.00126421
-0.00124365
-0.00122529
-0.00123821
-0.0012079
-0.00121458
-0.00120135
-0.00119899
-0.00118161
-0.00118523
-0.00116227
-0.0011909
-0.00106556
-0.00133257
-0.0014904
-0.00164532
-0.00166015
-0.00155738
-0.00142798
-0.00134986
-0.00128928
-0.00125655
-0.0012312
-0.00123385
-0.00120772
-0.00122184
-0.00120047
-0.00121651
-0.00119514
-0.00121524
-0.00119898
-0.00120601
-0.00112889
-0.00158136
-0.00172573
-0.00189542
-0.00186802
-0.00170803
-0.00151071
-0.00139599
-0.00131509
-0.00127473
-0.00123748
-0.0012323
-0.00120641
-0.00121073
-0.00118736
-0.00119625
-0.00117229
-0.00119187
-0.00115439
-0.00118872
-0.0011532
-0.00173681
-0.00187533
-0.00204843
-0.00198886
-0.00178411
-0.00153089
-0.00141337
-0.00132156
-0.00128086
-0.00123814
-0.00123406
-0.00120681
-0.00121612
-0.00119197
-0.00121099
-0.00118319
-0.00120983
-0.00118048
-0.00121552
-0.00116511
-0.00169691
-0.00186922
-0.00203072
-0.00198107
-0.00174168
-0.00152233
-0.0013933
-0.00130752
-0.00126724
-0.00122556
-0.00122007
-0.00119156
-0.00119983
-0.00117391
-0.00119023
-0.00116208
-0.00118994
-0.0011496
-0.00119335
-0.00116357
-0.00145683
-0.00166082
-0.00183345
-0.00182558
-0.0016144
-0.00144525
-0.00134294
-0.00127903
-0.0012465
-0.0012181
-0.00121241
-0.00119267
-0.00120026
-0.00117929
-0.00119909
-0.00116767
-0.00120375
-0.00116335
-0.00121989
-0.00116328
-0.00115263
-0.00135111
-0.00153917
-0.00156432
-0.00144182
-0.00133447
-0.0012728
-0.00123217
-0.00121123
-0.00118936
-0.00118702
-0.00116926
-0.00117744
-0.00115735
-0.00117674
-0.00115034
-0.00118241
-0.00113763
-0.00118648
-0.00114578
-0.000883523
-0.00107552
-0.00126198
-0.00130646
-0.00127471
-0.00123816
-0.00121018
-0.00119385
-0.00118692
-0.00117973
-0.00118038
-0.00117073
-0.00117969
-0.00116327
-0.00118194
-0.00114921
-0.00118939
-0.00113788
-0.00119839
-0.00114053
-0.000717182
-0.000920214
-0.00107768
-0.00113429
-0.00114446
-0.00114188
-0.00115256
-0.00115071
-0.00114746
-0.00114033
-0.00114443
-0.00113814
-0.00114437
-0.00113543
-0.00115333
-0.00113556
-0.00117745
-0.00112504
-0.00117476
-0.00111466
-0.000759981
-0.00093606
-0.00101538
-0.00105474
-0.00107789
-0.00111841
-0.00114622
-0.00115601
-0.00115264
-0.00115564
-0.00115366
-0.00115741
-0.00116498
-0.00115334
-0.00117495
-0.0011293
-0.00117103
-0.00112287
-0.00117843
-0.0010954
-0.000915353
-0.0010345
-0.00100005
-0.00104135
-0.00106626
-0.00108625
-0.00110752
-0.00111139
-0.00111315
-0.00111263
-0.00111627
-0.00112503
-0.00112444
-0.00111896
-0.00110769
-0.00113808
-0.00116221
-0.00106597
-0.00112746
-0.00109958
-0.000992732
-0.00106985
-0.00103609
-0.00103918
-0.00104673
-0.00105295
-0.00107056
-0.00108494
-0.00110313
-0.0011152
-0.00112225
-0.0011525
-0.00112129
-0.00117304
-0.00117192
-0.00116366
-0.00122579
-0.00115016
-0.00124678
-0.0011386
-0.00118076
-0.00111304
-0.00107181
-0.00106713
-0.00106818
-0.0010556
-0.00109284
-0.00108053
-0.00110317
-0.00109868
-0.00111111
-0.00111152
-0.00111622
-0.00115082
-0.00112395
-0.00111668
-0.00111753
-0.00112929
-0.00115894
-0.00110251
-0.000963064
-0.00109204
-0.00106481
-0.00104658
-0.00105729
-0.00105294
-0.00106983
-0.00106608
-0.00110232
-0.00108752
-0.00114069
-0.00111291
-0.00112181
-0.00115438
-0.00109564
-0.00119771
-0.0012307
-0.00112798
-0.00124077
-0.00102414
-0.000941726
-0.00108888
-0.00106835
-0.00105038
-0.00104684
-0.00105108
-0.00106214
-0.00107544
-0.00108793
-0.0010935
-0.00110823
-0.0010772
-0.00111666
-0.00110554
-0.00113094
-0.00121607
-0.00116295
-0.00102295
-0.000999037
-0.000842158
-0.000910799
-0.00104202
-0.00106897
-0.00106561
-0.0010476
-0.00103802
-0.00105644
-0.001071
-0.00107925
-0.00109231
-0.00113141
-0.00108328
-0.00115651
-0.00109999
-0.0011529
-0.00119231
-0.00111704
-0.00126216
-0.00100148
-0.000589655
-0.0010578
-0.00104562
-0.00100329
-0.00103529
-0.00103307
-0.00103745
-0.00104945
-0.00107372
-0.00107012
-0.001091
-0.00109078
-0.00108082
-0.00108072
-0.00105646
-0.00110352
-0.00112107
-0.00111772
-0.000894559
-0.000412564
0.000837246
)
;

boundaryField
{
    movingWall
    {
        type            zeroGradient;
    }
    fixedWalls
    {
        type            zeroGradient;
    }
    frontAndBack
    {
        type            empty;
    }
}


// ************************************************************************* //
