/*--------------------------------*- C++ -*----------------------------------*\
| =========                 |                                                 |
| \\      /  F ield         | OpenFOAM: The Open Source CFD Toolbox           |
|  \\    /   O peration     | Version:  5.x                                   |
|   \\  /    A nd           | Web:      www.OpenFOAM.org                      |
|    \\/     M anipulation  |                                                 |
\*---------------------------------------------------------------------------*/
FoamFile
{
    version     2.0;
    format      ascii;
    class       volVectorField;
    location    "9.2";
    object      U;
}
// * * * * * * * * * * * * * * * * * * * * * * * * * * * * * * * * * * * * * //

dimensions      [0 1 -1 0 0 0 0];

internalField   nonuniform List<vector> 
400
(
(-0.0122952 0.00801558 0)
(-0.0288297 0.00256855 0)
(-0.0351069 0.00186476 0)
(-0.039006 0.00228315 0)
(-0.0426143 0.0013062 0)
(-0.0446702 -0.000267537 0)
(-0.0469543 -0.00158947 0)
(-0.0469318 -0.00564786 0)
(-0.0411118 -0.000782789 0)
(-0.0511853 0.00135354 0)
(-0.0475093 -0.00554702 0)
(-0.0441275 -0.00110401 0)
(-0.0510833 -0.000151441 0)
(-0.0455536 -0.00327762 0)
(-0.049045 -0.00142789 0)
(-0.046451 -0.00257782 0)
(-0.0458194 -0.00274272 0)
(-0.0407223 -0.00566911 0)
(-0.039983 -0.00994711 0)
(-0.00275765 -0.0154734 0)
(-0.00667784 0.0272511 0)
(-0.018987 0.0193274 0)
(-0.0252414 0.0104462 0)
(-0.0259546 0.00514657 0)
(-0.0234844 0.00345489 0)
(-0.0219186 0.00339466 0)
(-0.0196081 0.00223421 0)
(-0.019584 0.00218298 0)
(-0.0190263 0.0034022 0)
(-0.0189607 0.00319681 0)
(-0.0186376 0.00235329 0)
(-0.0185386 0.00176962 0)
(-0.021243 0.00215245 0)
(-0.017109 0.000182379 0)
(-0.0222139 0.00190432 0)
(-0.0162794 -0.000617562 0)
(-0.022745 -0.00066913 0)
(-0.0161862 -0.0091236 0)
(-0.028309 -0.0200565 0)
(-0.00339452 -0.0384839 0)
(-0.00495541 0.0351795 0)
(-0.0158803 0.0248019 0)
(-0.0207867 0.0116287 0)
(-0.0227724 0.00224215 0)
(-0.0193811 -0.00276416 0)
(-0.0162853 -0.00383312 0)
(-0.0127515 -0.00414857 0)
(-0.0103603 -0.00358621 0)
(-0.00845335 -0.00282576 0)
(-0.00508554 -0.0011513 0)
(-0.00587204 -0.00150861 0)
(-0.00180337 -0.00190716 0)
(-0.00576857 -0.000355125 0)
(0.000706895 -0.00251689 0)
(-0.00676609 -0.000857254 0)
(0.00252306 -0.00332838 0)
(-0.0065417 -0.000469915 0)
(0.00289477 -0.000652741 0)
(-0.00754634 -0.00939803 0)
(0.000244843 -0.044129 0)
(-0.00363377 0.0445056 0)
(-0.0122569 0.0329035 0)
(-0.0168151 0.0179468 0)
(-0.0194866 0.00420334 0)
(-0.015753 -0.00438255 0)
(-0.0131165 -0.00504167 0)
(-0.0095551 -0.00447147 0)
(-0.00655391 -0.00327544 0)
(-0.00550304 -0.00161081 0)
(-0.00260886 -0.000588996 0)
(-0.00305442 9.01477e-05 0)
(-0.000300003 0.000270841 0)
(-0.00250045 0.000954737 0)
(0.000605941 0.000182108 0)
(-0.00293693 0.000701743 0)
(-0.000330383 -0.00111522 0)
(-0.0050109 -0.00112789 0)
(-0.00137364 -0.00898561 0)
(-0.00777307 -0.0188082 0)
(0.00205526 -0.0492244 0)
(-0.00185214 0.0500669 0)
(-0.0103173 0.0381197 0)
(-0.0132478 0.0207338 0)
(-0.0153665 0.00212174 0)
(-0.0120633 -0.00927085 0)
(-0.0105334 -0.0105164 0)
(-0.00788105 -0.00922783 0)
(-0.00575023 -0.00730158 0)
(-0.00512123 -0.00540174 0)
(-0.00260997 -0.00417906 0)
(-0.00328384 -0.00273377 0)
(7.64948e-05 -0.00289934 0)
(-0.00218162 -0.000974572 0)
(0.00215029 -0.00255215 0)
(-0.00119188 0.000228078 0)
(0.00359568 -0.0025013 0)
(-0.000726055 0.00116467 0)
(0.00367803 -0.000714019 0)
(-0.00242913 -0.00923204 0)
(0.00207538 -0.048823 0)
(-0.000924057 0.0554299 0)
(-0.00698858 0.0439499 0)
(-0.00771668 0.0245051 0)
(-0.00886411 0.00312553 0)
(-0.00714301 -0.00991334 0)
(-0.00539942 -0.0114855 0)
(-0.00393152 -0.00951957 0)
(-0.0016924 -0.00698877 0)
(-0.00199838 -0.00480631 0)
(0.000368929 -0.00338249 0)
(-0.00139869 -0.00203302 0)
(0.00132918 -0.00142906 0)
(-0.00143868 -0.000610276 0)
(0.00182475 -0.000708944 0)
(-0.00199652 3.15642e-05 0)
(0.00245668 -0.00151864 0)
(-0.00343162 -0.000332 0)
(0.003536 -0.00634819 0)
(-0.0038942 -0.0164242 0)
(0.00365854 -0.051094 0)
(-0.000849638 0.058612 0)
(-0.00215397 0.045202 0)
(-0.00256767 0.0251749 0)
(-0.00116489 0.00187111 0)
(-0.000351955 -0.011704 0)
(0.000271327 -0.0137432 0)
(0.00013961 -0.0117892 0)
(0.00101514 -0.00902021 0)
(-4.45393e-05 -0.00669551 0)
(0.00158154 -0.0051092 0)
(-0.000281795 -0.00359073 0)
(0.00244804 -0.00330217 0)
(-0.000506929 -0.00169026 0)
(0.00329909 -0.00262548 0)
(-0.000888643 -0.000407937 0)
(0.00370825 -0.00209092 0)
(-0.00171033 9.01251e-05 0)
(0.00344603 -0.00190159 0)
(-0.00358068 -0.0111277 0)
(0.0027052 -0.0500934 0)
(0.00237036 0.0602218 0)
(0.00575348 0.0468038 0)
(0.00464306 0.0263257 0)
(0.0088081 0.00114073 0)
(0.00772218 -0.0114896 0)
(0.00612351 -0.0127332 0)
(0.00357674 -0.00998754 0)
(0.00325679 -0.00695064 0)
(0.0011247 -0.00481326 0)
(0.00259569 -0.00309844 0)
(-0.000147913 -0.00199879 0)
(0.00264898 -0.00122703 0)
(-0.00112539 -0.000467093 0)
(0.00303165 -0.000466084 0)
(-0.00203589 0.0004616 0)
(0.00386799 -0.000785509 0)
(-0.0031075 0.000829765 0)
(0.00431722 -0.00360428 0)
(-0.00360502 -0.0131868 0)
(0.00455436 -0.0516384 0)
(0.00784697 0.0501125 0)
(0.0091928 0.0439192 0)
(0.0120548 0.0238954 0)
(0.0164964 -5.60117e-05 0)
(0.0139928 -0.00932905 0)
(0.0114468 -0.0101168 0)
(0.0086316 -0.00843008 0)
(0.0072526 -0.00726296 0)
(0.00450018 -0.00586357 0)
(0.0048393 -0.00497324 0)
(0.00194144 -0.00358269 0)
(0.00420533 -0.003413 0)
(0.000474093 -0.00198271 0)
(0.00437031 -0.00274833 0)
(-0.00105117 -0.000858099 0)
(0.00433146 -0.00210724 0)
(-0.00260141 -0.000174969 0)
(0.00429925 -0.00300714 0)
(-0.0048142 -0.0131211 0)
(0.00374103 -0.0511912 0)
(0.00800076 0.0411601 0)
(0.0116842 0.0426538 0)
(0.0200581 0.0208299 0)
(0.0232619 0.000663791 0)
(0.0181608 -0.00793775 0)
(0.0119462 -0.00821368 0)
(0.00712735 -0.00529532 0)
(0.00613799 -0.00275818 0)
(0.00346428 -0.00124262 0)
(0.00462813 -0.000534261 0)
(0.00122678 -0.000149679 0)
(0.00393364 0.00010881 0)
(-0.000836328 0.000537309 0)
(0.00425937 0.000768059 0)
(-0.0026095 0.00155345 0)
(0.00588223 0.000406837 0)
(-0.00281951 0.00199127 0)
(0.00578551 -0.00103888 0)
(-0.0039033 -0.00985827 0)
(0.00574527 -0.0511874 0)
(0.00546239 0.0283766 0)
(0.0139536 0.0304582 0)
(0.0234225 0.0143641 0)
(0.0239447 0.00267895 0)
(0.0202614 0.000442029 0)
(0.0169171 -0.00105048 0)
(0.0124955 -0.00273254 0)
(0.00956981 -0.00471126 0)
(0.00563622 -0.00433451 0)
(0.00570861 -0.00399808 0)
(0.00219452 -0.00275453 0)
(0.00518777 -0.00250828 0)
(0.000455534 -0.00207466 0)
(0.00556232 -0.0020073 0)
(-0.0010229 -0.00204368 0)
(0.0048102 -0.0031554 0)
(-0.00397935 0.000392725 0)
(0.00577773 -0.00350948 0)
(-0.00621885 -0.0143284 0)
(0.00489931 -0.0516963 0)
(0.00780281 0.0205032 0)
(0.0197862 0.0234522 0)
(0.0237748 0.0125073 0)
(0.0202333 0.00327044 0)
(0.0161784 -0.00145758 0)
(0.0146869 -1.92159e-05 0)
(0.0128834 0.0022448 0)
(0.0118374 0.00413773 0)
(0.00759197 0.0035044 0)
(0.00703362 0.00295193 0)
(0.00323678 0.00143498 0)
(0.00422259 0.00162559 0)
(0.000468358 0.00133721 0)
(0.00250884 0.0016764 0)
(-0.00353714 0.00357062 0)
(0.0057359 0.00284897 0)
(-0.00614234 0.00213767 0)
(0.00736526 0.00110306 0)
(-0.00538967 -0.00665303 0)
(0.0067107 -0.0506697 0)
(0.00393295 -0.0034064 0)
(0.0193731 0.0152626 0)
(0.0222256 0.01356 0)
(0.0206926 0.00978549 0)
(0.0125455 0.00569198 0)
(0.00601596 0.000711973 0)
(0.00309837 0.000516719 0)
(0.00160495 -0.000592243 0)
(0.00158263 0.00039963 0)
(0.00202191 -0.000892188 0)
(0.000944256 0.000138803 0)
(0.00362998 -0.000740422 0)
(-0.00244504 -0.000342718 0)
(0.0079408 0.00106817 0)
(-0.00421989 -0.00536011 0)
(0.00821697 -0.00107471 0)
(-0.00584613 -0.00104122 0)
(0.0104159 -0.00561116 0)
(-0.00654158 -0.014634 0)
(0.00631401 -0.0514681 0)
(-0.000731294 -0.00452841 0)
(0.0102401 0.00823269 0)
(0.00990632 0.0115514 0)
(0.0141858 0.0130139 0)
(0.0158486 0.0117609 0)
(0.0156103 0.0104424 0)
(0.0134719 0.00737323 0)
(0.0149729 0.00668651 0)
(0.00996566 0.00362095 0)
(0.0129194 0.00464394 0)
(0.00577755 0.000106585 0)
(0.0108742 0.00561993 0)
(0.00321433 -0.00185578 0)
(0.00543074 0.00355953 0)
(0.000851641 0.00487208 0)
(-0.00673705 0.00355853 0)
(-0.0103564 0.00120208 0)
(0.00483427 0.00147024 0)
(-0.00680577 0.00067902 0)
(0.00808942 -0.0506056 0)
(-0.00334539 -0.0119611 0)
(0.0121244 0.00933839 0)
(0.00289839 0.00601763 0)
(0.00674658 0.00662481 0)
(0.00221405 0.00548844 0)
(0.00604141 0.00268799 0)
(0.00165601 0.00220668 0)
(0.00220359 0.00183078 0)
(0.000366839 0.0022495 0)
(-0.00217032 0.00194833 0)
(5.20793e-05 0.00178204 0)
(-0.00699433 0.000878381 0)
(0.000183158 0.00439899 0)
(-0.00863594 0.00261283 0)
(-0.00280018 0.00466154 0)
(0.00285744 0.00868754 0)
(0.00126517 -0.01185 0)
(-6.22137e-05 -0.0122976 0)
(-0.0096643 -0.0203632 0)
(0.00694866 -0.0535976 0)
(-0.00291093 -0.0182339 0)
(0.00356436 0.00242153 0)
(-0.00020488 0.0155652 0)
(0.00668893 0.0125366 0)
(0.00706797 0.011354 0)
(0.00800102 0.00965221 0)
(0.00780846 0.0101351 0)
(0.0099821 0.0074679 0)
(0.00628649 0.00805725 0)
(0.0123482 0.00600023 0)
(0.0046913 0.00490073 0)
(0.0140149 0.00809806 0)
(0.00121407 -0.00129452 0)
(0.0160256 0.00914543 0)
(-0.000433362 -0.0055685 0)
(0.0124809 0.000406405 0)
(0.00380576 0.00731386 0)
(0.00737776 0.012031 0)
(-0.00610379 -0.000443506 0)
(0.00959107 -0.0503234 0)
(-3.63306e-05 -0.00687902 0)
(-0.0141074 0.00792917 0)
(-0.00731776 0.00375566 0)
(-0.00692812 0.000835635 0)
(-0.00582355 0.00654976 0)
(-0.00376939 0.000789818 0)
(-0.00502783 0.00338495 0)
(-5.55172e-05 0.00257412 0)
(-0.00647367 0.00121793 0)
(0.00356138 0.00228847 0)
(-0.00747948 4.88611e-05 0)
(0.00481652 0.00305732 0)
(-0.00336148 0.00083655 0)
(-0.000522098 0.00448605 0)
(0.000966713 0.00713559 0)
(-0.00449857 0.00296042 0)
(-0.00774839 -0.0076064 0)
(0.0146634 -0.00380482 0)
(-0.00603668 -0.0263321 0)
(0.00842551 -0.0538592 0)
(-0.00468262 -0.00960931 0)
(0.00238166 0.0111165 0)
(0.00918351 0.00623447 0)
(0.00321331 0.00950398 0)
(0.00841008 0.00889742 0)
(0.00691819 0.00783913 0)
(0.00944172 0.00646752 0)
(0.00906187 0.00713414 0)
(0.0116576 0.00591007 0)
(0.00996326 0.00556788 0)
(0.012637 0.00566272 0)
(0.00998621 0.00466811 0)
(0.011472 0.00409917 0)
(0.0129949 0.00690872 0)
(0.00734094 -0.0029619 0)
(0.0181458 0.0101242 0)
(0.00514911 -0.00871953 0)
(0.0133162 0.00937283 0)
(-0.00312502 0.0126919 0)
(0.0139735 -0.0459465 0)
(-0.0195087 -0.00274437 0)
(-0.011815 -0.00315132 0)
(-0.0212383 0.00196603 0)
(-0.0126577 0.000759872 0)
(-0.0176033 0.00254842 0)
(-0.00892562 -0.000132433 0)
(-0.0164253 0.00160308 0)
(-0.00635979 0.000800559 0)
(-0.014515 0.000588106 0)
(-0.00411163 0.000527032 0)
(-0.014581 0.000700247 0)
(0.00101335 0.00105253 0)
(-0.0146473 -0.000926168 0)
(0.00469013 0.00661181 0)
(-0.00895267 6.36677e-05 0)
(-0.000799418 0.00678754 0)
(0.00355089 -0.00315987 0)
(-0.0141665 -0.001222 0)
(0.0187744 -0.0291773 0)
(0.0133613 -0.0520398 0)
(-7.90852e-05 0.0171365 0)
(0.0158012 0.0146742 0)
(0.0135137 0.00761322 0)
(0.0219204 0.00719932 0)
(0.023587 0.00582941 0)
(0.0281473 0.00493539 0)
(0.0290348 0.00509366 0)
(0.0351503 0.0047554 0)
(0.0347787 0.00409786 0)
(0.0381637 0.00431431 0)
(0.0418202 0.00384916 0)
(0.0404118 0.002738 0)
(0.046355 0.00386493 0)
(0.0448393 0.000844063 0)
(0.0489796 0.0030063 0)
(0.0502659 -0.000131405 0)
(0.0512562 0.00180211 0)
(0.0517231 -0.000159259 0)
(0.0443414 -0.00543573 0)
(0.0251984 -0.000693934 0)
)
;

boundaryField
{
    movingWall
    {
        type            fixedValue;
        value           uniform (1 0 0);
    }
    fixedWalls
    {
        type            noSlip;
    }
    frontAndBack
    {
        type            empty;
    }
}


// ************************************************************************* //
