/*--------------------------------*- C++ -*----------------------------------*\
| =========                 |                                                 |
| \\      /  F ield         | OpenFOAM: The Open Source CFD Toolbox           |
|  \\    /   O peration     | Version:  5.x                                   |
|   \\  /    A nd           | Web:      www.OpenFOAM.org                      |
|    \\/     M anipulation  |                                                 |
\*---------------------------------------------------------------------------*/
FoamFile
{
    version     2.0;
    format      ascii;
    class       volScalarField;
    location    "0.8";
    object      p;
}
// * * * * * * * * * * * * * * * * * * * * * * * * * * * * * * * * * * * * * //

dimensions      [0 2 -2 0 0 0 0];

internalField   nonuniform List<scalar> 
400
(
-4.83917e-12
3.63421e-07
1.09443e-06
2.17673e-06
3.58792e-06
5.29836e-06
7.27164e-06
9.4651e-06
1.18304e-05
1.43139e-05
1.68581e-05
1.94017e-05
2.18812e-05
2.42327e-05
2.63926e-05
2.83003e-05
2.99001e-05
3.11435e-05
3.19919e-05
3.24164e-05
-3.68448e-07
2.46774e-09
7.48628e-07
1.85346e-06
3.29422e-06
5.04081e-06
7.05629e-06
9.29737e-06
1.17149e-05
1.42547e-05
1.68581e-05
1.94625e-05
2.20035e-05
2.44152e-05
2.66325e-05
2.85927e-05
3.02379e-05
3.15176e-05
3.23912e-05
3.28286e-05
-1.12671e-06
-7.40365e-07
3.69898e-08
1.18818e-06
2.68974e-06
4.51061e-06
6.61274e-06
8.95156e-06
1.14765e-05
1.41316e-05
1.68564e-05
1.95861e-05
2.22534e-05
2.47894e-05
2.71252e-05
2.91939e-05
3.09334e-05
3.22886e-05
3.32149e-05
3.36791e-05
-2.28956e-06
-1.87965e-06
-1.05466e-06
1.67308e-07
1.76164e-06
3.69583e-06
5.93013e-06
8.41803e-06
1.11068e-05
1.39381e-05
1.68485e-05
1.97702e-05
2.26317e-05
2.53593e-05
2.78785e-05
3.0116e-05
3.20027e-05
3.34762e-05
3.44854e-05
3.49918e-05
-3.88272e-06
-3.44074e-06
-2.55088e-06
-1.23259e-06
4.87926e-07
2.57617e-06
4.99008e-06
7.68058e-06
1.05921e-05
1.36632e-05
1.6827e-05
2.00114e-05
2.31397e-05
2.61318e-05
2.89057e-05
3.13792e-05
3.34728e-05
3.51137e-05
3.6241e-05
3.68077e-05
-5.94116e-06
-5.45806e-06
-4.48502e-06
-3.04331e-06
-1.16124e-06
1.12408e-06
3.76761e-06
6.71706e-06
9.91346e-06
1.32916e-05
1.67806e-05
2.03037e-05
2.37776e-05
2.71149e-05
3.02237e-05
3.301e-05
3.53806e-05
3.72477e-05
3.85357e-05
3.91848e-05
-8.51007e-06
-7.97606e-06
-6.90007e-06
-5.30577e-06
-3.2242e-06
-6.95853e-07
2.23053e-06
5.49875e-06
9.04586e-06
1.28026e-05
1.66935e-05
2.06373e-05
2.45436e-05
2.83161e-05
3.18516e-05
3.50411e-05
3.77732e-05
3.9939e-05
4.14416e-05
4.22021e-05
-1.16459e-05
-1.10502e-05
-9.84959e-06
-8.07084e-06
-5.74851e-06
-2.92744e-06
3.38973e-07
3.98985e-06
7.95773e-06
1.2169e-05
1.6544e-05
2.09971e-05
2.54311e-05
2.97404e-05
3.3809e-05
3.751e-05
4.07079e-05
4.32653e-05
4.50538e-05
4.59646e-05
-1.54178e-05
-1.47485e-05
-1.3399e-05
-1.14004e-05
-8.79173e-06
-5.6235e-06
-1.95504e-06
2.14706e-06
6.61028e-06
1.13567e-05
1.63027e-05
2.13601e-05
2.64262e-05
3.13868e-05
3.61127e-05
4.04561e-05
4.4252e-05
4.73233e-05
4.94952e-05
5.06126e-05
-1.991e-05
-1.91531e-05
-1.76274e-05
-1.53688e-05
-1.24224e-05
-8.84643e-06
-4.70789e-06
-8.05507e-08
4.95723e-06
1.03234e-05
1.59315e-05
2.16933e-05
2.75034e-05
3.3243e-05
3.87704e-05
4.39163e-05
4.84797e-05
5.22303e-05
5.4924e-05
5.63347e-05
-2.52244e-05
-2.43635e-05
-2.26301e-05
-2.00648e-05
-1.67216e-05
-1.26687e-05
-7.98419e-06
-2.75113e-06
2.94519e-06
9.01879e-06
1.53822e-05
2.19505e-05
2.86212e-05
3.52773e-05
4.1772e-05
4.79155e-05
5.3466e-05
5.81253e-05
6.15429e-05
6.33905e-05
-3.14862e-05
-3.04999e-05
-2.85229e-05
-2.55949e-05
-2.17841e-05
-1.71732e-05
-1.18558e-05
-5.92818e-06
5.15463e-07
7.38576e-06
1.45969e-05
2.20699e-05
2.97162e-05
3.7431e-05
4.50746e-05
5.24495e-05
5.92725e-05
6.51643e-05
6.96075e-05
7.21483e-05
-3.88442e-05
-3.77084e-05
-3.54485e-05
-3.20878e-05
-2.77214e-05
-2.24527e-05
-1.63987e-05
-9.67612e-06
-2.39173e-06
5.36275e-06
1.35104e-05
2.19717e-05
3.06965e-05
3.96051e-05
4.8585e-05
5.74562e-05
6.59176e-05
7.35056e-05
7.94287e-05
8.31513e-05
-4.75416e-05
-4.61821e-05
-4.35929e-05
-3.97027e-05
-3.46645e-05
-2.8607e-05
-2.16878e-05
-1.4054e-05
-5.83018e-06
2.8877e-06
1.20325e-05
2.15563e-05
3.14369e-05
4.16465e-05
5.21329e-05
6.27771e-05
7.33139e-05
8.32692e-05
9.13486e-05
9.72302e-05
-5.7469e-05
-5.60911e-05
-5.31835e-05
-4.86396e-05
-4.27667e-05
-3.57414e-05
-2.77917e-05
-1.91072e-05
-9.83628e-06
-7.97613e-08
1.01088e-05
2.07187e-05
3.17795e-05
4.33354e-05
5.54354e-05
6.80931e-05
8.1179e-05
9.44506e-05
0.000105672
0.000115678
-7.09574e-05
-6.80217e-05
-6.47182e-05
-5.9177e-05
-5.22114e-05
-4.396e-05
-3.47571e-05
-2.48483e-05
-1.4411e-05
-3.55066e-06
7.69506e-06
1.9359e-05
3.15479e-05
4.43919e-05
5.80794e-05
7.28456e-05
8.88594e-05
0.000106711
0.000122126
0.000140512
-8.09522e-05
-8.14073e-05
-7.81771e-05
-7.16454e-05
-6.32285e-05
-5.3367e-05
-4.25997e-05
-3.12426e-05
-1.95037e-05
-7.4898e-06
4.78185e-06
1.73758e-05
3.05364e-05
4.4412e-05
5.93214e-05
7.57717e-05
9.39871e-05
0.000117764
0.000135971
0.00017363
-0.000108998
-9.68636e-05
-9.61239e-05
-8.62553e-05
-7.58276e-05
-6.38499e-05
-5.11402e-05
-3.80845e-05
-2.49193e-05
-1.17204e-05
1.56217e-06
1.50946e-05
2.91275e-05
4.40534e-05
6.06166e-05
8.03244e-05
0.000103037
0.000136918
0.000163788
0.000221772
-0.000118373
-0.000136268
-0.000120728
-0.000109735
-9.41527e-05
-7.77004e-05
-6.15982e-05
-4.60638e-05
-3.10892e-05
-1.66019e-05
-2.49088e-06
1.13926e-05
2.50218e-05
3.88496e-05
5.24702e-05
6.84517e-05
7.76852e-05
0.00012161
0.000114295
0.000244498
-0.000211798
-0.00013505
-0.000131423
-0.000118967
-0.000101078
-8.34783e-05
-6.65251e-05
-5.00927e-05
-3.43449e-05
-1.92673e-05
-4.74544e-06
9.47244e-06
2.33612e-05
3.83231e-05
5.29117e-05
7.57989e-05
9.7644e-05
0.000164298
0.000246256
0.000476932
)
;

boundaryField
{
    movingWall
    {
        type            zeroGradient;
    }
    fixedWalls
    {
        type            zeroGradient;
    }
    frontAndBack
    {
        type            empty;
    }
}


// ************************************************************************* //
