/*--------------------------------*- C++ -*----------------------------------*\
| =========                 |                                                 |
| \\      /  F ield         | OpenFOAM: The Open Source CFD Toolbox           |
|  \\    /   O peration     | Version:  5.x                                   |
|   \\  /    A nd           | Web:      www.OpenFOAM.org                      |
|    \\/     M anipulation  |                                                 |
\*---------------------------------------------------------------------------*/
FoamFile
{
    version     2.0;
    format      ascii;
    class       volVectorField;
    location    "0.8";
    object      U;
}
// * * * * * * * * * * * * * * * * * * * * * * * * * * * * * * * * * * * * * //

dimensions      [0 1 -1 0 0 0 0];

internalField   nonuniform List<vector> 
400
(
(-3.16645e-05 3.15243e-05 0)
(-9.46765e-05 3.11426e-05 0)
(-0.000155787 2.96091e-05 0)
(-0.000213052 2.73616e-05 0)
(-0.00026514 2.44652e-05 0)
(-0.000310822 2.09974e-05 0)
(-0.00034904 1.70436e-05 0)
(-0.000378911 1.26937e-05 0)
(-0.000399736 8.03964e-06 0)
(-0.000411003 3.1752e-06 0)
(-0.000412383 -1.80382e-06 0)
(-0.000403748 -6.79632e-06 0)
(-0.000385178 -1.16958e-05 0)
(-0.000356969 -1.63883e-05 0)
(-0.000319654 -2.0752e-05 0)
(-0.000274015 -2.46594e-05 0)
(-0.000221095 -2.79826e-05 0)
(-0.00016219 -3.05999e-05 0)
(-9.87855e-05 -3.24046e-05 0)
(-3.30759e-05 -3.2917e-05 0)
(-3.28348e-05 9.58359e-05 0)
(-9.81688e-05 9.46676e-05 0)
(-0.000161514 8.99961e-05 0)
(-0.000220852 8.31527e-05 0)
(-0.000274803 7.43398e-05 0)
(-0.000322104 6.37958e-05 0)
(-0.000361669 5.17821e-05 0)
(-0.000392601 3.85721e-05 0)
(-0.000414187 2.44441e-05 0)
(-0.000425905 9.67989e-06 0)
(-0.000427417 -5.4328e-06 0)
(-0.000418585 -2.05922e-05 0)
(-0.000399476 -3.54785e-05 0)
(-0.000370376 -4.97478e-05 0)
(-0.000331813 -6.30309e-05 0)
(-0.000284573 -7.49391e-05 0)
(-0.000229716 -8.50783e-05 0)
(-0.000168579 -9.3073e-05 0)
(-0.000102707 -9.85905e-05 0)
(-3.43941e-05 -0.000100167 0)
(-3.44204e-05 0.000162935 0)
(-0.000102899 0.000160927 0)
(-0.000169261 0.000152954 0)
(-0.000231378 0.000141286 0)
(-0.000287813 0.00012628 0)
(-0.000337259 0.000108351 0)
(-0.00037861 8.79497e-05 0)
(-0.000410956 6.55403e-05 0)
(-0.000433582 4.15909e-05 0)
(-0.00044596 1.65701e-05 0)
(-0.000447738 -9.04629e-06 0)
(-0.000438757 -3.47617e-05 0)
(-0.000419057 -6.00457e-05 0)
(-0.000388888 -8.43234e-05 0)
(-0.000348746 -0.000106971 0)
(-0.000299401 -0.000127321 0)
(-0.000241918 -0.000144691 0)
(-0.00017768 -0.000158417 0)
(-0.000108315 -0.000167908 0)
(-3.62831e-05 -0.00017065 0)
(-3.68626e-05 0.00023399 0)
(-0.000110179 0.000231064 0)
(-0.000181172 0.000219541 0)
(-0.00024754 0.000202708 0)
(-0.000307755 0.000181106 0)
(-0.000360454 0.000155352 0)
(-0.000404501 0.000126105 0)
(-0.000438981 9.40348e-05 0)
(-0.000463179 5.97996e-05 0)
(-0.000476563 2.40495e-05 0)
(-0.00047877 -1.25634e-05 0)
(-0.000469603 -4.93613e-05 0)
(-0.000449055 -8.56127e-05 0)
(-0.000417317 -0.000120516 0)
(-0.000374824 -0.000153182 0)
(-0.000322303 -0.000182646 0)
(-0.00026082 -0.00020789 0)
(-0.000191815 -0.000227913 0)
(-0.000117044 -0.000241801 0)
(-3.92259e-05 -0.000245876 0)
(-4.02448e-05 0.000310841 0)
(-0.000120254 0.000306867 0)
(-0.000197624 0.00029141 0)
(-0.000269813 0.000268893 0)
(-0.00033517 0.000240086 0)
(-0.00039226 0.000205853 0)
(-0.000439927 0.000167097 0)
(-0.000477262 0.000124705 0)
(-0.000503568 7.953e-05 0)
(-0.000518323 3.23919e-05 0)
(-0.000521149 -1.5902e-05 0)
(-0.000511807 -6.45181e-05 0)
(-0.000490212 -0.000112544 0)
(-0.000456458 -0.000158961 0)
(-0.000410876 -0.000202611 0)
(-0.000354108 -0.000242192 0)
(-0.000287186 -0.000276296 0)
(-0.000211608 -0.000303494 0)
(-0.000129304 -0.000322447 0)
(-4.33661e-05 -0.000328133 0)
(-4.4688e-05 0.000395467 0)
(-0.000133471 0.000390246 0)
(-0.000219155 0.000370299 0)
(-0.000298864 0.000341357 0)
(-0.000370795 0.000304496 0)
(-0.000433442 0.000260895 0)
(-0.00048565 0.000211744 0)
(-0.000526549 0.000158175 0)
(-0.000555492 0.000101235 0)
(-0.000571996 4.18906e-05 0)
(-0.00057568 -1.89288e-05 0)
(-0.000566245 -8.02805e-05 0)
(-0.000543498 -0.000141108 0)
(-0.000507384 -0.000200202 0)
(-0.000458055 -0.000256132 0)
(-0.000395989 -0.000307224 0)
(-0.000322123 -0.000351592 0)
(-0.000237989 -0.000387248 0)
(-0.000145718 -0.000412264 0)
(-4.89225e-05 -0.000419995 0)
(-5.03683e-05 0.000490138 0)
(-0.000150334 0.000483364 0)
(-0.000246524 0.000458134 0)
(-0.000335617 0.000421732 0)
(-0.000415632 0.000375661 0)
(-0.000485012 0.000321516 0)
(-0.000542647 0.000260842 0)
(-0.000587772 0.000195046 0)
(-0.000619853 0.000125361 0)
(-0.000638487 5.28686e-05 0)
(-0.000643321 -2.14408e-05 0)
(-0.000633986 -9.65885e-05 0)
(-0.000610133 -0.000171442 0)
(-0.000571482 -0.000244652 0)
(-0.000517899 -0.000314534 0)
(-0.000449569 -0.000379004 0)
(-0.000367211 -0.000435588 0)
(-0.000272312 -0.000481547 0)
(-0.000167214 -0.000514106 0)
(-5.62268e-05 -0.000524572 0)
(-5.75421e-05 0.000597538 0)
(-0.000171566 0.000588735 0)
(-0.000280799 0.000557083 0)
(-0.000381337 0.000511779 0)
(-0.000471012 0.000454937 0)
(-0.000548262 0.000388719 0)
(-0.000612121 0.000315119 0)
(-0.000662031 0.000235852 0)
(-0.000697671 0.000152325 0)
(-0.000718798 6.56721e-05 0)
(-0.000725138 -2.31419e-05 0)
(-0.000716247 -0.000113219 0)
(-0.000691563 -0.000203471 0)
(-0.000650477 -0.000292501 0)
(-0.000592407 -0.000378425 0)
(-0.000517045 -0.000458727 0)
(-0.000424669 -0.000530216 0)
(-0.00031655 -0.000589132 0)
(-0.000195186 -0.000631446 0)
(-6.5788e-05 -0.000645766 0)
(-6.65914e-05 0.000720956 0)
(-0.00019822 0.000709354 0)
(-0.000323493 0.000669623 0)
(-0.000437763 0.000613386 0)
(-0.000538693 0.000543663 0)
(-0.000624832 0.000463394 0)
(-0.000695515 0.000375147 0)
(-0.000750568 0.000280988 0)
(-0.000790034 0.000182457 0)
(-0.000813955 8.06542e-05 0)
(-0.000822213 -2.36202e-05 0)
(-0.000814316 -0.000129718 0)
(-0.000789416 -0.000236787 0)
(-0.000746437 -0.000343558 0)
(-0.000684126 -0.000448062 0)
(-0.000601363 -0.000547381 0)
(-0.000497619 -0.000637469 0)
(-0.000373598 -0.000713189 0)
(-0.000231774 -0.000768626 0)
(-7.84159e-05 -0.000788706 0)
(-7.81068e-05 0.000864575 0)
(-0.00023187 0.000848882 0)
(-0.000376778 0.000798616 0)
(-0.000507297 0.000728552 0)
(-0.000621006 0.000643071 0)
(-0.000716781 0.00054619 0)
(-0.000794529 0.000441213 0)
(-0.000854723 0.000330586 0)
(-0.000898007 0.00021592 0)
(-0.000924878 9.81349e-05 0)
(-0.000935511 -2.23299e-05 0)
(-0.000929415 -0.000145315 0)
(-0.000905404 -0.000270487 0)
(-0.000861754 -0.00039701 0)
(-0.000796233 -0.000523077 0)
(-0.000706454 -0.000645481 0)
(-0.000590481 -0.000759241 0)
(-0.000447781 -0.000857414 0)
(-0.000280376 -0.0009312 0)
(-9.54652e-05 -0.000960467 0)
(-9.30466e-05 0.00103397 0)
(-0.000274944 0.0010119 0)
(-0.000443831 0.000947392 0)
(-0.000593308 0.000859307 0)
(-0.000721058 0.000754111 0)
(-0.000826693 0.000637298 0)
(-0.000911123 0.000513086 0)
(-0.000975864 0.000384318 0)
(-0.00102249 0.000252563 0)
(-0.00105221 0.00011833 0)
(-0.00106567 -1.85888e-05 0)
(-0.00106248 -0.000158842 0)
(-0.00104111 -0.000302993 0)
(-0.00099903 -0.000451095 0)
(-0.0009326 -0.000602006 0)
(-0.000837529 -0.000752587 0)
(-0.000709557 -0.000896953 0)
(-0.00054566 -0.00102597 0)
(-0.000346599 -0.00112635 0)
(-0.000119352 -0.00117136 0)
(-0.000113068 0.00123685 0)
(-0.000331336 0.00120422 0)
(-0.000529373 0.00111981 0)
(-0.00070058 0.00100753 0)
(-0.000843019 0.000877147 0)
(-0.000957811 0.000736075 0)
(-0.00104751 0.000589678 0)
(-0.00111525 0.000441148 0)
(-0.001164 0.000291744 0)
(-0.00119603 0.000141243 0)
(-0.00121269 -1.15862e-05 0)
(-0.00121382 -0.000168638 0)
(-0.00119766 -0.000331836 0)
(-0.00116077 -0.000502747 0)
(-0.00109773 -0.000681663 0)
(-0.0010014 -0.000866426 0)
(-0.000863868 -0.00105077 0)
(-0.000677324 -0.00122318 0)
(-0.000440109 -0.00136328 0)
(-0.000154688 -0.00143731 0)
(-0.000141108 0.00148562 0)
(-0.000407405 0.00143345 0)
(-0.0006405 0.00132031 0)
(-0.000835979 0.00117459 0)
(-0.000992521 0.00101138 0)
(-0.00111417 0.000840533 0)
(-0.00120606 0.000668713 0)
(-0.0012738 0.000499075 0)
(-0.0013224 0.000332134 0)
(-0.00135554 0.000166502 0)
(-0.00137555 -5.89027e-07 0)
(-0.00138273 -0.000172483 0)
(-0.00137523 -0.000353365 0)
(-0.00134886 -0.00054706 0)
(-0.00129629 -0.000756366 0)
(-0.00120664 -0.000981581 0)
(-0.00106631 -0.0012179 0)
(-0.000858407 -0.00145262 0)
(-0.000578282 -0.00165326 0)
(-0.000210838 -0.00178446 0)
(-0.000183803 0.00179029 0)
(-0.000515225 0.00170764 0)
(-0.000788164 0.00155329 0)
(-0.00100953 0.00136044 0)
(-0.00117708 0.001154 0)
(-0.00130049 0.000946755 0)
(-0.00138898 0.000746188 0)
(-0.00145184 0.000554699 0)
(-0.00149658 0.000371418 0)
(-0.00152876 0.000193239 0)
(-0.00155168 1.54599e-05 0)
(-0.00156661 -0.000167502 0)
(-0.00157225 -0.000362499 0)
(-0.00156378 -0.000576618 0)
(-0.00153226 -0.000816687 0)
(-0.00146295 -0.00108771 0)
(-0.00133487 -0.00138967 0)
(-0.00111312 -0.00171467 0)
(-0.000793529 -0.00200843 0)
(-0.000307817 -0.00225811 0)
(-0.000245732 0.00223006 0)
(-0.000666831 0.00204485 0)
(-0.000987491 0.00182568 0)
(-0.00123534 0.00156243 0)
(-0.00140623 0.00129911 0)
(-0.001522 0.00104773 0)
(-0.00159813 0.000815445 0)
(-0.00164859 0.000602578 0)
(-0.00168387 0.000405815 0)
(-0.00171151 0.000219634 0)
(-0.0017363 3.69824e-05 0)
(-0.0017607 -0.00015054 0)
(-0.00178436 -0.000352828 0)
(-0.00180307 -0.000581146 0)
(-0.0018074 -0.000848099 0)
(-0.00177964 -0.00116664 0)
(-0.00169307 -0.0015465 0)
(-0.00147826 -0.00199903 0)
(-0.00114771 -0.00243004 0)
(-0.000489921 -0.00294458 0)
(-0.000397865 0.00255925 0)
(-0.000948837 0.00241731 0)
(-0.0012695 0.00212598 0)
(-0.0015363 0.00177147 0)
(-0.00169181 0.00143542 0)
(-0.0017842 0.00113199 0)
(-0.00183416 0.000866485 0)
(-0.00186149 0.000634886 0)
(-0.00187954 0.000429985 0)
(-0.00189761 0.000242859 0)
(-0.00192186 6.37807e-05 0)
(-0.00195643 -0.000118431 0)
(-0.00200287 -0.000316735 0)
(-0.00205909 -0.00054659 0)
(-0.00211781 -0.00082766 0)
(-0.00216149 -0.00118447 0)
(-0.00216655 -0.00164186 0)
(-0.00200025 -0.00227103 0)
(-0.0017643 -0.00285691 0)
(-0.000867094 -0.00396987 0)
(-0.000430126 0.00397612 0)
(-0.00114349 0.00291717 0)
(-0.00163455 0.00252289 0)
(-0.00192754 0.00197298 0)
(-0.00204592 0.00153946 0)
(-0.00209102 0.00117753 0)
(-0.00209525 0.000882 0)
(-0.00208509 0.000639288 0)
(-0.0020759 0.000435571 0)
(-0.00207771 0.000257477 0)
(-0.00209759 9.20353e-05 0)
(-0.00214121 -7.36675e-05 0)
(-0.00221249 -0.000252777 0)
(-0.00231393 -0.000469141 0)
(-0.00244499 -0.000754809 0)
(-0.00259321 -0.0011634 0)
(-0.00277415 -0.00174235 0)
(-0.00269892 -0.0026845 0)
(-0.00282001 -0.00358934 0)
(-0.00162106 -0.00586429 0)
(-0.000995409 0.00348418 0)
(-0.00233063 0.00374255 0)
(-0.00213681 0.00285741 0)
(-0.00250087 0.00220865 0)
(-0.00247985 0.00164005 0)
(-0.00243963 0.00119958 0)
(-0.002372 0.000870884 0)
(-0.00230803 0.000622139 0)
(-0.00226149 0.000428141 0)
(-0.0022411 0.000269926 0)
(-0.00225264 0.000132575 0)
(-0.00230043 3.51034e-06 0)
(-0.00239697 -0.000129544 0)
(-0.00255901 -0.000281938 0)
(-0.00280906 -0.000468421 0)
(-0.00314484 -0.000747358 0)
(-0.00366716 -0.00107271 0)
(-0.00380086 -0.00216087 0)
(-0.00454665 -0.00265558 0)
(-0.00221861 -0.00806422 0)
(-0.00542049 0.00864352 0)
(-0.00401954 0.00304679 0)
(-0.00441797 0.00287618 0)
(-0.0039151 0.00192872 0)
(-0.00347917 0.00131998 0)
(-0.00309918 0.000937723 0)
(-0.00279215 0.0006706 0)
(-0.0025637 0.000476243 0)
(-0.00240265 0.000331741 0)
(-0.00229977 0.000220047 0)
(-0.00224921 0.000128904 0)
(-0.00224841 4.72223e-05 0)
(-0.00229867 -3.6267e-05 0)
(-0.00238707 -0.000146623 0)
(-0.00254242 -0.000298447 0)
(-0.00258366 -0.000675487 0)
(-0.00317292 -0.00124736 0)
(-0.00202608 -0.00314271 0)
(-0.00422366 -0.00576448 0)
(0.00101415 -0.0151738 0)
(0.0109649 0.0104673 0)
(0.0107092 0.00414975 0)
(0.0155998 0.00248334 0)
(0.017559 0.00154957 0)
(0.018771 0.000935957 0)
(0.0196923 0.000588713 0)
(0.0203342 0.000391455 0)
(0.0207781 0.000268736 0)
(0.021091 0.000187623 0)
(0.0213086 0.000131537 0)
(0.0214501 9.0809e-05 0)
(0.0215337 5.80581e-05 0)
(0.0215352 3.37559e-05 0)
(0.0215438 -9.57048e-06 0)
(0.0211987 -2.68049e-05 0)
(0.021452 -0.00024055 0)
(0.0193255 -0.000340376 0)
(0.0210851 -0.00134604 0)
(0.0122136 -0.00216551 0)
(0.0155787 -0.00819992 0)
)
;

boundaryField
{
    movingWall
    {
        type            fixedValue;
        value           uniform (1 0 0);
    }
    fixedWalls
    {
        type            noSlip;
    }
    frontAndBack
    {
        type            empty;
    }
}


// ************************************************************************* //
