/*--------------------------------*- C++ -*----------------------------------*\
| =========                 |                                                 |
| \\      /  F ield         | OpenFOAM: The Open Source CFD Toolbox           |
|  \\    /   O peration     | Version:  5.x                                   |
|   \\  /    A nd           | Web:      www.OpenFOAM.org                      |
|    \\/     M anipulation  |                                                 |
\*---------------------------------------------------------------------------*/
FoamFile
{
    version     2.0;
    format      ascii;
    class       volVectorField;
    location    "17.4";
    object      U;
}
// * * * * * * * * * * * * * * * * * * * * * * * * * * * * * * * * * * * * * //

dimensions      [0 1 -1 0 0 0 0];

internalField   nonuniform List<vector> 
400
(
(-0.0180471 0.0086696 0)
(-0.0400214 0.00883999 0)
(-0.049892 0.00286337 0)
(-0.0552457 0.00212538 0)
(-0.0580283 0.000156719 0)
(-0.0599071 0.000406057 0)
(-0.0610483 -0.000669422 0)
(-0.0624905 -8.35185e-05 0)
(-0.0623022 -0.00117248 0)
(-0.0641278 -0.000617106 0)
(-0.0625989 -0.00171177 0)
(-0.0649081 -0.00117455 0)
(-0.0625057 -0.00242638 0)
(-0.0642702 -0.00173846 0)
(-0.0609714 -0.00250282 0)
(-0.0611501 -0.00275282 0)
(-0.0553669 -0.00408769 0)
(-0.0520926 -0.0082293 0)
(-0.0473952 -0.0115071 0)
(-0.00500612 -0.0213835 0)
(-0.0125837 0.0388244 0)
(-0.0228115 0.0243296 0)
(-0.0248028 0.0112866 0)
(-0.0285261 0.00640161 0)
(-0.0254662 0.00240677 0)
(-0.0299726 0.00267583 0)
(-0.0246913 0.00125161 0)
(-0.0312217 0.00240186 0)
(-0.023355 0.00114649 0)
(-0.0330013 0.00220757 0)
(-0.0233283 0.00101568 0)
(-0.0351971 0.00168457 0)
(-0.02428 0.000179693 0)
(-0.0334274 -0.000377272 0)
(-0.0253006 -0.00103718 0)
(-0.0291104 -0.00276542 0)
(-0.0277729 -0.00266222 0)
(-0.0217615 -0.012492 0)
(-0.0371798 -0.0240282 0)
(6.37285e-05 -0.0463792 0)
(-0.00721327 0.0481707 0)
(-0.0097941 0.0289937 0)
(-0.0117579 0.0128182 0)
(-0.0109801 0.00426201 0)
(-0.00890822 0.00138248 0)
(-0.0121433 0.000665043 0)
(-0.00760482 -0.000331311 0)
(-0.0140251 2.7044e-05 0)
(-0.00892871 -0.000150767 0)
(-0.015804 0.000153971 0)
(-0.0111601 0.000614887 0)
(-0.0161261 -0.000170029 0)
(-0.0111896 -0.00194307 0)
(-0.0139778 -0.0028869 0)
(-0.0140477 -0.00255167 0)
(-0.0100156 -0.00281015 0)
(-0.0166285 -0.00364799 0)
(0.00375498 -0.00287117 0)
(-0.0138996 -0.0131011 0)
(0.00194618 -0.0555189 0)
(-0.00444142 0.0534843 0)
(-0.00529547 0.0334087 0)
(-0.00392078 0.0100964 0)
(-0.00433927 0.00492576 0)
(-0.00175219 0.00173127 0)
(-0.00489869 0.00190835 0)
(-0.00226046 0.00222482 0)
(-0.00665923 0.00313343 0)
(-0.0037027 0.00296987 0)
(-0.00795585 0.00325309 0)
(-0.0044307 0.001595 0)
(-0.00684973 0.000288492 0)
(-0.0053439 -0.000879743 0)
(-0.00548117 -3.65101e-05 0)
(-0.00975552 -0.00292854 0)
(-0.0105019 -0.00503741 0)
(-0.0158122 -0.0164614 0)
(-0.0080435 -0.018499 0)
(-0.0134198 -0.0248832 0)
(0.00471275 -0.0624267 0)
(-0.00162597 0.0563659 0)
(-0.000918777 0.0307122 0)
(-0.00126573 0.010732 0)
(-1.10183e-05 0.00241705 0)
(0.000705205 0.00175817 0)
(-0.00110553 0.00149213 0)
(-0.000790759 0.00188586 0)
(-0.00263928 0.00189537 0)
(-0.0019422 0.00184093 0)
(-0.00315512 0.00121258 0)
(-0.00270943 0.000380783 0)
(-0.00307544 0.000586687 0)
(-0.00331512 -0.00191466 0)
(-0.00166503 0.000332179 0)
(-0.00870653 0.00401454 0)
(-0.00164973 0.00203063 0)
(-0.00971979 -0.00168006 0)
(0.00148429 -0.00977876 0)
(-0.0068141 -0.0181917 0)
(0.00392305 -0.0641017 0)
(-0.00135856 0.0560448 0)
(-0.000408187 0.033824 0)
(-2.15019e-05 0.00866388 0)
(0.000357505 0.00333762 0)
(-0.000232299 0.00250017 0)
(-0.00138518 0.00362684 0)
(-0.000977761 0.00315559 0)
(-0.00208342 0.00373367 0)
(-0.00255205 0.00322709 0)
(-0.00222613 0.00304797 0)
(-0.00228054 0.00144132 0)
(-0.00472395 0.000251409 0)
(-0.00533617 -0.00273078 0)
(0.00176462 0.00528882 0)
(-0.0055065 -0.00179793 0)
(0.00381158 -0.00490546 0)
(-0.00648172 -0.0183904 0)
(-0.00334839 -0.0215525 0)
(-0.00668326 -0.0308542 0)
(0.00349833 -0.0676637 0)
(0.00138283 0.0559084 0)
(0.000836052 0.0287725 0)
(0.00250156 0.00826262 0)
(0.000810234 0.00217551 0)
(0.00103602 0.003163 0)
(0.000834598 0.00178684 0)
(-0.000353646 0.00292549 0)
(-0.000767487 0.00367947 0)
(-0.00209992 0.0025971 0)
(-0.00163935 0.00115159 0)
(-0.00263941 0.00358812 0)
(-0.000372071 0.00448471 0)
(-0.00145988 -0.00724042 0)
(0.00493273 -0.00112737 0)
(-0.00778129 0.00281383 0)
(0.00578274 0.00182291 0)
(-0.00540318 0.00682331 0)
(0.00173798 -0.0103942 0)
(-0.00246468 -0.0206555 0)
(0.00346956 -0.0659246 0)
(-0.000576836 0.0546596 0)
(0.00182593 0.0331349 0)
(0.00132827 0.0107264 0)
(0.00284032 0.00526829 0)
(0.000588036 0.00315905 0)
(0.00157878 0.0055771 0)
(-0.000875651 0.00517575 0)
(-0.00172947 0.00526464 0)
(-0.00117538 0.00490825 0)
(-0.000778184 0.00324279 0)
(-0.00929612 -0.000697864 0)
(-0.00669081 -0.00149742 0)
(-0.000112172 -0.00828223 0)
(5.59865e-05 0.0126793 0)
(-0.00632533 -0.00282541 0)
(-0.00294074 -0.0070516 0)
(-0.0045475 -0.0137074 0)
(-0.00193492 -0.0246915 0)
(-0.00289949 -0.0362263 0)
(0.00197117 -0.0702416 0)
(0.00199046 0.0528946 0)
(0.000984427 0.0273875 0)
(0.00274561 0.00490707 0)
(0.000568615 0.00224741 0)
(0.000738072 0.00368912 0)
(0.00140131 0.00243108 0)
(0.00287907 0.00525217 0)
(0.00390031 0.00361078 0)
(0.00510784 0.000463739 0)
(0.00602237 0.00816687 0)
(-0.00247144 0.0108014 0)
(-0.00128772 -0.00412608 0)
(-0.00173284 -0.0161677 0)
(0.00324432 0.00427031 0)
(-0.00785053 0.00657023 0)
(0.0074815 -0.00181295 0)
(-0.00425413 0.00444458 0)
(0.00688797 -0.0130461 0)
(-0.00190085 -0.023392 0)
(0.0027521 -0.0658767 0)
(-0.000688599 0.0521382 0)
(0.00356043 0.0309431 0)
(0.00191837 0.0133849 0)
(0.00386313 0.00759178 0)
(0.00337045 0.00357229 0)
(0.00248263 0.00353197 0)
(0.00321644 0.00454066 0)
(0.00422394 0.00305457 0)
(-0.00482863 0.00519923 0)
(-0.00771642 0.0101329 0)
(-0.00882635 0.00901146 0)
(-0.00323094 -0.00374716 0)
(-0.00928149 -0.00840632 0)
(-0.00413815 0.0164191 0)
(-0.0117198 -0.00597285 0)
(0.00712004 -0.0103137 0)
(-0.00115408 -0.00992293 0)
(0.0128459 -0.0270406 0)
(-0.0019939 -0.0336515 0)
(0.00205062 -0.0682778 0)
(0.00244406 0.0497223 0)
(0.00112578 0.027073 0)
(0.0026816 0.00311335 0)
(0.00414569 2.8889e-05 0)
(0.00412054 0.00479724 0)
(0.00259782 0.00196352 0)
(0.00526577 0.00300255 0)
(0.00396172 0.010015 0)
(-0.00209838 0.0107542 0)
(-0.0057306 0.0126905 0)
(-0.0081853 0.00492378 0)
(-0.00534125 -0.00714275 0)
(-0.0124562 -0.0187159 0)
(-0.000392445 0.0118171 0)
(-0.00203036 -0.00702137 0)
(0.00848318 -0.0143837 0)
(0.00202967 -0.00273332 0)
(0.00565222 -0.0109483 0)
(-0.00049528 -0.00826927 0)
(0.00453463 -0.0632331 0)
(-0.00134057 0.0490246 0)
(0.00353276 0.0281765 0)
(0.000794955 0.0119923 0)
(0.00200555 0.00623359 0)
(-0.00455348 0.00582177 0)
(-0.0021635 0.00121993 0)
(-0.00376596 0.00459223 0)
(0.000988696 0.0102402 0)
(0.00168195 0.0144407 0)
(5.69841e-05 0.0155033 0)
(0.000638379 0.0106543 0)
(-0.000219184 0.000941463 0)
(-0.00568808 -0.00897595 0)
(-0.00804721 0.0053379 0)
(0.00528089 -0.0136287 0)
(-0.00488603 -0.0118199 0)
(-0.00482396 -0.0039045 0)
(0.00123119 -0.0282282 0)
(-0.00578639 -0.0314879 0)
(0.0036755 -0.0713028 0)
(0.00205983 0.0467073 0)
(0.00166198 0.0260913 0)
(0.00315169 0.0035685 0)
(-0.00301398 0.00414827 0)
(-0.00262745 0.00949097 0)
(-0.00201292 0.00101639 0)
(-0.00705481 -0.000432623 0)
(-0.00612508 0.00684024 0)
(-0.00195964 0.0112458 0)
(-0.000274047 0.0166651 0)
(0.00287854 0.0054369 0)
(-0.0015363 0.000297282 0)
(0.0046091 -0.0116768 0)
(-0.0108184 -0.00155463 0)
(0.0144273 -0.0124072 0)
(-0.00564411 -0.00887738 0)
(-0.000551739 -0.00888149 0)
(0.00556381 -0.0132746 0)
(-0.00525752 -0.0142208 0)
(0.00455347 -0.0635412 0)
(-0.0014094 0.0459982 0)
(0.0043283 0.0272174 0)
(0.00191481 0.0178737 0)
(0.00462085 0.0128226 0)
(-0.000128406 0.00605541 0)
(0.00302537 0.00370264 0)
(0.00175496 0.00987978 0)
(0.000836138 0.00533712 0)
(0.000728099 0.00823275 0)
(0.00224552 0.00935981 0)
(0.00668582 0.00892971 0)
(0.00308695 -0.000194913 0)
(0.00887484 -0.00247682 0)
(-0.00129949 -0.00431967 0)
(0.013435 -0.0137891 0)
(0.00403224 0.00312478 0)
(0.0123671 -0.00984714 0)
(0.014384 -0.0210674 0)
(0.000856726 -0.0237406 0)
(0.00680344 -0.0665954 0)
(0.000970512 0.0432078 0)
(0.00204785 0.0213907 0)
(0.00198243 0.00343698 0)
(0.00236021 0.00338522 0)
(0.0113733 0.0118243 0)
(0.00538833 0.00090774 0)
(0.013826 -0.00075622 0)
(0.00698053 0.00903108 0)
(0.0178239 0.00697063 0)
(0.0169875 0.0121634 0)
(0.0180589 0.00606862 0)
(0.0229719 -0.0014851 0)
(0.0167832 -0.00617683 0)
(0.0242724 -0.00931226 0)
(0.0213275 -0.0183425 0)
(0.0198843 -0.0137818 0)
(0.016304 -0.0176033 0)
(0.00552599 -0.0062511 0)
(-0.00956111 -0.00819758 0)
(0.00822984 -0.06507 0)
(-0.00081463 0.0427919 0)
(0.00602479 0.0247947 0)
(0.00249482 0.0197769 0)
(0.00658579 0.00351438 0)
(-0.0048085 0.00447524 0)
(0.0178308 -0.000364357 0)
(-0.00236029 0.00796316 0)
(0.0155851 0.00367893 0)
(0.0180218 -0.0041598 0)
(0.0235294 0.0125776 0)
(0.0295712 0.00189522 0)
(0.0243653 0.00399321 0)
(0.0284683 -0.00288216 0)
(0.0168666 -0.00885874 0)
(0.0116266 1.69499e-05 0)
(0.00946327 0.0054575 0)
(-0.0185274 0.0115459 0)
(0.00699591 -0.00128672 0)
(-0.00839936 -0.0212556 0)
(0.00910783 -0.0666878 0)
(0.000777166 0.0381068 0)
(0.00407557 0.0193273 0)
(0.000509544 0.0025486 0)
(0.00939351 0.00804959 0)
(0.000860347 0.00212155 0)
(0.0104296 -0.00105196 0)
(0.00411488 -0.000820334 0)
(0.021219 -0.00719148 0)
(0.0188056 -0.00783432 0)
(0.0206408 0.00341554 0)
(0.0301612 0.00443086 0)
(0.0128069 -0.00455017 0)
(0.0298584 0.00536604 0)
(-0.00524494 -0.00161631 0)
(0.00658113 -0.0105298 0)
(-0.00897343 0.0087695 0)
(0.00673509 -0.0119587 0)
(0.019506 -0.0200805 0)
(-0.00535908 -0.0149898 0)
(0.00985558 -0.0653096 0)
(0.00221331 0.0368635 0)
(0.0114251 0.0228286 0)
(0.0121259 0.0162124 0)
(0.00863068 0.00513643 0)
(0.0161831 0.00140629 0)
(0.0116286 -0.00260292 0)
(0.0231271 -0.00570659 0)
(0.01269 -0.0107755 0)
(0.0247098 -0.00155209 0)
(0.0038022 0.00298241 0)
(0.0337083 0.009934 0)
(0.00938653 0.00776918 0)
(0.0334257 0.00965412 0)
(0.0203051 0.018459 0)
(0.0320238 0.00566198 0)
(0.0106936 0.0102497 0)
(0.0278259 -0.0132033 0)
(0.00403566 0.0113054 0)
(-0.00166885 -0.00141096 0)
(0.0147398 -0.0629954 0)
(0.00319436 0.0259743 0)
(0.0135402 0.0148672 0)
(0.0147644 0.00448631 0)
(0.0216548 0.00303879 0)
(0.0129312 -0.00139513 0)
(0.0132653 -0.00319559 0)
(0.00253098 -0.00412227 0)
(-0.00740994 -0.00372072 0)
(-0.0169383 -0.00382266 0)
(-0.0182519 -0.0038434 0)
(-0.0170184 -0.00440123 0)
(-0.0129337 -0.00661507 0)
(-0.0193924 -0.0047975 0)
(-0.00208487 0.00428685 0)
(-0.00674653 -0.00435694 0)
(0.000418317 0.00668017 0)
(0.00546423 -0.00376897 0)
(-0.0141232 0.00212274 0)
(0.0233459 -0.0348318 0)
(0.0138788 -0.0594729 0)
(0.00841705 0.0195354 0)
(0.0317795 0.012115 0)
(0.0354347 0.0112952 0)
(0.0467622 0.00651941 0)
(0.0465481 0.00878193 0)
(0.0540353 0.00699272 0)
(0.0526864 0.00982353 0)
(0.0583718 0.00958966 0)
(0.0574834 0.00911951 0)
(0.0631868 0.00734809 0)
(0.0609437 0.00648303 0)
(0.0652948 0.00585307 0)
(0.0630037 0.00602018 0)
(0.0647142 0.000922257 0)
(0.0636293 0.00380735 0)
(0.067519 5.80089e-05 0)
(0.0644773 0.00220582 0)
(0.0680454 -0.0027311 0)
(0.0564536 -0.0076464 0)
(0.037528 -0.0102934 0)
)
;

boundaryField
{
    movingWall
    {
        type            fixedValue;
        value           uniform (1 0 0);
    }
    fixedWalls
    {
        type            noSlip;
    }
    frontAndBack
    {
        type            empty;
    }
}


// ************************************************************************* //
