/*--------------------------------*- C++ -*----------------------------------*\
| =========                 |                                                 |
| \\      /  F ield         | OpenFOAM: The Open Source CFD Toolbox           |
|  \\    /   O peration     | Version:  5.x                                   |
|   \\  /    A nd           | Web:      www.OpenFOAM.org                      |
|    \\/     M anipulation  |                                                 |
\*---------------------------------------------------------------------------*/
FoamFile
{
    version     2.0;
    format      ascii;
    class       volScalarField;
    location    "18.2";
    object      p;
}
// * * * * * * * * * * * * * * * * * * * * * * * * * * * * * * * * * * * * * //

dimensions      [0 2 -2 0 0 0 0];

internalField   nonuniform List<scalar> 
400
(
-3.0291e-10
-0.000842398
-0.0014588
-0.00182785
-0.00200095
-0.00208341
-0.00211619
-0.00213774
-0.00214672
-0.00214425
-0.00211734
-0.00209296
-0.00208838
-0.00210118
-0.00208302
-0.00198379
-0.00175331
-0.00141022
-0.000912219
0.000377101
-0.000912812
-0.00149842
-0.00184218
-0.0020351
-0.00209243
-0.0021246
-0.00212676
-0.00213758
-0.00214689
-0.00215434
-0.00214426
-0.00212044
-0.00210594
-0.00212033
-0.00214154
-0.00212568
-0.00205519
-0.00192154
-0.00166683
-0.000682615
-0.0014887
-0.00184476
-0.00201702
-0.00210038
-0.00212527
-0.00213337
-0.00213354
-0.00214337
-0.00215007
-0.00215145
-0.0021387
-0.00211456
-0.00210932
-0.0021179
-0.00213477
-0.00208096
-0.00209135
-0.00200692
-0.00186083
-0.00140424
-0.00180415
-0.00203723
-0.00209513
-0.00213943
-0.00213992
-0.00214356
-0.00214172
-0.00214838
-0.00215522
-0.00215773
-0.00215495
-0.00214057
-0.00212811
-0.00212651
-0.00217931
-0.00218178
-0.00218936
-0.00205701
-0.00206285
-0.00182475
-0.00198693
-0.00210243
-0.00213039
-0.00214158
-0.00214406
-0.00214392
-0.00214292
-0.00214759
-0.00215328
-0.00215209
-0.00214811
-0.00213763
-0.00213765
-0.00215393
-0.00221742
-0.00221616
-0.00220961
-0.00211545
-0.00212656
-0.0019958
-0.00206704
-0.002139
-0.00212887
-0.00214951
-0.00214055
-0.002147
-0.00214637
-0.00215114
-0.00215554
-0.00215664
-0.00216491
-0.00216792
-0.0021677
-0.00213296
-0.00219603
-0.00217448
-0.00224169
-0.00213994
-0.00219338
-0.00209918
-0.00211997
-0.00216984
-0.00216729
-0.00216378
-0.00215746
-0.00215319
-0.00215716
-0.00215283
-0.00216642
-0.00215833
-0.00217
-0.00214482
-0.0021801
-0.00210429
-0.00216915
-0.00217116
-0.0022378
-0.00215135
-0.00216423
-0.00211422
-0.00214535
-0.00217781
-0.00215459
-0.00216225
-0.00214623
-0.00214678
-0.00214329
-0.00215277
-0.00215483
-0.00215873
-0.00219212
-0.00217045
-0.00218767
-0.0021923
-0.00216617
-0.00215681
-0.00216987
-0.00212888
-0.00219622
-0.00209428
-0.00215989
-0.00218605
-0.00216758
-0.00216835
-0.00216184
-0.00214673
-0.00216025
-0.00214887
-0.00218787
-0.00220284
-0.00219846
-0.00216825
-0.00222296
-0.00215352
-0.00215432
-0.00220389
-0.00216803
-0.00211641
-0.00217159
-0.00209847
-0.00216714
-0.00218252
-0.00217265
-0.00216001
-0.00214911
-0.00214213
-0.00214424
-0.00214742
-0.00216128
-0.00218168
-0.00215838
-0.00219796
-0.00216824
-0.00228388
-0.00224579
-0.00221434
-0.00219525
-0.00215594
-0.00217489
-0.00216047
-0.0021673
-0.00219151
-0.00217211
-0.00216469
-0.00215237
-0.00213912
-0.00214494
-0.00214368
-0.00215348
-0.00218577
-0.00221649
-0.00228047
-0.00223412
-0.00243883
-0.00231385
-0.00222046
-0.0023323
-0.00219882
-0.00219219
-0.00216767
-0.0021649
-0.00217128
-0.00213724
-0.00213382
-0.00213444
-0.00212827
-0.00215165
-0.0021713
-0.00214156
-0.002196
-0.00223085
-0.00226575
-0.00225353
-0.00228565
-0.00219505
-0.00213748
-0.00221953
-0.00215754
-0.00222029
-0.00208824
-0.00212753
-0.00215617
-0.00214475
-0.00214565
-0.00214267
-0.00212993
-0.00214957
-0.00215166
-0.00213889
-0.00218333
-0.0022082
-0.0022594
-0.00223085
-0.00226747
-0.00232187
-0.00216117
-0.0022024
-0.00206309
-0.00219659
-0.00204414
-0.00209316
-0.0021238
-0.00212561
-0.00209097
-0.00208496
-0.00213832
-0.00208522
-0.00207003
-0.0020944
-0.00213711
-0.00221147
-0.00226088
-0.00230015
-0.00224068
-0.00233046
-0.00210862
-0.00212161
-0.00199352
-0.00207203
-0.00204535
-0.00201818
-0.00206047
-0.0020879
-0.00209696
-0.00209852
-0.00209578
-0.00207241
-0.00209217
-0.0020932
-0.00211214
-0.00220112
-0.00226142
-0.00228774
-0.00228885
-0.00229192
-0.00220107
-0.00214708
-0.00192748
-0.00225007
-0.00196975
-0.00190899
-0.00195968
-0.00204741
-0.00199782
-0.00202706
-0.00205837
-0.00204012
-0.0021164
-0.00211812
-0.00208946
-0.00217308
-0.00216223
-0.00218102
-0.00209133
-0.00207869
-0.00194557
-0.00219576
-0.00193119
-0.00193634
-0.00184133
-0.0017352
-0.0018316
-0.00192588
-0.00197614
-0.00197265
-0.00204414
-0.00197765
-0.00207688
-0.00218391
-0.00219877
-0.00222127
-0.00221172
-0.0021751
-0.00211775
-0.00205387
-0.00211656
-0.00212197
-0.00205093
-0.00209889
-0.00180789
-0.00148519
-0.00170863
-0.00182662
-0.00190809
-0.00192723
-0.00199249
-0.00197481
-0.00208134
-0.00218469
-0.00230792
-0.00228343
-0.00209035
-0.00216405
-0.00212971
-0.00204132
-0.00207524
-0.00196957
-0.00182695
-0.00165142
-0.00151089
-0.00116654
-0.00147255
-0.00168582
-0.00179939
-0.00183599
-0.00183822
-0.00181506
-0.00204645
-0.00240324
-0.00256466
-0.00233368
-0.00210282
-0.00222182
-0.00206798
-0.00205479
-0.00199745
-0.00197912
-0.00199314
-0.00196377
-0.00100333
-0.000808031
-0.00121953
-0.00153112
-0.00175053
-0.0018512
-0.00193742
-0.00197008
-0.00206162
-0.00219129
-0.00226042
-0.00220901
-0.00213914
-0.00207565
-0.00200768
-0.00199299
-0.00182144
-0.00187716
-0.00151685
-0.000798014
0.0010637
)
;

boundaryField
{
    movingWall
    {
        type            zeroGradient;
    }
    fixedWalls
    {
        type            zeroGradient;
    }
    frontAndBack
    {
        type            empty;
    }
}


// ************************************************************************* //
