/*--------------------------------*- C++ -*----------------------------------*\
| =========                 |                                                 |
| \\      /  F ield         | OpenFOAM: The Open Source CFD Toolbox           |
|  \\    /   O peration     | Version:  5.x                                   |
|   \\  /    A nd           | Web:      www.OpenFOAM.org                      |
|    \\/     M anipulation  |                                                 |
\*---------------------------------------------------------------------------*/
FoamFile
{
    version     2.0;
    format      ascii;
    class       surfaceScalarField;
    location    "18.2";
    object      phi;
}
// * * * * * * * * * * * * * * * * * * * * * * * * * * * * * * * * * * * * * //

dimensions      [0 3 -1 0 0 0 0];

internalField   nonuniform List<scalar> 
760
(
-1.4147e-06
1.4147e-06
-2.34641e-06
9.31708e-07
-2.77538e-06
4.2897e-07
-2.98748e-06
2.12103e-07
-3.03831e-06
5.08303e-08
-3.07898e-06
4.06692e-08
-3.05844e-06
-2.05386e-08
-3.08007e-06
2.16329e-08
-3.04969e-06
-3.03838e-08
-3.07237e-06
2.26819e-08
-3.04647e-06
-2.59059e-08
-3.06019e-06
1.37259e-08
-3.03902e-06
-2.1173e-08
-3.06747e-06
2.84557e-08
-3.04713e-06
-2.03421e-08
-3.00226e-06
-4.48711e-08
-2.84226e-06
-1.60005e-07
-2.37271e-06
-4.69547e-07
-1.51884e-06
-8.53871e-07
-1.51884e-06
-7.68393e-07
2.18309e-06
-1.20352e-06
1.36683e-06
-1.3668e-06
5.92255e-07
-1.41801e-06
2.6331e-07
-1.44212e-06
7.49401e-08
-1.44766e-06
4.62109e-08
-1.46405e-06
-4.15394e-09
-1.4819e-06
3.94885e-08
-1.50434e-06
-7.94947e-09
-1.49079e-06
9.13786e-09
-1.46723e-06
-4.94672e-08
-1.41865e-06
-3.48509e-08
-1.4282e-06
-1.1624e-08
-1.43635e-06
3.65996e-08
-1.50093e-06
4.42443e-08
-1.4967e-06
-4.91089e-08
-1.4647e-06
-1.92001e-07
-1.54005e-06
-3.94201e-07
-1.141e-06
-1.25292e-06
-2.65983e-06
-3.59408e-07
2.5425e-06
-5.56244e-07
1.56367e-06
-5.53945e-07
5.89956e-07
-5.65404e-07
2.7477e-07
-5.7835e-07
8.78856e-08
-5.92432e-07
6.0293e-08
-6.50449e-07
5.38635e-08
-6.91418e-07
8.04576e-08
-7.5063e-07
5.12623e-08
-7.64905e-07
2.34132e-08
-7.72068e-07
-4.23042e-08
-7.6108e-07
-4.58394e-08
-7.80421e-07
7.71751e-09
-7.913e-07
4.74782e-08
-7.21986e-07
-2.50697e-08
-6.15569e-07
-1.55525e-07
-3.54895e-07
-4.52675e-07
-2.75852e-07
-4.73245e-07
-3.83192e-07
-1.14558e-06
-3.04303e-06
-2.07335e-07
2.74984e-06
-2.55952e-07
1.61229e-06
-2.17861e-07
5.51865e-07
-1.91879e-07
2.48788e-07
-2.09787e-07
1.05793e-07
-2.34739e-07
8.52452e-08
-2.83392e-07
1.02516e-07
-3.08452e-07
1.05518e-07
-3.36622e-07
7.94322e-08
-3.46529e-07
3.33205e-08
-3.79454e-07
-9.37937e-09
-4.41921e-07
1.66276e-08
-4.43944e-07
9.74077e-09
-5.1212e-07
1.15654e-07
-6.54513e-07
1.17323e-07
-6.73127e-07
-1.36911e-07
-6.28256e-07
-4.97546e-07
-3.55465e-07
-7.46036e-07
-2.35876e-07
-1.26517e-06
-3.2789e-06
-6.45791e-08
2.81441e-06
-1.03866e-07
1.65157e-06
-7.30895e-08
5.21089e-07
-2.68924e-08
2.0259e-07
-4.18303e-08
1.20731e-07
-7.87755e-08
1.2219e-07
-1.05394e-07
1.29134e-07
-1.25062e-07
1.25186e-07
-1.61495e-07
1.15865e-07
-1.97424e-07
6.92498e-08
-2.19339e-07
1.25356e-08
-1.96625e-07
-6.08662e-09
-1.21938e-07
-6.49462e-08
-1.80069e-07
1.73785e-07
-1.62257e-07
9.95111e-08
-1.59756e-07
-1.39412e-07
-1.69055e-07
-4.88247e-07
-1.15351e-08
-9.03556e-07
-3.17607e-08
-1.24494e-06
-3.31066e-06
-7.02094e-08
2.88462e-06
-9.12574e-08
1.67262e-06
-6.3873e-08
4.93704e-07
-2.18859e-08
1.60603e-07
-6.17262e-08
1.60571e-07
-6.26867e-08
1.23151e-07
-7.42699e-08
1.40717e-07
-1.00996e-07
1.51912e-07
-9.64426e-08
1.11312e-07
-1.11561e-07
8.43688e-08
-2.4264e-07
1.43615e-07
-2.99921e-07
5.11943e-08
-9.31994e-08
-2.71668e-07
-2.88431e-08
1.09429e-07
7.83076e-08
-7.6396e-09
1.07666e-07
-1.68771e-07
-1.65313e-07
-2.15268e-07
-1.18947e-07
-9.49922e-07
-4.56993e-08
-1.31819e-06
-3.35636e-06
-1.66315e-08
2.90126e-06
-2.35929e-08
1.67958e-06
-4.11101e-08
5.11222e-07
-4.5082e-08
1.64575e-07
-1.49254e-08
1.30415e-07
-1.03522e-08
1.18578e-07
-1.43911e-08
1.44756e-07
-4.63998e-08
1.8392e-07
-1.01455e-07
1.66367e-07
-8.82552e-08
7.11692e-08
-6.64762e-08
1.21836e-07
-2.21211e-08
6.83924e-09
6.79044e-08
-3.61694e-07
-3.27093e-08
2.10043e-07
8.26365e-08
-1.22985e-07
1.87916e-07
-2.7405e-07
1.04981e-07
-1.32333e-07
1.81042e-07
-1.02598e-06
1.28931e-08
-1.15004e-06
-3.34347e-06
-8.76454e-09
2.91002e-06
-5.76999e-09
1.67659e-06
6.74354e-09
4.98708e-07
3.40448e-08
1.37274e-07
1.69897e-08
1.4747e-07
-1.39234e-08
1.49491e-07
-1.04177e-07
2.3501e-07
-1.55859e-07
2.35602e-07
-1.91054e-07
2.01562e-07
-2.93283e-07
1.73398e-07
-2.60905e-07
8.94579e-08
-4.08e-08
-2.13266e-07
-3.69384e-08
-3.65555e-07
-2.60736e-07
4.3384e-07
-1.44174e-07
-2.39547e-07
-6.69844e-09
-4.11526e-07
9.51161e-08
-2.34148e-07
9.91361e-08
-1.03e-06
-3.16298e-08
-1.01928e-06
-3.3751e-06
-8.69514e-09
2.91871e-06
2.74884e-09
1.66514e-06
-3.29341e-09
5.0475e-07
-3.80595e-08
1.7204e-07
-7.27377e-11
1.09483e-07
7.41805e-08
7.52376e-08
1.09281e-07
1.99909e-07
2.03236e-07
1.41647e-07
3.81321e-07
2.34774e-08
2.79021e-07
2.75698e-07
5.4432e-08
3.14047e-07
-6.39796e-08
-9.48541e-08
-1.92796e-07
-2.36739e-07
-3.05207e-07
5.46251e-07
2.00443e-08
-5.64798e-07
2.23053e-07
-6.14535e-07
5.18215e-08
-6.29158e-08
9.98778e-08
-1.07806e-06
3.43621e-08
-9.53762e-07
-3.34074e-06
4.32942e-09
2.91439e-06
2.63016e-08
1.64317e-06
2.04384e-08
5.10614e-07
6.94221e-08
1.23056e-07
9.21135e-08
8.67918e-08
1.06366e-07
6.09846e-08
1.80471e-07
1.25805e-07
1.52315e-07
1.69804e-07
3.74143e-08
1.38378e-07
-1.34486e-07
4.47598e-07
-1.79348e-07
3.58909e-07
-1.90463e-07
-8.37389e-08
-2.741e-07
-1.53102e-07
-4.60868e-07
7.33019e-07
-3.30216e-07
-6.95451e-07
-2.41868e-07
-7.02883e-07
-2.34276e-07
-7.05076e-08
-2.32548e-07
-1.07979e-06
-2.68727e-08
-1.15944e-06
-3.36761e-06
8.35429e-09
2.90603e-06
4.65065e-08
1.60502e-06
1.07676e-07
4.49444e-07
1.82932e-07
4.77996e-08
1.95137e-07
7.45873e-08
2.58162e-07
-2.04055e-09
3.14053e-07
6.99138e-08
9.18227e-08
3.92034e-07
-1.6135e-07
3.91551e-07
-2.40116e-07
5.26364e-07
-1.90779e-07
3.09572e-07
-1.59156e-07
-1.15363e-07
-3.53157e-08
-2.76941e-07
3.01674e-08
6.67535e-07
-1.05735e-07
-5.59549e-07
-2.0065e-07
-6.07968e-07
-8.70988e-08
-1.84059e-07
-9.48017e-08
-1.07208e-06
-3.76197e-08
-1.21662e-06
-3.40523e-06
5.78171e-08
2.84821e-06
4.5626e-08
1.61721e-06
1.28768e-07
3.66302e-07
1.29563e-07
4.70044e-08
1.16263e-08
1.92524e-07
6.28232e-08
-5.32375e-08
2.28774e-07
-9.60365e-08
2.38187e-07
3.8262e-07
1.35507e-07
4.94231e-07
5.66152e-08
6.05255e-07
-9.18302e-10
3.67106e-07
-1.66802e-07
5.05209e-08
-2.61939e-07
-1.81804e-07
2.63298e-08
3.79266e-07
5.00417e-08
-5.83261e-07
-1.37927e-07
-4.19999e-07
3.25982e-07
-6.47968e-07
2.98316e-07
-1.04442e-06
1.26524e-08
-9.30956e-07
-3.39258e-06
2.64214e-08
2.82179e-06
8.83521e-08
1.55528e-06
4.50551e-09
4.50149e-07
-1.32422e-07
1.83932e-07
-1.02333e-07
1.62435e-07
-1.21668e-07
-3.39021e-08
-1.22928e-07
-9.47771e-08
7.57555e-08
1.83937e-07
2.40655e-07
3.29331e-07
2.28499e-07
6.17412e-07
1.05903e-07
4.89702e-07
1.05751e-08
1.45849e-07
-2.0181e-07
3.05817e-08
2.62156e-08
1.5124e-07
2.63344e-07
-8.20389e-07
1.66057e-07
-3.22712e-07
2.66307e-07
-7.48218e-07
1.10481e-07
-8.88592e-07
4.45204e-08
-8.64995e-07
-3.34805e-06
1.31617e-07
2.69018e-06
1.45432e-07
1.54147e-06
1.31276e-07
4.64305e-07
7.20368e-08
2.43171e-07
8.78396e-09
2.25688e-07
-6.99599e-08
4.48419e-08
-8.37323e-08
-8.10048e-08
4.72153e-08
5.29896e-08
1.3641e-07
2.40136e-07
3.7171e-07
3.82112e-07
3.36266e-07
5.25146e-07
1.67159e-07
3.14956e-07
7.85504e-08
1.1919e-07
2.66119e-07
-3.63285e-08
2.32612e-07
-7.86882e-07
3.21218e-07
-4.11319e-07
2.73047e-07
-7.00047e-07
-6.95328e-08
-5.46013e-07
2.57298e-08
-9.60258e-07
-3.32233e-06
1.04338e-07
2.58584e-06
1.93631e-07
1.45217e-06
1.16556e-07
5.4138e-07
3.27153e-07
3.25736e-08
3.4146e-07
2.11381e-07
3.93617e-07
-7.31464e-09
6.09525e-07
-2.96913e-07
3.38453e-07
3.24061e-07
5.36937e-07
4.16521e-08
7.69402e-07
1.49647e-07
8.52024e-07
4.42524e-07
8.57966e-07
3.09014e-07
8.82153e-07
9.5003e-08
9.93157e-07
-1.47332e-07
9.79664e-07
-7.73389e-07
9.37864e-07
-3.69519e-07
3.38476e-07
-1.00659e-07
-4.22117e-08
-1.65325e-07
-2.88878e-08
-9.73582e-07
-3.35121e-06
2.01893e-07
2.38394e-06
3.67101e-07
1.28696e-06
3.69649e-07
5.38832e-07
2.32536e-07
1.69686e-07
3.97697e-07
4.62192e-08
5.5895e-07
-1.68568e-07
4.85182e-07
-2.23145e-07
5.57329e-07
2.51914e-07
7.27565e-07
-1.28583e-07
9.24348e-07
-4.71356e-08
9.60482e-07
4.06389e-07
1.07287e-06
1.9663e-07
1.10537e-06
6.24975e-08
9.04584e-07
5.34558e-08
5.98532e-07
-4.67336e-07
-2.96396e-09
2.31977e-07
-1.24644e-07
2.10214e-08
3.45872e-07
-6.3584e-07
1.86006e-07
-8.13716e-07
-3.16521e-06
2.56071e-07
2.12787e-06
3.03031e-07
1.24001e-06
4.11155e-07
4.30709e-07
3.70396e-07
2.10445e-07
3.22451e-07
9.41636e-08
3.96536e-07
-2.42652e-07
3.84206e-07
-2.10815e-07
9.66648e-07
-3.30528e-07
1.15787e-06
-3.19806e-07
1.15569e-06
-4.49553e-08
1.09114e-06
4.70936e-07
1.01403e-06
2.73742e-07
1.02672e-06
4.98084e-08
6.729e-07
4.07275e-07
2.72023e-07
-6.64586e-08
2.42069e-08
4.79793e-07
5.64055e-07
-5.18827e-07
2.78225e-07
-3.5001e-07
1.81932e-08
-5.53684e-07
-3.14701e-06
4.14511e-07
1.71336e-06
7.06755e-07
9.47761e-07
6.68121e-07
4.69342e-07
7.3022e-07
1.48347e-07
7.57609e-07
6.67744e-08
8.06991e-07
-2.92034e-07
9.18704e-07
-3.22528e-07
9.95334e-07
-4.07158e-07
9.37704e-07
-2.62176e-07
8.9968e-07
-6.93074e-09
1.07181e-06
2.98811e-07
1.11823e-06
2.27321e-07
1.15758e-06
1.04557e-08
1.12234e-06
4.42515e-07
1.22083e-06
-1.64946e-07
1.05877e-06
6.41853e-07
8.39893e-07
-2.99954e-07
1.99379e-07
2.90504e-07
3.61654e-07
-7.1596e-07
-2.78536e-06
5.56758e-07
1.1566e-06
8.47612e-07
6.56907e-07
9.51561e-07
3.65393e-07
9.09674e-07
1.90235e-07
7.82709e-07
1.93739e-07
3.95725e-07
9.49498e-08
-8.48655e-08
1.58063e-07
-6.61873e-07
1.6985e-07
-1.01662e-06
9.25708e-08
-1.04345e-06
1.99047e-08
-7.98348e-07
5.37039e-08
-5.96176e-07
2.51493e-08
-6.02518e-07
1.67976e-08
-2.89681e-07
1.29678e-07
-3.31722e-07
-1.22905e-07
9.33335e-08
2.16798e-07
-5.98188e-08
-1.46802e-07
3.02742e-07
-7.20567e-08
7.82163e-07
-1.19538e-06
-2.0032e-06
1.1566e-06
1.81351e-06
2.1789e-06
2.36914e-06
2.56288e-06
2.65783e-06
2.81589e-06
2.98574e-06
3.07831e-06
3.09821e-06
3.15192e-06
3.17707e-06
3.19387e-06
3.32354e-06
3.20064e-06
3.41744e-06
3.27063e-06
3.19858e-06
2.0032e-06
)
;

boundaryField
{
    movingWall
    {
        type            calculated;
        value           uniform 0;
    }
    fixedWalls
    {
        type            calculated;
        value           uniform 0;
    }
    frontAndBack
    {
        type            empty;
        value           nonuniform 0();
    }
}


// ************************************************************************* //
