/*--------------------------------*- C++ -*----------------------------------*\
| =========                 |                                                 |
| \\      /  F ield         | OpenFOAM: The Open Source CFD Toolbox           |
|  \\    /   O peration     | Version:  5.x                                   |
|   \\  /    A nd           | Web:      www.OpenFOAM.org                      |
|    \\/     M anipulation  |                                                 |
\*---------------------------------------------------------------------------*/
FoamFile
{
    version     2.0;
    format      ascii;
    class       volVectorField;
    location    "15.9";
    object      U;
}
// * * * * * * * * * * * * * * * * * * * * * * * * * * * * * * * * * * * * * //

dimensions      [0 1 -1 0 0 0 0];

internalField   nonuniform List<vector> 
400
(
(-0.0136269 0.00651373 0)
(-0.0326249 0.00700765 0)
(-0.0403828 0.00297274 0)
(-0.046623 0.00250612 0)
(-0.0482922 0.00033947 0)
(-0.0516783 0.00185676 0)
(-0.0524812 0.000351004 0)
(-0.0547346 0.0008314 0)
(-0.0561459 0.000691147 0)
(-0.0568162 -0.000460176 0)
(-0.058135 0.000497349 0)
(-0.0572801 -0.00167544 0)
(-0.0585375 -0.000304467 0)
(-0.0571308 -0.00210963 0)
(-0.0591233 -0.000931163 0)
(-0.0561312 -0.00262234 0)
(-0.0552547 -0.0031293 0)
(-0.0476303 -0.00701709 0)
(-0.0485028 -0.0106207 0)
(-0.00405186 -0.0227995 0)
(-0.0082757 0.032108 0)
(-0.0186888 0.0207565 0)
(-0.0196376 0.00937986 0)
(-0.0238594 0.00635464 0)
(-0.0190659 0.0023722 0)
(-0.0263449 0.00331808 0)
(-0.020002 0.00131664 0)
(-0.0256634 0.00272663 0)
(-0.0228432 0.00109009 0)
(-0.0240511 0.00183914 0)
(-0.0243874 0.000762576 0)
(-0.0232718 0.00121575 0)
(-0.0234372 0.000338684 0)
(-0.0254952 0.000506791 0)
(-0.0235603 0.000135762 0)
(-0.0289049 -0.00147237 0)
(-0.0243868 -0.00196163 0)
(-0.0230106 -0.0126048 0)
(-0.0342798 -0.0213408 0)
(-0.0016367 -0.0449099 0)
(-0.00577794 0.0369857 0)
(-0.00781245 0.023931 0)
(-0.00665103 0.0101304 0)
(-0.00746332 0.00436262 0)
(-0.00400996 0.00158531 0)
(-0.00831212 0.00258668 0)
(-0.00374072 0.00135086 0)
(-0.00899214 0.00160236 0)
(-0.00516725 0.00139145 0)
(-0.00958412 0.000222719 0)
(-0.00799047 0.000291715 0)
(-0.0110134 -0.00152109 0)
(-0.0107633 0.000682236 0)
(-0.010547 -0.000593391 0)
(-0.0131285 0.00188695 0)
(-0.00579965 -0.00139422 0)
(-0.0155111 -0.00313011 0)
(0.00356594 -0.000919992 0)
(-0.0135615 -0.012563 0)
(0.0017304 -0.055549 0)
(-0.00182078 0.0427862 0)
(-0.0044137 0.0260771 0)
(-0.000868248 0.00721535 0)
(-0.00205877 0.00498679 0)
(-0.000243445 0.00288009 0)
(-0.00424515 0.00312192 0)
(-0.00157215 0.00269262 0)
(-0.00542351 0.00330277 0)
(-0.0027463 0.00242548 0)
(-0.00552653 0.00334332 0)
(-0.00382617 0.00292297 0)
(-0.00498379 0.00268818 0)
(-0.00627319 0.0011085 0)
(-0.00331059 0.000745928 0)
(-0.00792435 -0.00246261 0)
(-0.000904869 -0.00292985 0)
(-0.00975213 -0.0102236 0)
(-0.00396639 -0.017846 0)
(-0.0128049 -0.0224392 0)
(0.0034314 -0.0614913 0)
(-0.00293792 0.0434818 0)
(-0.000468139 0.0237401 0)
(-0.000952985 0.00704658 0)
(-0.000818874 0.00349685 0)
(-0.00069126 0.00332518 0)
(-0.00249685 0.00338155 0)
(-0.00203596 0.00277548 0)
(-0.00319404 0.00241351 0)
(-0.00305134 0.00188315 0)
(-0.00253382 0.00125562 0)
(-0.00272111 0.000257842 0)
(-0.00161495 0.000584672 0)
(-0.005103 -0.000249706 0)
(-0.000202414 0.000366721 0)
(-0.00810175 0.000408598 0)
(-0.00219377 0.000644252 0)
(-0.00979105 0.00227953 0)
(0.00231949 -0.00156522 0)
(-0.00494506 -0.0115 0)
(0.00293604 -0.0639757 0)
(7.27277e-05 0.0450442 0)
(-0.00119238 0.0249044 0)
(-0.000414449 0.00618422 0)
(-0.00151512 0.00518286 0)
(-0.002593 0.00410811 0)
(-0.00303622 0.00462143 0)
(-0.0036126 0.00348193 0)
(-0.00367248 0.00363602 0)
(-0.00418015 0.00250513 0)
(-0.00298132 0.00217319 0)
(-0.00321046 0.00280877 0)
(-0.00196811 0.0041198 0)
(-0.00565477 0.000299874 0)
(-8.66888e-05 0.0030418 0)
(-0.00728315 0.00036853 0)
(0.000471884 -0.00326576 0)
(-0.00771691 -0.0144056 0)
(-0.00167812 -0.0221843 0)
(-0.00655082 -0.0280696 0)
(0.00302214 -0.066937 0)
(-0.00156824 0.0439832 0)
(0.00171745 0.022722 0)
(-0.000810789 0.00821429 0)
(-0.000378212 0.00513738 0)
(-0.00145006 0.00530223 0)
(-0.0014915 0.00443415 0)
(-0.00306165 0.00404215 0)
(-0.00337925 0.00286787 0)
(-0.0026888 0.00141823 0)
(0.000937715 -8.50332e-05 0)
(-0.00278881 -0.000480965 0)
(-0.00212062 0.00315359 0)
(-0.00569486 -0.00155904 0)
(0.00163167 0.000920186 0)
(-0.0076214 0.00102034 0)
(0.00300636 0.000289371 0)
(-0.00721682 0.00665088 0)
(0.00220249 -0.00451223 0)
(-0.00250646 -0.0106293 0)
(0.00364474 -0.0654278 0)
(-0.000163752 0.0454833 0)
(-0.000353463 0.0260787 0)
(-0.00105491 0.00755333 0)
(-0.0011964 0.0069798 0)
(-0.00321411 0.00435372 0)
(-0.00386466 0.0064135 0)
(-0.00373356 0.00497913 0)
(-0.00388881 0.00251619 0)
(-0.00246618 -0.00115477 0)
(-0.000502893 0.00202372 0)
(-0.00438394 0.00657278 0)
(-0.00923972 0.00516756 0)
(-0.00833588 -0.00284179 0)
(-0.00386919 0.00542508 0)
(-0.00778536 -0.000524113 0)
(-0.00546932 -0.00425875 0)
(-0.00718342 -0.0125142 0)
(0.00209338 -0.0278737 0)
(-0.00686326 -0.0332168 0)
(0.00362645 -0.0697249 0)
(-0.00114955 0.0425679 0)
(0.00117651 0.0220432 0)
(-0.000888627 0.00833889 0)
(-0.000878393 0.00623053 0)
(-0.00123979 0.00820784 0)
(-0.00419991 0.00472656 0)
(-0.00205854 0.00440414 0)
(-0.00124179 0.0012578 0)
(-0.00163615 -0.00206264 0)
(-0.00527549 0.00145399 0)
(-0.0074491 0.00885069 0)
(-0.00878246 0.00866248 0)
(-0.0047537 -0.00769967 0)
(-0.000569393 -0.00094825 0)
(-0.00645714 0.00326576 0)
(0.000720389 -0.00240289 0)
(-0.00343363 -0.00126416 0)
(0.00624094 -0.00619871 0)
(-0.00388798 -0.0104381 0)
(0.00491128 -0.064628 0)
(0.000636181 0.0467315 0)
(-0.00087231 0.0277301 0)
(-0.000925485 0.0105728 0)
(2.76761e-05 0.00902528 0)
(-0.00404 0.00830633 0)
(-0.00536347 0.00764267 0)
(-0.00809475 0.00292173 0)
(-0.00681017 0.00202582 0)
(-0.0117081 0.00366263 0)
(-0.011375 0.00802282 0)
(-0.0117663 0.00930527 0)
(-0.0162729 0.000949656 0)
(-0.00439017 -0.011835 0)
(-0.00507312 0.00806561 0)
(-0.00346879 0.000247813 0)
(0.00127129 -0.00681873 0)
(-0.00627536 -0.0149379 0)
(0.00533128 -0.0259555 0)
(-0.00534258 -0.0288075 0)
(0.0060028 -0.0703922 0)
(-0.00122532 0.0417986 0)
(0.000120759 0.0218016 0)
(-0.000516186 0.0056906 0)
(-0.00438589 0.00791663 0)
(-0.00778527 0.0123165 0)
(-0.0058585 0.00737999 0)
(-0.01056 0.00510223 0)
(-0.0154433 0.00346037 0)
(-0.0164 0.00297143 0)
(-0.013679 0.00330721 0)
(-0.00673391 0.0136087 0)
(-0.00678293 0.00379394 0)
(-0.00187825 -0.019785 0)
(0.00454864 -0.00482973 0)
(0.00227224 -0.00238543 0)
(0.00372532 -0.00275461 0)
(-0.00775144 -0.00708753 0)
(-0.00455329 -0.0110411 0)
(-0.00697663 -0.0134199 0)
(0.00636891 -0.0666442 0)
(0.000954668 0.0475709 0)
(-0.000140553 0.0294828 0)
(0.00101062 0.0161811 0)
(-0.00408981 0.0177692 0)
(-0.00210472 0.0121704 0)
(-0.000619215 0.0111608 0)
(-0.0080083 0.0130844 0)
(-0.0144499 0.00786459 0)
(-0.0187853 0.00337273 0)
(-0.0172679 -0.0029705 0)
(-0.0141247 0.00138276 0)
(-0.00184567 -0.00289471 0)
(-0.00457059 -0.0208113 0)
(0.00241744 0.00341664 0)
(-0.000896483 0.00327902 0)
(0.0111075 0.00279314 0)
(0.00223271 -0.00230717 0)
(0.0032442 -0.0260862 0)
(-0.00747058 -0.037907 0)
(0.00714138 -0.0712577 0)
(-0.00126601 0.042849 0)
(0.000219805 0.0201384 0)
(-0.00162739 0.00882927 0)
(0.0012627 0.00897397 0)
(0.00650275 0.00836232 0)
(0.00264737 0.0109334 0)
(0.000262284 0.0174048 0)
(-0.000786837 0.0112749 0)
(-0.00811489 0.00810776 0)
(-0.00285825 -0.00244642 0)
(-0.00742152 -0.00396796 0)
(-0.00206254 -0.00713332 0)
(2.0279e-05 -0.0268621 0)
(-0.000634665 -0.0101502 0)
(-0.000786952 -0.0105971 0)
(0.00754768 -0.00846938 0)
(-0.00290013 0.00206007 0)
(0.010122 -0.00624952 0)
(-0.00740961 -0.0162724 0)
(0.00805766 -0.0658503 0)
(0.000602089 0.0457378 0)
(0.00235767 0.0291772 0)
(0.000763477 0.0154137 0)
(0.00551119 0.010481 0)
(0.0025885 0.012264 0)
(0.00899228 0.0170749 0)
(0.00697263 0.0199307 0)
(0.0133389 0.0155716 0)
(0.0049852 0.00961348 0)
(0.0126354 -0.00317318 0)
(0.00471324 -0.0014789 0)
(0.00642274 -0.0083922 0)
(0.00936111 -0.0171154 0)
(-0.00525151 0.00404924 0)
(0.0059982 -0.00107289 0)
(-0.00686216 0.00330097 0)
(-0.000724824 -0.00269551 0)
(0.014944 -0.0191918 0)
(-0.00540039 -0.0329366 0)
(0.00940491 -0.0687034 0)
(0.000485103 0.0422826 0)
(0.000846226 0.023093 0)
(0.001846 0.00667186 0)
(0.00163305 0.00554433 0)
(0.0072378 0.00771281 0)
(0.0100784 0.00520998 0)
(0.0143647 0.0140729 0)
(0.0273419 0.0127458 0)
(0.0137612 0.00990015 0)
(0.0329309 -0.00166419 0)
(0.0155191 -0.00155851 0)
(0.025906 -0.00558854 0)
(0.0204781 -0.0211225 0)
(0.0195317 -0.00674691 0)
(0.024932 -0.0105895 0)
(0.0204572 -0.00404681 0)
(0.0158339 -0.0180096 0)
(0.0185678 -0.00926684 0)
(-0.00880894 -0.010067 0)
(0.00971828 -0.0654968 0)
(0.000357514 0.0419522 0)
(0.0032737 0.0256061 0)
(0.00150115 0.0136826 0)
(0.00592549 0.00429622 0)
(-0.0025453 0.00442391 0)
(0.0200013 0.00573888 0)
(0.00621131 0.00638244 0)
(0.0343358 0.0107685 0)
(0.0137033 0.0102316 0)
(0.0393831 -0.0034286 0)
(0.0162304 0.000855862 0)
(0.0396126 -0.00931822 0)
(0.0169292 -0.0174238 0)
(0.0224046 -0.00182942 0)
(0.0166174 0.00539717 0)
(0.00991269 0.007524 0)
(-0.00569821 0.00715612 0)
(0.00460126 0.00548065 0)
(-0.00724402 -0.020988 0)
(0.00916387 -0.0691939 0)
(0.00318712 0.0389209 0)
(0.00279671 0.0223055 0)
(0.00355257 0.00520336 0)
(0.00980892 0.00743222 0)
(0.00443972 -0.0032509 0)
(0.0108418 -0.00692965 0)
(0.0133153 0.00201261 0)
(0.0188143 0.00429794 0)
(0.0238559 0.00136466 0)
(0.0291353 -0.00115427 0)
(0.0266123 -0.00458909 0)
(0.0331397 0.00122973 0)
(0.00204435 -0.00405963 0)
(-0.0175369 -0.0063443 0)
(-0.00744123 0.00315357 0)
(-0.00132874 0.0124385 0)
(-0.00241409 -0.015445 0)
(0.0189374 -0.00847368 0)
(-0.00438879 -0.0219837 0)
(0.00711712 -0.0645195 0)
(0.00230215 0.0352362 0)
(0.0101735 0.0249561 0)
(0.0110228 0.00913803 0)
(0.00778014 0.00185566 0)
(0.0188557 0.00464126 0)
(0.00875338 -0.00551371 0)
(0.017612 -0.000931466 0)
(0.016447 -0.00107333 0)
(0.0223987 -0.000254368 0)
(0.0229727 -0.00787469 0)
(0.0241667 0.00196898 0)
(0.0294878 0.0100874 0)
(0.0289162 0.0222658 0)
(0.0237995 0.0176096 0)
(0.0178784 -0.0126293 0)
(0.0182146 0.00624427 0)
(0.0250948 -0.00848643 0)
(0.00426513 0.00670633 0)
(0.00846481 0.00152591 0)
(0.0118745 -0.0591782 0)
(0.00691463 0.02699 0)
(0.00944075 0.0164739 0)
(0.0208529 0.00603731 0)
(0.0147412 0.000245598 0)
(0.0118504 -0.00401766 0)
(0.0110925 -0.00462371 0)
(-0.00414674 -0.00354036 0)
(-6.87142e-06 1.16504e-05 0)
(-0.0115672 -0.00597162 0)
(-0.0136965 -0.00713956 0)
(-0.0284878 -0.00909438 0)
(-0.0118275 4.80942e-05 0)
(-0.020527 0.00208366 0)
(0.00971479 0.00546328 0)
(-0.00193738 0.0026154 0)
(-0.00611579 0.00658097 0)
(0.0128603 -0.00277326 0)
(-0.0194053 0.00303839 0)
(0.0306844 -0.0374601 0)
(0.0100931 -0.0585983 0)
(0.00763724 0.0189339 0)
(0.0338707 0.0126893 0)
(0.0334221 0.00976524 0)
(0.0521502 0.00754641 0)
(0.0435415 0.00906286 0)
(0.0553158 0.00739682 0)
(0.0491734 0.00968064 0)
(0.0576784 0.00623911 0)
(0.0555923 0.010132 0)
(0.0634502 0.00827786 0)
(0.0597708 0.00973297 0)
(0.0643758 0.000134101 0)
(0.0590377 0.00231038 0)
(0.0632192 -0.00429776 0)
(0.0637764 0.00221141 0)
(0.0641494 -0.00359511 0)
(0.0673065 -0.000166336 0)
(0.0623606 -0.00402254 0)
(0.0585544 -0.0106197 0)
(0.0259768 -0.00399675 0)
)
;

boundaryField
{
    movingWall
    {
        type            fixedValue;
        value           uniform (1 0 0);
    }
    fixedWalls
    {
        type            noSlip;
    }
    frontAndBack
    {
        type            empty;
    }
}


// ************************************************************************* //
