/*--------------------------------*- C++ -*----------------------------------*\
| =========                 |                                                 |
| \\      /  F ield         | OpenFOAM: The Open Source CFD Toolbox           |
|  \\    /   O peration     | Version:  5.x                                   |
|   \\  /    A nd           | Web:      www.OpenFOAM.org                      |
|    \\/     M anipulation  |                                                 |
\*---------------------------------------------------------------------------*/
FoamFile
{
    version     2.0;
    format      ascii;
    class       volScalarField;
    location    "9.4";
    object      p;
}
// * * * * * * * * * * * * * * * * * * * * * * * * * * * * * * * * * * * * * //

dimensions      [0 2 -2 0 0 0 0];

internalField   nonuniform List<scalar> 
400
(
-5.71347e-11
-0.00035536
-0.000660304
-0.000884124
-0.00103457
-0.00111763
-0.00113874
-0.00113619
-0.00118787
-0.0012164
-0.00116592
-0.00118331
-0.0011961
-0.00114234
-0.00116158
-0.00110517
-0.000981391
-0.000778699
-0.000548633
0.000318216
-0.000364907
-0.000613955
-0.000830799
-0.00101109
-0.00111554
-0.0011655
-0.001161
-0.00114601
-0.00118737
-0.00121718
-0.00116857
-0.0011712
-0.00122879
-0.0011542
-0.00117398
-0.00114774
-0.00113001
-0.00108917
-0.000987844
-0.000393703
-0.000627276
-0.000817046
-0.000993513
-0.00110482
-0.00114323
-0.00116693
-0.00116903
-0.00116444
-0.00118219
-0.00118124
-0.00118266
-0.00116909
-0.00119645
-0.00115418
-0.00117363
-0.00115504
-0.00114343
-0.00112442
-0.00105884
-0.00078787
-0.000906353
-0.00105288
-0.00119456
-0.00126587
-0.00126423
-0.00124679
-0.00122879
-0.00120376
-0.00120073
-0.00119002
-0.00118903
-0.00116807
-0.00118421
-0.00115568
-0.00115979
-0.00114164
-0.00114367
-0.00112394
-0.00115036
-0.00102234
-0.00118528
-0.00131081
-0.00143243
-0.0014624
-0.00139975
-0.00132344
-0.00127395
-0.0012309
-0.00121205
-0.00119154
-0.00119055
-0.00116839
-0.00118361
-0.00115829
-0.00117772
-0.00115775
-0.00117698
-0.001162
-0.00116723
-0.00108784
-0.00142754
-0.00155223
-0.00168184
-0.00168515
-0.00156798
-0.00142333
-0.00133197
-0.00126449
-0.00123051
-0.00119829
-0.00119232
-0.001167
-0.00117067
-0.00114914
-0.00115426
-0.00113585
-0.00115059
-0.00111857
-0.00115135
-0.00111824
-0.00160049
-0.00172436
-0.00190328
-0.00186813
-0.0016923
-0.00149104
-0.00136703
-0.00128252
-0.00123932
-0.00119877
-0.0012008
-0.0011674
-0.00117862
-0.00115231
-0.00117047
-0.00114582
-0.00117269
-0.00114538
-0.00118623
-0.00113224
-0.00168638
-0.00180545
-0.00202984
-0.00196576
-0.00174178
-0.00151061
-0.00137472
-0.00128052
-0.00123664
-0.00118984
-0.00118645
-0.0011534
-0.00116332
-0.00113447
-0.00115281
-0.00112278
-0.00115025
-0.0011113
-0.0011522
-0.00112599
-0.00156558
-0.00176162
-0.00196102
-0.00193598
-0.00169191
-0.00147456
-0.00134508
-0.00126347
-0.00122236
-0.00118609
-0.00117904
-0.00115488
-0.00116263
-0.0011391
-0.00115774
-0.00112697
-0.00116311
-0.00112253
-0.00117655
-0.00111987
-0.0012559
-0.00149817
-0.00170358
-0.00173207
-0.00154436
-0.00137858
-0.00128119
-0.00121997
-0.00118825
-0.00115832
-0.00115353
-0.00113191
-0.00114022
-0.00111784
-0.00113926
-0.00111086
-0.00114071
-0.0010954
-0.00113891
-0.00110192
-0.000929357
-0.00118213
-0.00139237
-0.00144731
-0.00135321
-0.00126713
-0.00120899
-0.0011731
-0.00115673
-0.00114532
-0.00114369
-0.00113227
-0.00114108
-0.00112354
-0.00114134
-0.00110844
-0.00114714
-0.00109635
-0.00115387
-0.00109925
-0.000705742
-0.000953638
-0.00114812
-0.00121163
-0.00118426
-0.00114996
-0.00114456
-0.00113205
-0.00111975
-0.00110596
-0.00110656
-0.00109822
-0.0011034
-0.00109419
-0.00111214
-0.0010961
-0.00113519
-0.00108327
-0.00112883
-0.00106722
-0.000679811
-0.000878211
-0.00100038
-0.00105214
-0.00104342
-0.0010694
-0.0011045
-0.00112217
-0.00111373
-0.00111637
-0.00110913
-0.00111612
-0.00112457
-0.00111052
-0.00113185
-0.00108519
-0.00112541
-0.00108132
-0.00113167
-0.00105061
-0.000841515
-0.000954133
-0.000942255
-0.00098898
-0.00101175
-0.00102831
-0.00105628
-0.00106537
-0.00107001
-0.00107205
-0.00107691
-0.00108618
-0.00108353
-0.00107548
-0.00106333
-0.00109814
-0.00112295
-0.00102181
-0.00109333
-0.00106177
-0.000928596
-0.00100855
-0.000977275
-0.000982416
-0.000990364
-0.000993841
-0.001016
-0.00103375
-0.00105685
-0.00106781
-0.00107995
-0.00111097
-0.00107703
-0.00113723
-0.00112153
-0.00112603
-0.00118065
-0.00111251
-0.00121034
-0.00110435
-0.00111845
-0.00105091
-0.00101577
-0.00100867
-0.00100876
-0.000999866
-0.00104065
-0.00103076
-0.00105519
-0.00105068
-0.00106432
-0.00106472
-0.00106866
-0.00110228
-0.00107656
-0.00107448
-0.00108019
-0.00109658
-0.001123
-0.00106789
-0.000914105
-0.00102999
-0.0010101
-0.000985048
-0.00099742
-0.000996655
-0.00101304
-0.00101323
-0.00105387
-0.00103593
-0.00109588
-0.00106779
-0.00107567
-0.00111089
-0.00105191
-0.0011574
-0.00119975
-0.00108876
-0.00120444
-0.000976647
-0.000893484
-0.0010343
-0.0010106
-0.000992172
-0.000988586
-0.000995699
-0.00100779
-0.00102278
-0.00103817
-0.00104402
-0.00106245
-0.00103053
-0.0010708
-0.00106122
-0.0010846
-0.00117838
-0.00112324
-0.000961627
-0.000954767
-0.000786227
-0.000856114
-0.000985781
-0.00101359
-0.0010051
-0.000987066
-0.000986058
-0.000999307
-0.00101709
-0.00103305
-0.00103815
-0.00108593
-0.00104286
-0.00110752
-0.00105861
-0.00111064
-0.00114705
-0.00107207
-0.00122442
-0.00095378
-0.000541564
-0.00100342
-0.000987433
-0.000947207
-0.000969711
-0.000977428
-0.000987311
-0.000988284
-0.00102305
-0.00102632
-0.00103372
-0.00104686
-0.00103775
-0.00102969
-0.00101524
-0.00106309
-0.00107937
-0.00107051
-0.000847692
-0.000363195
0.000901202
)
;

boundaryField
{
    movingWall
    {
        type            zeroGradient;
    }
    fixedWalls
    {
        type            zeroGradient;
    }
    frontAndBack
    {
        type            empty;
    }
}


// ************************************************************************* //
