/*--------------------------------*- C++ -*----------------------------------*\
| =========                 |                                                 |
| \\      /  F ield         | OpenFOAM: The Open Source CFD Toolbox           |
|  \\    /   O peration     | Version:  5.x                                   |
|   \\  /    A nd           | Web:      www.OpenFOAM.org                      |
|    \\/     M anipulation  |                                                 |
\*---------------------------------------------------------------------------*/
FoamFile
{
    version     2.0;
    format      ascii;
    class       surfaceScalarField;
    location    "9.4";
    object      phi;
}
// * * * * * * * * * * * * * * * * * * * * * * * * * * * * * * * * * * * * * //

dimensions      [0 3 -1 0 0 0 0];

internalField   nonuniform List<scalar> 
760
(
-8.96075e-07
8.96075e-07
-1.46801e-06
5.71933e-07
-1.87448e-06
4.06471e-07
-2.13167e-06
2.57189e-07
-2.2518e-06
1.20129e-07
-2.288e-06
3.61996e-08
-2.26363e-06
-2.4364e-08
-2.30105e-06
3.74142e-08
-2.41175e-06
1.10701e-07
-2.35995e-06
-5.17983e-08
-2.34428e-06
-1.56647e-08
-2.4155e-06
7.12195e-08
-2.38087e-06
-3.46367e-08
-2.33801e-06
-4.28557e-08
-2.36388e-06
2.58674e-08
-2.27825e-06
-8.56316e-08
-2.21646e-06
-6.17852e-08
-1.88147e-06
-3.34992e-07
-1.21437e-06
-6.67097e-07
-1.21437e-06
-5.62478e-07
1.45855e-06
-9.60115e-07
9.6957e-07
-1.07828e-06
5.24637e-07
-1.06429e-06
2.43194e-07
-1.02073e-06
7.65711e-08
-1.00089e-06
1.63614e-08
-9.94648e-07
-3.06066e-08
-9.80388e-07
2.31537e-08
-9.14986e-07
4.52995e-08
-9.73952e-07
7.16819e-09
-1.0106e-06
2.0984e-08
-9.46235e-07
6.85361e-09
-9.93002e-07
1.21301e-08
-9.72417e-07
-6.34408e-08
-9.6862e-07
2.20706e-08
-9.45834e-07
-1.08418e-07
-9.78079e-07
-2.95396e-08
-1.03695e-06
-2.76119e-07
-9.09951e-07
-7.94098e-07
-2.12432e-06
-4.52445e-07
1.911e-06
-8.03147e-07
1.32027e-06
-9.608e-07
6.8229e-07
-9.26997e-07
2.09391e-07
-7.72307e-07
-7.81191e-08
-6.39401e-07
-1.16544e-07
-5.35711e-07
-1.34297e-07
-4.15767e-07
-9.67901e-08
-3.12585e-07
-5.78826e-08
-2.60588e-07
-4.4829e-08
-2.06783e-07
-3.28207e-08
-1.72292e-07
-2.7638e-08
-1.50605e-07
-9.55659e-09
-1.50109e-07
-6.39373e-08
-1.18881e-07
-9.15663e-09
-1.04886e-07
-1.22413e-07
-9.87807e-08
-3.56453e-08
-1.05414e-07
-2.69486e-07
-2.16606e-07
-6.82906e-07
-2.34093e-06
-3.56125e-07
2.26712e-06
-6.7274e-07
1.63689e-06
-8.77122e-07
8.86672e-07
-8.47183e-07
1.79452e-07
-6.91608e-07
-2.33694e-07
-5.36407e-07
-2.71745e-07
-4.07267e-07
-2.63437e-07
-2.95376e-07
-2.08681e-07
-2.09037e-07
-1.44222e-07
-1.40769e-07
-1.13097e-07
-1.06415e-07
-6.71745e-08
-6.98595e-08
-6.41936e-08
-6.90306e-08
-1.03856e-08
-7.04603e-08
-6.25075e-08
-1.08284e-07
2.86673e-08
-1.43631e-07
-8.70667e-08
-1.82833e-07
3.55748e-09
-2.17143e-07
-2.35177e-07
-1.79686e-07
-7.20363e-07
-2.52062e-06
-3.0939e-07
2.57651e-06
-5.996e-07
1.9271e-06
-7.97837e-07
1.08491e-06
-7.79226e-07
1.60841e-07
-6.48865e-07
-3.64055e-07
-4.96571e-07
-4.24039e-07
-3.78867e-07
-3.81141e-07
-2.86913e-07
-3.00635e-07
-2.11976e-07
-2.19159e-07
-1.48524e-07
-1.76549e-07
-9.78068e-08
-1.17892e-07
-5.08839e-08
-1.11116e-07
-9.85286e-09
-5.14167e-08
2.36916e-08
-9.6052e-08
5.12304e-08
1.12853e-09
8.49925e-08
-1.20829e-07
7.42598e-08
1.42902e-08
3.90535e-08
-1.9997e-07
-1.60705e-08
-6.65238e-07
-2.53669e-06
-1.85224e-07
2.76174e-06
-4.07855e-07
2.14973e-06
-5.83937e-07
1.26099e-06
-6.03947e-07
1.80851e-07
-4.90198e-07
-4.77803e-07
-3.36869e-07
-5.77369e-07
-2.19804e-07
-4.98205e-07
-1.37725e-07
-3.82714e-07
-8.1487e-08
-2.75396e-07
-4.62602e-08
-2.11776e-07
-2.64022e-08
-1.3775e-07
-1.58516e-08
-1.21667e-07
-7.44314e-09
-5.98252e-08
-1.53661e-08
-8.8129e-08
-2.30015e-09
-1.19374e-08
-3.18702e-08
-9.12589e-08
-1.09379e-08
-6.64215e-09
-1.31081e-08
-1.978e-07
-1.83119e-08
-6.60035e-07
-2.555e-06
-1.04808e-07
2.86655e-06
-2.50031e-07
2.29495e-06
-3.30624e-07
1.34158e-06
-3.23885e-07
1.74112e-07
-2.39792e-07
-5.61896e-07
-1.50035e-07
-6.67125e-07
-8.65473e-08
-5.61693e-07
-4.97795e-08
-4.19482e-07
-1.54261e-08
-3.0975e-07
2.35449e-10
-2.27437e-07
2.58679e-08
-1.63382e-07
3.89749e-08
-1.34774e-07
5.21717e-08
-7.3022e-08
6.24467e-08
-9.8404e-08
5.99479e-08
-9.43867e-09
6.18865e-08
-9.31974e-08
4.06744e-08
1.457e-08
7.84603e-10
-1.5791e-07
-2.59114e-08
-6.33339e-07
-2.58091e-06
-5.55561e-09
2.8721e-06
2.58057e-08
2.26359e-06
4.2474e-08
1.32492e-06
8.4547e-08
1.32039e-07
9.1346e-08
-5.68695e-07
8.83306e-08
-6.6411e-07
6.64057e-08
-5.39769e-07
4.73246e-08
-4.00401e-07
4.14733e-08
-3.03898e-07
3.55527e-08
-2.21516e-07
3.415e-08
-1.6198e-07
2.66792e-08
-1.27303e-07
2.97819e-08
-7.61248e-08
1.98055e-08
-8.84275e-08
3.14993e-08
-2.11325e-08
1.74918e-08
-7.91899e-08
2.15331e-08
1.05286e-08
2.85339e-08
-1.64911e-07
2.8454e-08
-6.33259e-07
-2.55246e-06
2.68758e-07
2.60334e-06
3.99685e-07
2.13266e-06
4.3186e-07
1.29274e-06
4.5215e-07
1.11749e-07
4.09513e-07
-5.26058e-07
3.67383e-07
-6.21979e-07
3.07791e-07
-4.80177e-07
2.50618e-07
-3.43227e-07
1.92906e-07
-2.46187e-07
1.56846e-07
-1.85456e-07
1.29716e-07
-1.3485e-07
1.15368e-07
-1.12955e-07
1.04735e-07
-6.54917e-08
8.89604e-08
-7.26534e-08
7.02645e-08
-2.43653e-09
5.57583e-08
-6.46837e-08
3.8593e-08
2.76939e-08
-3.78951e-09
-1.22529e-07
-3.28756e-08
-6.04173e-07
-2.58533e-06
6.17788e-07
1.98555e-06
7.70189e-07
1.98026e-06
8.84064e-07
1.17887e-06
8.8355e-07
1.12263e-07
6.99156e-07
-3.41664e-07
4.55562e-07
-3.78385e-07
2.84254e-07
-3.0887e-07
2.0625e-07
-2.65223e-07
1.64478e-07
-2.04415e-07
1.34131e-07
-1.55108e-07
1.06804e-07
-1.07523e-07
7.42834e-08
-8.04344e-08
6.99374e-08
-6.11457e-08
4.16234e-08
-4.43394e-08
6.97527e-08
-3.05659e-08
8.84466e-08
-8.33776e-08
6.12403e-08
5.49003e-08
5.7258e-08
-1.18547e-07
4.00773e-08
-5.86992e-07
-2.54525e-06
6.26053e-07
1.3595e-06
9.09822e-07
1.69649e-06
1.11266e-06
9.76025e-07
1.08694e-06
1.3799e-07
9.55305e-07
-2.10033e-07
7.88918e-07
-2.11997e-07
6.10047e-07
-1.29999e-07
4.27936e-07
-8.31122e-08
2.96965e-07
-7.34452e-08
2.08441e-07
-6.65837e-08
1.75999e-07
-7.50813e-08
1.4824e-07
-5.26747e-08
1.37493e-07
-5.03993e-08
1.22616e-07
-2.94621e-08
8.0493e-08
1.15569e-08
2.34251e-08
-2.63097e-08
3.19091e-08
4.64163e-08
-8.2318e-09
-7.84057e-08
-4.55794e-08
-5.49644e-07
-2.59083e-06
7.39391e-07
6.2011e-07
1.12149e-06
1.31439e-06
1.2367e-06
8.60823e-07
1.04315e-06
3.31539e-07
8.28672e-07
4.44083e-09
7.39691e-07
-1.23016e-07
6.56604e-07
-4.6912e-08
5.42174e-07
3.13179e-08
3.93066e-07
7.56624e-08
2.86326e-07
4.01569e-08
1.89507e-07
2.1737e-08
1.28356e-07
8.47618e-09
6.80707e-08
9.88632e-09
-2.82453e-08
6.68539e-08
4.74987e-08
-6.41871e-08
-8.68832e-09
2.98773e-08
2.24001e-08
1.53279e-08
6.76091e-08
-1.23615e-07
2.37735e-08
-5.05809e-07
-2.56706e-06
6.67957e-07
-4.78464e-08
1.16976e-06
8.12588e-07
1.34078e-06
6.89797e-07
1.10983e-06
5.62497e-07
6.85228e-07
4.2904e-07
3.20381e-07
2.4183e-07
1.37066e-07
1.36403e-07
7.14843e-08
9.69001e-08
8.78474e-08
5.92993e-08
6.47147e-08
6.32896e-08
1.1521e-07
-2.87583e-08
2.36184e-08
1.00068e-07
1.21285e-07
-8.77801e-08
9.71024e-08
9.10363e-08
8.09298e-08
-4.80146e-08
6.41605e-08
4.66467e-08
9.23434e-08
-1.28549e-08
1.16507e-07
-1.47778e-07
-1.63378e-08
-3.72964e-07
-2.5834e-06
3.36879e-07
-3.84725e-07
6.3105e-07
5.18417e-07
8.14186e-07
5.06661e-07
8.85796e-07
4.90886e-07
8.9177e-07
4.23067e-07
8.2205e-07
3.1155e-07
7.62793e-07
1.9566e-07
6.82158e-07
1.77536e-07
6.23675e-07
1.17782e-07
5.29062e-07
1.57903e-07
4.77725e-07
2.25792e-08
4.06875e-07
1.70918e-07
2.64126e-07
5.49685e-08
1.83106e-07
1.72056e-07
-1.36054e-07
2.71146e-07
-4.12358e-07
3.22951e-07
-1.76423e-07
-2.4879e-07
-5.74602e-08
-2.66741e-07
2.15222e-08
-4.51946e-07
-2.56188e-06
2.70777e-07
-6.55502e-07
4.52675e-07
3.36519e-07
3.71484e-07
5.87851e-07
3.27774e-07
5.34596e-07
2.88181e-07
4.6266e-07
2.74376e-07
3.25354e-07
1.5683e-07
3.13206e-07
1.14011e-07
2.20355e-07
-1.65533e-08
2.48346e-07
-3.80223e-08
1.79372e-07
-1.60028e-07
1.44585e-07
-1.85435e-07
1.96325e-07
-1.95148e-07
6.46809e-08
-2.91095e-07
2.68003e-07
3.00392e-09
-2.2953e-08
1.24674e-07
2.0128e-07
2.87262e-08
-1.52842e-07
-2.28732e-07
-9.28297e-09
-8.78645e-08
-5.92814e-07
-2.64974e-06
2.36404e-08
-6.79142e-07
1.28418e-07
2.31742e-07
2.25521e-07
4.90748e-07
4.08156e-07
3.51961e-07
4.21412e-07
4.49403e-07
4.83737e-07
2.63029e-07
4.69857e-07
3.27086e-07
4.59018e-07
2.31194e-07
4.63402e-07
2.43961e-07
4.46183e-07
1.96592e-07
4.53192e-07
1.37576e-07
3.57388e-07
2.92129e-07
4.35811e-07
-1.37416e-08
3.59535e-07
3.44279e-07
3.00604e-07
3.59784e-08
4.2854e-07
7.33441e-08
3.08715e-07
-3.3017e-08
4.22808e-08
2.57151e-07
7.49974e-08
-6.2553e-07
-2.57474e-06
-2.90742e-07
-3.884e-07
-5.44178e-07
4.85177e-07
-3.3587e-07
2.82441e-07
-2.67083e-07
2.83174e-07
-2.1201e-07
3.94331e-07
-1.72082e-07
2.23101e-07
-9.93851e-08
2.5439e-07
-1.21373e-07
2.53182e-07
-4.71195e-08
1.69708e-07
-5.56527e-08
2.05125e-07
-4.82221e-08
1.30145e-07
6.97118e-08
1.74195e-07
-6.298e-08
1.1895e-07
2.46638e-08
2.56635e-07
-6.39079e-08
1.2455e-07
-3.03971e-07
3.13407e-07
1.37964e-07
-4.74952e-07
2.76619e-07
1.18496e-07
4.61846e-08
-3.95096e-07
-2.52856e-06
-4.7621e-08
-3.40779e-07
2.55402e-07
1.82154e-07
3.09036e-07
2.28807e-07
3.13274e-07
2.78935e-07
4.01161e-07
3.06444e-07
4.38705e-07
1.85557e-07
4.88772e-07
2.04323e-07
5.45733e-07
1.96221e-07
5.54676e-07
1.60765e-07
6.07838e-07
1.51963e-07
5.60935e-07
1.77048e-07
5.82356e-07
1.52774e-07
6.07034e-07
9.42726e-08
5.06196e-07
3.57473e-07
6.93619e-07
-6.28736e-08
5.82056e-07
4.2497e-07
4.18056e-07
-3.10951e-07
2.92506e-07
2.44046e-07
2.49349e-07
-3.51939e-07
-2.27921e-06
-7.36414e-07
3.95635e-07
-8.51671e-07
2.9741e-07
-8.52389e-07
2.29525e-07
-7.55071e-07
1.81617e-07
-6.6074e-07
2.12113e-07
-6.03996e-07
1.28814e-07
-5.56541e-07
1.56868e-07
-5.13224e-07
1.52903e-07
-4.65825e-07
1.13366e-07
-4.30194e-07
1.16332e-07
-3.62902e-07
1.09756e-07
-3.01131e-07
9.10028e-08
-2.64201e-07
5.73431e-08
-8.42355e-08
1.77507e-07
-2.10863e-07
6.37536e-08
6.39725e-08
1.50135e-07
-2.23842e-07
-2.31367e-08
9.01104e-08
-6.99069e-08
7.30723e-07
-9.92551e-07
-1.54849e-06
3.95635e-07
6.93046e-07
9.22571e-07
1.10419e-06
1.3163e-06
1.44511e-06
1.60198e-06
1.75489e-06
1.86825e-06
1.98458e-06
2.09434e-06
2.18534e-06
2.24269e-06
2.42019e-06
2.48395e-06
2.63408e-06
2.61094e-06
2.54104e-06
1.54849e-06
)
;

boundaryField
{
    movingWall
    {
        type            calculated;
        value           uniform 0;
    }
    fixedWalls
    {
        type            calculated;
        value           uniform 0;
    }
    frontAndBack
    {
        type            empty;
        value           nonuniform 0();
    }
}


// ************************************************************************* //
