/*--------------------------------*- C++ -*----------------------------------*\
| =========                 |                                                 |
| \\      /  F ield         | OpenFOAM: The Open Source CFD Toolbox           |
|  \\    /   O peration     | Version:  5.x                                   |
|   \\  /    A nd           | Web:      www.OpenFOAM.org                      |
|    \\/     M anipulation  |                                                 |
\*---------------------------------------------------------------------------*/
FoamFile
{
    version     2.0;
    format      ascii;
    class       volVectorField;
    location    "9.4";
    object      U;
}
// * * * * * * * * * * * * * * * * * * * * * * * * * * * * * * * * * * * * * //

dimensions      [0 1 -1 0 0 0 0];

internalField   nonuniform List<vector> 
400
(
(-0.0122554 0.0063539 0)
(-0.0263206 0.00280576 0)
(-0.033636 0.00414812 0)
(-0.0403321 0.00232231 0)
(-0.0438075 -0.000588192 0)
(-0.0454551 -0.00231645 0)
(-0.04569 -0.00327864 0)
(-0.0440119 -0.00176135 0)
(-0.0472133 0.000961401 0)
(-0.0510649 -0.00420066 0)
(-0.0427614 -0.00298262 0)
(-0.0497734 0.00143847 0)
(-0.0488703 -0.00329352 0)
(-0.0446946 -0.00224168 0)
(-0.0507166 -0.000964057 0)
(-0.0450271 -0.00305351 0)
(-0.0467821 -0.00227467 0)
(-0.0402005 -0.00584917 0)
(-0.0398737 -0.00966992 0)
(-0.00265827 -0.0150117 0)
(-0.00708862 0.0266039 0)
(-0.0172219 0.018194 0)
(-0.0218118 0.0109639 0)
(-0.0213612 0.00708972 0)
(-0.0203143 0.00481666 0)
(-0.020255 0.00348733 0)
(-0.0193108 0.00215953 0)
(-0.0197492 0.00324049 0)
(-0.0189557 0.00357489 0)
(-0.0189397 0.00195975 0)
(-0.0196351 0.00230696 0)
(-0.0195175 0.00162174 0)
(-0.0203206 0.00167112 0)
(-0.0175295 0.000356176 0)
(-0.0225411 0.00188228 0)
(-0.0154767 -0.000733161 0)
(-0.0231237 -0.000790709 0)
(-0.0161366 -0.00952472 0)
(-0.0283482 -0.0202929 0)
(-0.00360408 -0.0385571 0)
(-0.00491918 0.0333229 0)
(-0.0145499 0.0218457 0)
(-0.0186013 0.0105179 0)
(-0.0196164 0.00326333 0)
(-0.0163064 -0.00129287 0)
(-0.0142037 -0.00263563 0)
(-0.0114155 -0.00316438 0)
(-0.00948049 -0.00225061 0)
(-0.00756156 -0.00166297 0)
(-0.00471024 -0.00155688 0)
(-0.00608107 -0.00149843 0)
(-0.00164828 -0.00139435 0)
(-0.00588348 -0.00103549 0)
(0.000484149 -0.00272981 0)
(-0.00701416 -0.00102618 0)
(0.00255836 -0.00342996 0)
(-0.0069157 -0.000121179 0)
(0.00269393 -0.000375555 0)
(-0.00748867 -0.00899268 0)
(0.000260994 -0.0438544 0)
(-0.00377621 0.0419564 0)
(-0.0115235 0.0299822 0)
(-0.0163979 0.0162578 0)
(-0.0183515 0.00475187 0)
(-0.0144574 -0.00220248 0)
(-0.0125991 -0.00249097 0)
(-0.00921829 -0.00266612 0)
(-0.00664805 -0.00191267 0)
(-0.00553933 -0.000845844 0)
(-0.00254923 -0.000452566 0)
(-0.00339499 0.000135557 0)
(-0.000501414 0.000334005 0)
(-0.00263142 0.00064562 0)
(0.000186139 0.000136182 0)
(-0.00326758 0.000749363 0)
(-0.000775951 -0.00111741 0)
(-0.00531127 -0.0011205 0)
(-0.00150317 -0.00976724 0)
(-0.0081122 -0.0194347 0)
(0.00192747 -0.0494523 0)
(-0.00308847 0.0474873 0)
(-0.0101885 0.0343221 0)
(-0.0148537 0.0185129 0)
(-0.0166384 0.00221612 0)
(-0.0134018 -0.00716717 0)
(-0.0117585 -0.00804923 0)
(-0.00858696 -0.00750008 0)
(-0.00635037 -0.00612469 0)
(-0.00549101 -0.00469382 0)
(-0.00269899 -0.0039291 0)
(-0.00359382 -0.00272907 0)
(2.25497e-05 -0.00286776 0)
(-0.00233922 -0.00112938 0)
(0.00207255 -0.00276573 0)
(-0.00132484 0.000193556 0)
(0.00365731 -0.00270713 0)
(-0.000610077 0.0011819 0)
(0.00386336 -0.000388216 0)
(-0.00258691 -0.00863607 0)
(0.00217321 -0.0488153 0)
(-0.00100824 0.0542424 0)
(-0.00706423 0.0414965 0)
(-0.0103108 0.0237953 0)
(-0.0125379 0.00376107 0)
(-0.0105902 -0.00817007 0)
(-0.00813811 -0.00961512 0)
(-0.00576776 -0.0082666 0)
(-0.00288275 -0.0062671 0)
(-0.002915 -0.00434782 0)
(-0.00015267 -0.00331115 0)
(-0.00189548 -0.00198809 0)
(0.000992959 -0.00147734 0)
(-0.00175448 -0.000744265 0)
(0.00154016 -0.000859844 0)
(-0.00227723 -0.000104063 0)
(0.00223254 -0.00171394 0)
(-0.00373194 -0.000434168 0)
(0.00344785 -0.0068345 0)
(-0.00415572 -0.0169317 0)
(0.0036123 -0.0515345 0)
(0.000814716 0.0550342 0)
(-0.00541163 0.0435743 0)
(-0.00572268 0.0253432 0)
(-0.00684481 0.00308282 0)
(-0.00529777 -0.0111498 0)
(-0.00365714 -0.0133553 0)
(-0.00263442 -0.0115765 0)
(-0.000796922 -0.00896834 0)
(-0.00137154 -0.00674675 0)
(0.000845613 -0.00531302 0)
(-0.000875188 -0.00377968 0)
(0.00211465 -0.00358487 0)
(-0.00081127 -0.0018749 0)
(0.00319181 -0.0029067 0)
(-0.00102492 -0.000504193 0)
(0.00375961 -0.00228085 0)
(-0.00164501 5.81272e-05 0)
(0.00358552 -0.00179232 0)
(-0.00363562 -0.0106918 0)
(0.00287863 -0.0504447 0)
(-0.000688911 0.059391 0)
(0.000439591 0.0477916 0)
(8.15609e-05 0.0279 0)
(0.00199176 0.00351694 0)
(0.00197959 -0.0113287 0)
(0.00214741 -0.0134198 0)
(0.00105062 -0.0107817 0)
(0.00167618 -0.00760683 0)
(-2.41419e-05 -0.00543507 0)
(0.00188691 -0.00351405 0)
(-0.000697763 -0.00247402 0)
(0.00228991 -0.00152799 0)
(-0.00143555 -0.000815917 0)
(0.00285555 -0.000741031 0)
(-0.00226088 0.000227234 0)
(0.00378114 -0.0011162 0)
(-0.00329182 0.000678277 0)
(0.00440472 -0.00395033 0)
(-0.00355238 -0.013415 0)
(0.00491937 -0.0518709 0)
(0.00169008 0.0576133 0)
(0.00792657 0.0437971 0)
(0.00672824 0.0261276 0)
(0.0105521 0.00163334 0)
(0.00910871 -0.0109293 0)
(0.00791224 -0.0127394 0)
(0.00625953 -0.0105338 0)
(0.00594936 -0.00860682 0)
(0.00365415 -0.00692599 0)
(0.00436493 -0.00569437 0)
(0.00153193 -0.00427626 0)
(0.0040111 -0.00387717 0)
(0.000222856 -0.00245966 0)
(0.00435989 -0.00308621 0)
(-0.00121057 -0.0012114 0)
(0.00442855 -0.00232321 0)
(-0.00259807 -0.000381793 0)
(0.00450434 -0.00316618 0)
(-0.0047813 -0.0131267 0)
(0.00379755 -0.0510976 0)
(0.00880091 0.0491354 0)
(0.0140726 0.0441111 0)
(0.0152765 0.0274042 0)
(0.0202337 0.00326802 0)
(0.0171453 -0.00937574 0)
(0.0115383 -0.011428 0)
(0.00617366 -0.00820616 0)
(0.00523845 -0.00474079 0)
(0.00267962 -0.00260219 0)
(0.0041781 -0.00135586 0)
(0.00085311 -0.000823894 0)
(0.00373496 -0.00031854 0)
(-0.00106472 7.70835e-05 0)
(0.00418429 0.000455323 0)
(-0.00279703 0.00115449 0)
(0.00597251 -5.50955e-05 0)
(-0.00291983 0.00168091 0)
(0.00581842 -0.00133576 0)
(-0.00396967 -0.00987641 0)
(0.00587978 -0.0512173 0)
(0.00933911 0.0320106 0)
(0.0138692 0.0370334 0)
(0.0210467 0.0211836 0)
(0.0243551 0.00173686 0)
(0.0207641 -0.00371706 0)
(0.017933 -0.0038293 0)
(0.013814 -0.00413613 0)
(0.0106569 -0.00596157 0)
(0.00616115 -0.00579119 0)
(0.00591288 -0.00519667 0)
(0.00214601 -0.00377126 0)
(0.00521613 -0.00319587 0)
(0.000344274 -0.00279004 0)
(0.00556609 -0.0024591 0)
(-0.00111958 -0.00255373 0)
(0.00478309 -0.00347845 0)
(-0.00412226 0.000285172 0)
(0.0057549 -0.00371617 0)
(-0.00627419 -0.014627 0)
(0.00483982 -0.0518986 0)
(0.00965186 0.0239695 0)
(0.017864 0.0317958 0)
(0.0260009 0.0183143 0)
(0.0244622 0.00399204 0)
(0.0183585 -0.00444975 0)
(0.0153907 -0.00425979 0)
(0.0135956 -0.000852903 0)
(0.012984 0.00283786 0)
(0.0085307 0.00308074 0)
(0.0075291 0.00284371 0)
(0.00357151 0.00107591 0)
(0.0042969 0.0013828 0)
(0.000571762 0.00107922 0)
(0.00238937 0.0014937 0)
(-0.00370342 0.00315772 0)
(0.00589487 0.00250324 0)
(-0.00640099 0.00171313 0)
(0.00758793 0.000772479 0)
(-0.0054082 -0.00650773 0)
(0.00664327 -0.0504431 0)
(0.00422364 0.000211751 0)
(0.0206015 0.0198599 0)
(0.0269578 0.0153971 0)
(0.0271231 0.00908693 0)
(0.0183347 0.0047334 0)
(0.00857411 -0.000803474 0)
(0.00397241 -0.0011687 0)
(0.00154839 -0.0018282 0)
(0.0015311 -0.000390219 0)
(0.00180095 -0.00153254 0)
(0.000958505 -0.000392856 0)
(0.00353009 -0.00117892 0)
(-0.0026936 -0.000844212 0)
(0.00791804 0.000817961 0)
(-0.00448251 -0.00613676 0)
(0.00822106 -0.00119573 0)
(-0.00612475 -0.00108631 0)
(0.0103947 -0.006121 0)
(-0.00646012 -0.0145743 0)
(0.00606909 -0.0516774 0)
(-0.000532916 -0.00265363 0)
(0.0127531 0.0110355 0)
(0.0139867 0.0124494 0)
(0.0174705 0.0126827 0)
(0.0184143 0.0115715 0)
(0.0176245 0.0103425 0)
(0.0146683 0.00688448 0)
(0.0162993 0.00608719 0)
(0.0108799 0.0030555 0)
(0.0143356 0.0044158 0)
(0.00669859 -0.000565762 0)
(0.0120864 0.00563595 0)
(0.00429224 -0.00226253 0)
(0.00620565 0.00334397 0)
(0.00153855 0.00466268 0)
(-0.00737045 0.00302734 0)
(-0.0100978 0.000684922 0)
(0.00406117 0.000983684 0)
(-0.00691671 0.000875751 0)
(0.00801851 -0.0509272 0)
(-0.00372418 -0.0115497 0)
(0.0135445 0.0102311 0)
(0.00569016 0.00694838 0)
(0.00870711 0.00712492 0)
(0.00422807 0.00589734 0)
(0.00760253 0.00258882 0)
(0.00306372 0.00141766 0)
(0.00335604 0.00105481 0)
(0.00103439 0.0014395 0)
(-0.00163702 0.00148098 0)
(0.000242991 0.00130542 0)
(-0.00716166 0.000544782 0)
(0.000508536 0.00425765 0)
(-0.00911936 0.0027287 0)
(-0.00181846 0.00506601 0)
(0.00198035 0.00911823 0)
(0.00234749 -0.0116786 0)
(-0.000793759 -0.0128141 0)
(-0.0096526 -0.0207571 0)
(0.00687542 -0.0538987 0)
(-0.00318147 -0.0172307 0)
(0.00433991 0.0026321 0)
(0.000857911 0.0158438 0)
(0.00785422 0.0133388 0)
(0.00810929 0.0118086 0)
(0.00943769 0.00987259 0)
(0.0089485 0.0102606 0)
(0.0107236 0.00733448 0)
(0.00688999 0.00825481 0)
(0.0122913 0.00595293 0)
(0.00504057 0.00491204 0)
(0.0134739 0.00799357 0)
(0.00125233 -0.00152312 0)
(0.0152951 0.0088409 0)
(-0.000141663 -0.00574429 0)
(0.0118885 -0.000143321 0)
(0.0051683 0.00663589 0)
(0.00735262 0.0125891 0)
(-0.00593892 -0.000858526 0)
(0.00939147 -0.050814 0)
(0.000793932 -0.00712729 0)
(-0.0136464 0.00727715 0)
(-0.00689389 0.00449232 0)
(-0.00608014 0.00147373 0)
(-0.00512064 0.00670053 0)
(-0.00298379 0.000753692 0)
(-0.00425585 0.00350272 0)
(0.000626149 0.00234045 0)
(-0.00597511 0.00124878 0)
(0.00445667 0.00216613 0)
(-0.00711875 3.83446e-05 0)
(0.00554236 0.00297728 0)
(-0.00286744 0.000888411 0)
(-4.68018e-05 0.0041138 0)
(0.00138604 0.00734726 0)
(-0.00448395 0.00253536 0)
(-0.00838452 -0.00847172 0)
(0.0149263 -0.00309994 0)
(-0.0056287 -0.0266542 0)
(0.00820094 -0.0538382 0)
(-0.00444617 -0.00965519 0)
(0.00200388 0.0112826 0)
(0.00914446 0.0065888 0)
(0.00347193 0.00953192 0)
(0.00887324 0.00932093 0)
(0.00722578 0.00794862 0)
(0.0101317 0.00635447 0)
(0.00939472 0.00733538 0)
(0.012161 0.00581914 0)
(0.0104733 0.00567093 0)
(0.0129919 0.00572942 0)
(0.0106041 0.00454474 0)
(0.0115047 0.00422509 0)
(0.0137797 0.00688181 0)
(0.00702478 -0.00276613 0)
(0.0189997 0.0102915 0)
(0.00500446 -0.00910286 0)
(0.013175 0.00893489 0)
(-0.00281957 0.0129864 0)
(0.0140676 -0.0461242 0)
(-0.0195152 -0.00281203 0)
(-0.0117876 -0.00338721 0)
(-0.0212004 0.00200204 0)
(-0.012341 0.00107474 0)
(-0.0172509 0.00259091 0)
(-0.00880618 -0.000251287 0)
(-0.0158435 0.0017354 0)
(-0.00632346 0.000821959 0)
(-0.0140792 0.000443465 0)
(-0.00394084 0.000588359 0)
(-0.0143317 0.000702379 0)
(0.00102472 0.00112495 0)
(-0.0142332 -0.000996471 0)
(0.00473611 0.00663145 0)
(-0.00855117 -3.7855e-05 0)
(-0.000523458 0.00661354 0)
(0.00373778 -0.00294401 0)
(-0.0143952 -0.00141418 0)
(0.0187115 -0.02949 0)
(0.0133596 -0.05223 0)
(0.000147235 0.0170201 0)
(0.015368 0.0147248 0)
(0.0134819 0.00796224 0)
(0.0221659 0.00673925 0)
(0.0227978 0.00619076 0)
(0.0293829 0.00523206 0)
(0.0287283 0.00471685 0)
(0.0345661 0.00510065 0)
(0.036595 0.0042331 0)
(0.0372077 0.00413837 0)
(0.0426635 0.00415859 0)
(0.0409853 0.00270282 0)
(0.0461252 0.0037611 0)
(0.0454594 0.00101271 0)
(0.0492079 0.0029808 0)
(0.0507008 -4.58325e-05 0)
(0.0514989 0.00186819 0)
(0.0517973 -0.000192647 0)
(0.0447433 -0.00538061 0)
(0.0251348 -0.00068458 0)
)
;

boundaryField
{
    movingWall
    {
        type            fixedValue;
        value           uniform (1 0 0);
    }
    fixedWalls
    {
        type            noSlip;
    }
    frontAndBack
    {
        type            empty;
    }
}


// ************************************************************************* //
