/*--------------------------------*- C++ -*----------------------------------*\
| =========                 |                                                 |
| \\      /  F ield         | OpenFOAM: The Open Source CFD Toolbox           |
|  \\    /   O peration     | Version:  5.x                                   |
|   \\  /    A nd           | Web:      www.OpenFOAM.org                      |
|    \\/     M anipulation  |                                                 |
\*---------------------------------------------------------------------------*/
FoamFile
{
    version     2.0;
    format      ascii;
    class       volScalarField;
    location    "3.1";
    object      p;
}
// * * * * * * * * * * * * * * * * * * * * * * * * * * * * * * * * * * * * * //

dimensions      [0 2 -2 0 0 0 0];

internalField   nonuniform List<scalar> 
400
(
7.2477e-11
6.38178e-07
1.97886e-06
4.05105e-06
6.92193e-06
1.06779e-05
1.54266e-05
2.12945e-05
2.84233e-05
3.69621e-05
4.70556e-05
5.88219e-05
7.2316e-05
8.74717e-05
0.000104089
0.000121607
0.000139054
0.000154951
0.000167438
0.000174419
-7.21001e-07
-1.08523e-07
1.18756e-06
3.19412e-06
5.9786e-06
9.62842e-06
1.42533e-05
1.99844e-05
2.6972e-05
3.53795e-05
4.53739e-05
5.71076e-05
7.06871e-05
8.61288e-05
0.000103215
0.000121591
0.000140296
0.000157774
0.000171873
0.000180131
-2.20411e-06
-1.63667e-06
-4.28156e-07
1.44739e-06
4.05813e-06
7.49278e-06
1.18648e-05
1.73137e-05
2.4005e-05
3.21289e-05
4.18951e-05
5.35204e-05
6.72045e-05
8.30824e-05
0.000101145
0.000121241
0.000142512
0.000163367
0.00018111
0.000192572
-4.39573e-06
-3.89482e-06
-2.81797e-06
-1.14073e-06
1.20562e-06
4.31066e-06
8.29144e-06
1.32954e-05
1.95053e-05
2.71437e-05
3.64766e-05
4.78105e-05
6.14773e-05
7.77972e-05
9.70434e-05
0.000119613
0.000144797
0.000171204
0.000195449
0.000213638
-7.23013e-06
-6.81784e-06
-5.91714e-06
-4.50621e-06
-2.51694e-06
1.38484e-07
3.5772e-06
7.95083e-06
1.34549e-05
2.03411e-05
2.89327e-05
3.96392e-05
5.29623e-05
6.94466e-05
8.94566e-05
0.000115151
0.000145417
0.000179877
0.000214816
0.00024683
-1.06171e-05
-1.03159e-05
-9.63599e-06
-8.55941e-06
-7.02054e-06
-4.93763e-06
-2.20031e-06
1.3382e-06
5.87379e-06
1.16715e-05
1.9094e-05
2.86442e-05
4.10286e-05
5.72673e-05
7.89499e-05
0.000105764
0.000141132
0.000185858
0.000237022
0.000297389
-1.44429e-05
-1.42758e-05
-1.38606e-05
-1.31845e-05
-1.21862e-05
-1.07956e-05
-8.91849e-06
-6.42797e-06
-3.14868e-06
1.16653e-06
6.87316e-06
1.44935e-05
2.48079e-05
3.89958e-05
5.88061e-05
8.65769e-05
0.000125734
0.000180844
0.000253734
0.000369281
-1.85699e-05
-1.85611e-05
-1.84534e-05
-1.82399e-05
-1.78638e-05
-1.72734e-05
-1.64013e-05
-1.51578e-05
-1.34162e-05
-1.09904e-05
-7.59897e-06
-2.80634e-06
4.07543e-06
1.41563e-05
2.92509e-05
5.24835e-05
9.02926e-05
0.0001494
0.000234805
0.000441388
-2.28338e-05
-2.30157e-05
-2.32568e-05
-2.35638e-05
-2.3876e-05
-2.41704e-05
-2.44165e-05
-2.458e-05
-2.46098e-05
-2.44265e-05
-2.39004e-05
-2.28151e-05
-2.08081e-05
-1.7256e-05
-1.11376e-05
-9.54225e-07
1.96503e-05
6.27115e-05
6.83478e-05
0.00037585
-2.70492e-05
-2.74582e-05
-2.8091e-05
-2.8969e-05
-3.00166e-05
-3.12466e-05
-3.26763e-05
-3.43398e-05
-3.62821e-05
-3.85642e-05
-4.12652e-05
-4.44898e-05
-4.83969e-05
-5.32521e-05
-5.96151e-05
-7.04317e-05
-9.39428e-05
-8.71965e-05
-0.000342123
3.45949e-05
-3.09671e-05
-3.17567e-05
-3.27975e-05
-3.43703e-05
-3.61308e-05
-3.82986e-05
-4.08911e-05
-4.40492e-05
-4.79157e-05
-5.27164e-05
-5.87836e-05
-6.66164e-05
-7.70139e-05
-9.13563e-05
-0.000111588
-0.000140532
-0.000224937
-0.000193001
-0.000580794
-0.000313858
-3.43834e-05
-3.55225e-05
-3.70579e-05
-3.91542e-05
-4.1721e-05
-4.48228e-05
-4.85813e-05
-5.31518e-05
-5.87972e-05
-6.58744e-05
-7.49152e-05
-8.66988e-05
-0.000102432
-0.000124187
-0.000157008
-0.000183583
-0.000299063
-0.000265832
-0.000465396
-0.00039091
-3.67497e-05
-3.94922e-05
-4.12359e-05
-4.54617e-05
-4.80855e-05
-5.22533e-05
-5.65241e-05
-6.20424e-05
-6.89628e-05
-7.78903e-05
-8.94541e-05
-0.000104661
-0.000124894
-0.000149708
-0.000197813
-0.000219504
-0.000350875
-0.000358877
-0.00052375
-0.0004822
-3.81723e-05
-4.14962e-05
-4.40729e-05
-4.69883e-05
-5.06229e-05
-5.48202e-05
-6.0326e-05
-6.71268e-05
-7.56741e-05
-8.62402e-05
-9.9601e-05
-0.000116574
-0.000140413
-0.000161696
-0.000221447
-0.000242059
-0.000377966
-0.00041197
-0.000627143
-0.00057915
-3.47327e-05
-4.30991e-05
-4.82042e-05
-5.61426e-05
-5.87812e-05
-6.58998e-05
-6.9566e-05
-7.69581e-05
-8.4855e-05
-9.57034e-05
-0.000109169
-0.000125352
-0.000155266
-0.000167584
-0.0002329
-0.000262052
-0.000362886
-0.000429435
-0.000563413
-0.000510265
-3.69151e-05
-5.51427e-05
-5.1511e-05
-5.54872e-05
-5.67646e-05
-6.01494e-05
-6.58571e-05
-7.29219e-05
-8.28325e-05
-9.44776e-05
-0.000109767
-0.000124063
-0.000154424
-0.000172403
-0.000218633
-0.000251449
-0.000324455
-0.000381519
-0.000473343
-0.000362382
-9.62845e-06
-3.25442e-05
-5.47109e-05
-6.88888e-05
-6.95953e-05
-7.86869e-05
-7.75465e-05
-8.62637e-05
-9.25431e-05
-0.000104007
-0.000116085
-0.000130846
-0.000153766
-0.000170545
-0.000204368
-0.000237861
-0.000279772
-0.000326749
-0.000414356
-0.000185857
-2.48897e-05
-0.000110079
-8.10535e-05
-6.75413e-05
-6.02721e-05
-5.96846e-05
-6.15541e-05
-6.86885e-05
-7.84621e-05
-9.13294e-05
-0.00010501
-0.000123403
-0.000141726
-0.000161252
-0.000183214
-0.00019336
-0.000191824
-0.000215314
-0.000194335
0.000127413
1.66398e-05
-8.1811e-05
-8.2733e-05
-7.64807e-05
-5.99721e-05
-8.04194e-05
-7.35918e-05
-8.35237e-05
-9.24147e-05
-0.000106597
-0.000112032
-0.000133116
-0.000150264
-0.0001629
-0.000184296
-0.000217375
-0.000211991
-0.000135081
-0.000161061
0.000571005
-0.000127827
-5.3616e-05
-3.3208e-05
-4.26775e-05
-3.72011e-05
-4.51937e-05
-5.66465e-05
-5.2508e-05
-6.9486e-05
-9.36057e-05
-8.43012e-05
-0.000120975
-0.000136301
-0.00013093
-0.000163384
-0.000158311
-0.000112781
0.000172562
0.000658373
0.00201321
)
;

boundaryField
{
    movingWall
    {
        type            zeroGradient;
    }
    fixedWalls
    {
        type            zeroGradient;
    }
    frontAndBack
    {
        type            empty;
    }
}


// ************************************************************************* //
