/*--------------------------------*- C++ -*----------------------------------*\
| =========                 |                                                 |
| \\      /  F ield         | OpenFOAM: The Open Source CFD Toolbox           |
|  \\    /   O peration     | Version:  5.x                                   |
|   \\  /    A nd           | Web:      www.OpenFOAM.org                      |
|    \\/     M anipulation  |                                                 |
\*---------------------------------------------------------------------------*/
FoamFile
{
    version     2.0;
    format      ascii;
    class       surfaceScalarField;
    location    "3.1";
    object      phi;
}
// * * * * * * * * * * * * * * * * * * * * * * * * * * * * * * * * * * * * * //

dimensions      [0 3 -1 0 0 0 0];

internalField   nonuniform List<scalar> 
760
(
-1.04403e-08
1.04403e-08
-2.13508e-08
1.09105e-08
-3.23121e-08
1.09613e-08
-4.3331e-08
1.10189e-08
-5.43908e-08
1.10598e-08
-6.54425e-08
1.10517e-08
-7.63928e-08
1.09504e-08
-8.70885e-08
1.06956e-08
-9.72962e-08
1.02077e-08
-1.0668e-07
9.38379e-09
-1.14776e-07
8.09629e-09
-1.20969e-07
6.19321e-09
-1.2448e-07
3.51058e-09
-1.24369e-07
-1.11384e-10
-1.19396e-07
-4.97307e-09
-1.08463e-07
-1.09328e-08
-9.06854e-08
-1.77774e-08
-6.57844e-08
-2.49011e-08
-3.45481e-08
-3.12363e-08
-3.45481e-08
-1.09028e-08
2.13431e-08
-2.2293e-08
2.23007e-08
-3.37336e-08
2.24019e-08
-4.52313e-08
2.25167e-08
-5.6771e-08
2.25994e-08
-6.83074e-08
2.25882e-08
-7.97549e-08
2.23979e-08
-9.09713e-08
2.1912e-08
-1.01738e-07
2.09742e-08
-1.11735e-07
1.93805e-08
-1.20512e-07
1.68737e-08
-1.2746e-07
1.31409e-08
-1.31779e-07
7.82957e-09
-1.32537e-07
6.46672e-10
-1.283e-07
-9.20982e-09
-1.17745e-07
-2.14873e-08
-9.96031e-08
-3.59196e-08
-7.31962e-08
-5.1308e-08
-3.90506e-08
-6.53819e-08
-7.35987e-08
-1.08578e-08
3.22008e-08
-2.22262e-08
3.36691e-08
-3.3671e-08
3.38467e-08
-4.5215e-08
3.40607e-08
-5.68619e-08
3.42463e-08
-6.85912e-08
3.43175e-08
-8.0348e-08
3.41547e-08
-9.20294e-08
3.35934e-08
-1.03465e-07
3.24097e-08
-1.1439e-07
3.03053e-08
-1.24408e-07
2.68917e-08
-1.3295e-07
2.16827e-08
-1.39223e-07
1.41032e-08
-1.4216e-07
3.58356e-09
-1.40309e-07
-1.1061e-08
-1.31754e-07
-3.00419e-08
-1.14462e-07
-5.32116e-08
-8.66198e-08
-7.91504e-08
-4.79122e-08
-1.04089e-07
-1.21511e-07
-1.07534e-08
4.29542e-08
-2.20515e-08
4.49672e-08
-3.34654e-08
4.52606e-08
-4.50413e-08
4.56365e-08
-5.68089e-08
4.60139e-08
-6.87813e-08
4.62899e-08
-8.09483e-08
4.63218e-08
-9.32662e-08
4.59113e-08
-1.0564e-07
4.47836e-08
-1.17897e-07
4.25618e-08
-1.29742e-07
3.87374e-08
-1.40702e-07
3.26419e-08
-1.50032e-07
2.34341e-08
-1.56602e-07
1.01531e-08
-1.58918e-07
-8.74466e-09
-1.54275e-07
-3.46853e-08
-1.39438e-07
-6.80487e-08
-1.1049e-07
-1.08099e-07
-6.49137e-08
-1.49665e-07
-1.86425e-07
-1.05852e-08
5.35394e-08
-2.17595e-08
5.61415e-08
-3.30993e-08
5.66005e-08
-4.46774e-08
5.72146e-08
-5.65539e-08
5.78904e-08
-6.87825e-08
5.85185e-08
-8.14087e-08
5.8948e-08
-9.44657e-08
5.89683e-08
-1.07962e-07
5.82796e-08
-1.21857e-07
5.64566e-08
-1.3602e-07
5.2901e-08
-1.50161e-07
4.67822e-08
-1.63699e-07
3.69725e-08
-1.75542e-07
2.19959e-08
-1.84475e-07
1.88917e-10
-1.86811e-07
-3.23496e-08
-1.77906e-07
-7.69539e-08
-1.50612e-07
-1.35392e-07
-9.68998e-08
-2.03378e-07
-2.83324e-07
-1.03279e-08
6.38673e-08
-2.13012e-08
6.71148e-08
-3.24983e-08
6.77976e-08
-4.40189e-08
6.87351e-08
-5.59523e-08
6.98239e-08
-6.83943e-08
7.09604e-08
-8.14523e-08
7.2006e-08
-9.52492e-08
7.27653e-08
-1.09921e-07
7.29514e-08
-1.25604e-07
7.21394e-08
-1.42404e-07
6.97014e-08
-1.60338e-07
6.47161e-08
-1.7921e-07
5.58449e-08
-1.98391e-07
4.11769e-08
-2.16382e-07
1.81796e-08
-2.30608e-07
-1.81236e-08
-2.34321e-07
-7.32405e-08
-2.16717e-07
-1.52997e-07
-1.58889e-07
-2.61206e-07
-4.42213e-07
-9.94936e-09
7.38166e-08
-2.06178e-08
7.77832e-08
-3.15776e-08
7.87574e-08
-4.29505e-08
8.01081e-08
-5.48464e-08
8.17197e-08
-6.73963e-08
8.35104e-08
-8.07677e-08
8.53774e-08
-9.51778e-08
8.71754e-08
-1.10905e-07
8.86783e-08
-1.28293e-07
8.95277e-08
-1.4775e-07
8.91582e-08
-1.6972e-07
8.66864e-08
-1.94614e-07
8.07391e-08
-2.2262e-07
6.91821e-08
-2.53159e-07
4.87192e-08
-2.85728e-07
1.44452e-08
-3.13203e-07
-4.57657e-08
-3.22504e-07
-1.43696e-07
-2.83692e-07
-3.00017e-07
-7.25905e-07
-9.40823e-09
8.32249e-08
-1.96416e-08
8.80166e-08
-3.02473e-08
8.93631e-08
-4.13599e-08
9.12207e-08
-5.30875e-08
9.34473e-08
-6.55799e-08
9.60028e-08
-7.90507e-08
9.88482e-08
-9.38034e-08
1.01928e-07
-1.10257e-07
1.05132e-07
-1.2898e-07
1.0825e-07
-1.50722e-07
1.109e-07
-1.76463e-07
1.12427e-07
-2.07445e-07
1.11721e-07
-2.45175e-07
1.06912e-07
-2.91363e-07
9.49071e-08
-3.47358e-07
7.04401e-08
-4.15104e-07
2.19809e-08
-4.81373e-07
-7.74276e-08
-5.18013e-07
-2.63377e-07
-1.24392e-06
-8.63711e-09
9.1862e-08
-1.82917e-08
9.76712e-08
-2.84133e-08
9.94847e-08
-3.91526e-08
1.0196e-07
-5.05599e-08
1.04855e-07
-6.27813e-08
1.08224e-07
-7.60499e-08
1.12117e-07
-9.07284e-08
1.16607e-07
-1.07346e-07
1.2175e-07
-1.2665e-07
1.27554e-07
-1.49686e-07
1.33937e-07
-1.77926e-07
1.40666e-07
-2.13482e-07
1.47277e-07
-2.59448e-07
1.52879e-07
-3.20565e-07
1.56024e-07
-4.05843e-07
1.55717e-07
-5.27946e-07
1.44084e-07
-6.59301e-07
5.3928e-08
-7.7245e-07
-1.50228e-07
-2.01637e-06
-7.56979e-09
9.94318e-08
-1.64727e-08
1.06574e-07
-2.59845e-08
1.08996e-07
-3.62573e-08
1.12233e-07
-4.71998e-08
1.15797e-07
-5.89162e-08
1.19941e-07
-7.16234e-08
1.24824e-07
-8.57066e-08
1.3069e-07
-1.01759e-07
1.37802e-07
-1.2066e-07
1.46455e-07
-1.43676e-07
1.56953e-07
-1.72633e-07
1.69623e-07
-2.10234e-07
1.84878e-07
-2.60649e-07
2.03294e-07
-3.30044e-07
2.25419e-07
-4.27402e-07
2.53076e-07
-5.81747e-07
2.98429e-07
-6.81973e-07
1.54154e-07
-6.37861e-07
-1.9434e-07
-2.65423e-06
-5.78339e-09
1.05215e-07
-1.40703e-08
1.14861e-07
-2.2728e-08
1.17654e-07
-3.27581e-08
1.22263e-07
-4.30879e-08
1.26127e-07
-5.40843e-08
1.30937e-07
-6.58123e-08
1.36552e-07
-7.86677e-08
1.43545e-07
-9.31993e-08
1.52334e-07
-1.10241e-07
1.63497e-07
-1.30969e-07
1.77681e-07
-1.57077e-07
1.95732e-07
-1.91113e-07
2.18914e-07
-2.3725e-07
2.49431e-07
-3.01517e-07
2.89685e-07
-3.74956e-07
3.26515e-07
-4.79997e-07
4.0347e-07
-5.05934e-07
1.80092e-07
-2.1981e-07
-4.80464e-07
-2.87404e-06
-4.10027e-09
1.09315e-07
-1.11074e-08
1.21868e-07
-1.91146e-08
1.25661e-07
-2.82486e-08
1.31397e-07
-3.7967e-08
1.35845e-07
-4.81244e-08
1.41095e-07
-5.86704e-08
1.47098e-07
-6.98601e-08
1.54735e-07
-8.22494e-08
1.64723e-07
-9.67063e-08
1.77954e-07
-1.14431e-07
1.95405e-07
-1.36908e-07
2.18209e-07
-1.6592e-07
2.47926e-07
-2.0215e-07
2.85661e-07
-2.54977e-07
3.42513e-07
-3.03599e-07
3.75136e-07
-3.4681e-07
4.46681e-07
-3.65061e-07
1.98343e-07
-1.2629e-07
-7.19236e-07
-3.00033e-06
3.9241e-09
1.05391e-07
-4.38876e-09
1.30181e-07
-1.18428e-08
1.33115e-07
-2.4579e-08
1.44133e-07
-3.4014e-08
1.4528e-07
-4.41742e-08
1.51255e-07
-5.2367e-08
1.55291e-07
-6.05412e-08
1.62909e-07
-6.8825e-08
1.73007e-07
-7.79892e-08
1.87118e-07
-8.84309e-08
2.05847e-07
-1.01139e-07
2.30917e-07
-1.18066e-07
2.64853e-07
-1.35622e-07
3.03216e-07
-1.71201e-07
3.78092e-07
-2.10789e-07
4.14724e-07
-2.47413e-07
4.83305e-07
-2.72763e-07
2.23693e-07
-1.76456e-07
-8.15542e-07
-3.17679e-06
-1.63931e-09
1.07031e-07
-4.77066e-09
1.33312e-07
-1.25026e-08
1.40847e-07
-1.83266e-08
1.49957e-07
-2.5654e-08
1.52608e-07
-3.27156e-08
1.58316e-07
-3.97434e-08
1.62318e-07
-4.67235e-08
1.69889e-07
-5.36731e-08
1.79957e-07
-6.05378e-08
1.93983e-07
-6.83681e-08
2.13677e-07
-7.65216e-08
2.39071e-07
-9.0229e-08
2.78561e-07
-9.72482e-08
3.10236e-07
-1.1199e-07
3.92834e-07
-1.28692e-07
4.31426e-07
-1.11605e-07
4.66218e-07
-1.16166e-07
2.28253e-07
6.29215e-09
-9.38e-07
-3.17049e-06
4.77131e-08
5.93175e-08
2.75413e-08
1.53484e-07
9.318e-09
1.59071e-07
-1.48929e-08
1.74168e-07
-2.97557e-08
1.6747e-07
-4.08202e-08
1.69381e-07
-4.34931e-08
1.64991e-07
-4.55174e-08
1.71914e-07
-4.31165e-08
1.77556e-07
-4.01798e-08
1.91046e-07
-3.3963e-08
2.0746e-07
-2.54633e-08
2.30571e-07
-1.25721e-08
2.65669e-07
-5.77367e-09
3.03437e-07
2.11171e-08
3.65943e-07
1.05982e-08
4.41945e-07
4.27691e-08
4.34048e-07
-7.1196e-09
2.78142e-07
8.45347e-08
-1.02965e-06
-3.08596e-06
1.32757e-08
4.60418e-08
1.13919e-08
1.55368e-07
7.31933e-09
1.63143e-07
-1.44701e-10
1.81632e-07
-4.63186e-09
1.71957e-07
-1.07937e-08
1.75543e-07
-1.33773e-08
1.67575e-07
-1.59199e-08
1.74456e-07
-1.76386e-08
1.79274e-07
-1.59062e-08
1.89314e-07
-1.37988e-08
2.05353e-07
-7.70829e-09
2.24481e-07
2.34655e-09
2.55614e-07
9.55944e-09
2.96224e-07
3.97794e-08
3.35723e-07
4.93245e-08
4.324e-07
1.53864e-07
3.29508e-07
1.64494e-07
2.67512e-07
9.50577e-08
-9.60219e-07
-2.9909e-06
1.30932e-07
-8.48899e-08
2.41776e-08
2.62122e-07
-7.58441e-08
2.63165e-07
-1.08942e-07
2.1473e-07
-1.09037e-07
1.72052e-07
-1.04327e-07
1.70833e-07
-8.32519e-08
1.465e-07
-7.03785e-08
1.61583e-07
-5.02232e-08
1.59119e-07
-3.28008e-08
1.71891e-07
-7.654e-09
1.80206e-07
1.58302e-08
2.00997e-07
5.39567e-08
2.17488e-07
1.0278e-07
2.47401e-07
1.60275e-07
2.78229e-07
2.28372e-07
3.64302e-07
3.32868e-07
2.25012e-07
2.60882e-07
3.39498e-07
1.84113e-07
-8.8345e-07
-2.80679e-06
1.90445e-07
-2.75335e-07
3.36208e-07
1.16359e-07
3.73572e-07
2.25801e-07
3.32535e-07
2.55767e-07
3.20347e-07
1.84241e-07
2.61908e-07
2.29271e-07
2.36256e-07
1.72152e-07
2.00465e-07
1.97374e-07
1.74363e-07
1.85222e-07
1.57009e-07
1.89245e-07
1.55777e-07
1.81438e-07
1.54601e-07
2.02173e-07
1.8129e-07
1.90798e-07
2.15107e-07
2.13584e-07
2.41678e-07
2.51659e-07
2.66529e-07
3.39451e-07
3.75081e-07
1.1646e-07
3.81091e-07
3.33488e-07
4.0125e-07
-9.03609e-07
-2.40554e-06
-6.7611e-07
4.00776e-07
-8.07812e-07
2.4806e-07
-8.15599e-07
2.33588e-07
-7.70476e-07
2.10644e-07
-7.51549e-07
1.65313e-07
-7.15834e-07
1.93556e-07
-6.87624e-07
1.43942e-07
-6.36862e-07
1.46612e-07
-6.04837e-07
1.53196e-07
-5.42045e-07
1.26453e-07
-4.86746e-07
1.26138e-07
-4.23493e-07
1.38921e-07
-3.40835e-07
1.0814e-07
-2.50871e-07
1.2362e-07
-1.23443e-07
1.2423e-07
9.75747e-08
1.18434e-07
2.90631e-07
-7.65962e-08
6.42401e-07
-1.82819e-08
6.88025e-07
-9.49233e-07
-1.71751e-06
4.00776e-07
6.48836e-07
8.82424e-07
1.09307e-06
1.25838e-06
1.45194e-06
1.59588e-06
1.74249e-06
1.89569e-06
2.02214e-06
2.14828e-06
2.2872e-06
2.39534e-06
2.51896e-06
2.64319e-06
2.76162e-06
2.68503e-06
2.66675e-06
1.71751e-06
)
;

boundaryField
{
    movingWall
    {
        type            calculated;
        value           uniform 0;
    }
    fixedWalls
    {
        type            calculated;
        value           uniform 0;
    }
    frontAndBack
    {
        type            empty;
        value           nonuniform 0();
    }
}


// ************************************************************************* //
