/*--------------------------------*- C++ -*----------------------------------*\
| =========                 |                                                 |
| \\      /  F ield         | OpenFOAM: The Open Source CFD Toolbox           |
|  \\    /   O peration     | Version:  5.x                                   |
|   \\  /    A nd           | Web:      www.OpenFOAM.org                      |
|    \\/     M anipulation  |                                                 |
\*---------------------------------------------------------------------------*/
FoamFile
{
    version     2.0;
    format      ascii;
    class       volScalarField;
    location    "7.2";
    object      p;
}
// * * * * * * * * * * * * * * * * * * * * * * * * * * * * * * * * * * * * * //

dimensions      [0 2 -2 0 0 0 0];

internalField   nonuniform List<scalar> 
400
(
1.4474e-10
-0.000153565
-0.000455583
-0.000784959
-0.00110655
-0.00140009
-0.00151724
-0.00153458
-0.00150162
-0.00130522
-0.00105583
-0.000935449
-0.000886761
-0.00082332
-0.000777976
-0.000752306
-0.00070571
-0.00054725
-0.000294878
0.000489864
-0.000315298
-0.000425052
-0.000615198
-0.000834249
-0.00116638
-0.00155654
-0.00169934
-0.00165038
-0.00162102
-0.00140352
-0.00108013
-0.000928795
-0.000899427
-0.000845962
-0.000797756
-0.000790178
-0.000843674
-0.000801001
-0.000697012
-0.000172938
-0.00053389
-0.000614866
-0.000787506
-0.00105416
-0.00138709
-0.00159276
-0.00166191
-0.00163817
-0.00154938
-0.00135108
-0.00111721
-0.000962978
-0.000902251
-0.00084652
-0.000831932
-0.000818133
-0.000867578
-0.000844813
-0.00082446
-0.000570291
-0.000675816
-0.000734981
-0.000858701
-0.0010355
-0.00122689
-0.00139141
-0.00148805
-0.0014997
-0.00142691
-0.00128514
-0.00112536
-0.000995409
-0.000950917
-0.000885643
-0.000880567
-0.000849421
-0.00088646
-0.000854832
-0.000896039
-0.000764125
-0.000763932
-0.000805055
-0.000886351
-0.000998614
-0.00112483
-0.00123866
-0.00130949
-0.00131633
-0.00126962
-0.00118134
-0.00108471
-0.000992876
-0.00095987
-0.000897893
-0.000916547
-0.000868789
-0.000910243
-0.000863656
-0.000916407
-0.000840427
-0.000817506
-0.000845622
-0.000899673
-0.000973064
-0.00105519
-0.00112794
-0.00117379
-0.00118046
-0.00115774
-0.00111037
-0.00105538
-0.000992671
-0.000969719
-0.000917023
-0.000930474
-0.00088145
-0.000921065
-0.000868228
-0.000919768
-0.00086042
-0.000850571
-0.000870378
-0.000907763
-0.000957403
-0.00101161
-0.00105986
-0.00109321
-0.0011045
-0.00109551
-0.00106617
-0.00103259
-0.000989343
-0.000975768
-0.000932725
-0.000949479
-0.000902839
-0.00094148
-0.000884969
-0.000932448
-0.000876158
-0.000871335
-0.000886472
-0.000913585
-0.00094836
-0.000985471
-0.00101778
-0.00104098
-0.00104949
-0.00104499
-0.00102562
-0.00100763
-0.000975093
-0.000970626
-0.000929668
-0.000950196
-0.000901612
-0.000946049
-0.000892925
-0.00095972
-0.000917542
-0.000883257
-0.000896035
-0.000917423
-0.000943435
-0.000970198
-0.000993768
-0.00101128
-0.00101992
-0.00102066
-0.0010125
-0.00100236
-0.000979964
-0.000978265
-0.000949291
-0.000964316
-0.00093025
-0.000962483
-0.000920541
-0.000974394
-0.000932379
-0.000889086
-0.000902832
-0.000921111
-0.000941723
-0.000961301
-0.000977153
-0.000989162
-0.000994
-0.000994359
-0.000984332
-0.000980369
-0.000958374
-0.000965352
-0.00093274
-0.000958451
-0.000913934
-0.00096099
-0.000908969
-0.000970974
-0.000935712
-0.000888553
-0.000905246
-0.000923419
-0.000941256
-0.000957286
-0.000970723
-0.000980503
-0.000986053
-0.000988034
-0.000985017
-0.00098347
-0.000972397
-0.000975729
-0.0009566
-0.000971678
-0.00094347
-0.000973542
-0.000935488
-0.000995409
-0.000938723
-0.000885594
-0.000915447
-0.000929417
-0.00094591
-0.000955892
-0.00096229
-0.000968601
-0.000969196
-0.000970727
-0.000963701
-0.000964537
-0.0009491
-0.000956734
-0.000932993
-0.000954806
-0.000919207
-0.000967651
-0.000914625
-0.000977477
-0.000921261
-0.000882063
-0.000919342
-0.000934339
-0.000947654
-0.000959237
-0.000969079
-0.000973155
-0.000975493
-0.000975147
-0.000973846
-0.000973037
-0.000968251
-0.000971349
-0.000961148
-0.000976238
-0.000952687
-0.000974293
-0.000932158
-0.00100444
-0.000917819
-0.000921759
-0.000996434
-0.000946854
-0.00096598
-0.000966273
-0.00096456
-0.000962634
-0.000958506
-0.000959356
-0.000953857
-0.000955018
-0.000945769
-0.000947685
-0.000934639
-0.000932631
-0.000922326
-0.000954121
-0.000907932
-0.000931167
-0.000905329
-0.000989323
-0.00105258
-0.000967534
-0.00097963
-0.000980106
-0.000974014
-0.000965294
-0.00096961
-0.000964905
-0.000969144
-0.00096362
-0.000970967
-0.000957819
-0.000968344
-0.00098041
-0.000970265
-0.00100465
-0.000934661
-0.00102845
-0.000938588
-0.00109086
-0.00104835
-0.000994354
-0.000991805
-0.000983554
-0.000961175
-0.000963737
-0.000959782
-0.000962001
-0.000953265
-0.000956393
-0.000948197
-0.000954272
-0.000963276
-0.000930525
-0.000909937
-0.000913014
-0.000920352
-0.000936981
-0.000908146
-0.00089029
-0.00100836
-0.000992913
-0.000950055
-0.000973453
-0.000946726
-0.000954623
-0.000954834
-0.00095837
-0.000964843
-0.000967772
-0.000968956
-0.000959445
-0.000996955
-0.000939346
-0.000987575
-0.00102857
-0.000917686
-0.00103301
-0.00081144
-0.00089762
-0.00108924
-0.000996207
-0.000955767
-0.000968921
-0.000941015
-0.000951617
-0.00094413
-0.000955195
-0.000949614
-0.000948736
-0.000946447
-0.000949951
-0.000954164
-0.000953554
-0.00103102
-0.000963558
-0.000856313
-0.000835239
-0.000669224
-0.000844416
-0.00099159
-0.00100851
-0.000971711
-0.000946974
-0.000935375
-0.000933607
-0.000938856
-0.000952413
-0.000948972
-0.00097211
-0.000932224
-0.000997677
-0.000930083
-0.000960908
-0.00104789
-0.000905511
-0.0010184
-0.000888013
-0.000406562
-0.00100198
-0.00095012
-0.00090905
-0.000982802
-0.000933856
-0.000928442
-0.000930496
-0.000937901
-0.000939199
-0.000940645
-0.000935324
-0.000925702
-0.000904364
-0.000891793
-0.000927578
-0.000948135
-0.000922956
-0.000669998
-0.000255266
0.000977338
)
;

boundaryField
{
    movingWall
    {
        type            zeroGradient;
    }
    fixedWalls
    {
        type            zeroGradient;
    }
    frontAndBack
    {
        type            empty;
    }
}


// ************************************************************************* //
