/*--------------------------------*- C++ -*----------------------------------*\
| =========                 |                                                 |
| \\      /  F ield         | OpenFOAM: The Open Source CFD Toolbox           |
|  \\    /   O peration     | Version:  5.x                                   |
|   \\  /    A nd           | Web:      www.OpenFOAM.org                      |
|    \\/     M anipulation  |                                                 |
\*---------------------------------------------------------------------------*/
FoamFile
{
    version     2.0;
    format      ascii;
    class       surfaceScalarField;
    location    "7.2";
    object      phi;
}
// * * * * * * * * * * * * * * * * * * * * * * * * * * * * * * * * * * * * * //

dimensions      [0 3 -1 0 0 0 0];

internalField   nonuniform List<scalar> 
760
(
-7.45071e-07
7.45071e-07
-1.48733e-06
7.42263e-07
-1.97992e-06
4.92583e-07
-2.2948e-06
3.1488e-07
-2.7227e-06
4.27906e-07
-3.04988e-06
3.27172e-07
-3.03377e-06
-1.61045e-08
-3.09895e-06
6.51766e-08
-3.06277e-06
-3.61722e-08
-2.68948e-06
-3.73291e-07
-2.39476e-06
-2.94727e-07
-2.35055e-06
-4.4205e-08
-2.31645e-06
-3.41002e-08
-2.19067e-06
-1.25778e-07
-2.133e-06
-5.76691e-08
-2.11271e-06
-2.0294e-08
-2.07186e-06
-4.08516e-08
-1.81276e-06
-2.59104e-07
-1.25037e-06
-5.62387e-07
-1.25037e-06
-2.02919e-07
9.4799e-07
-5.008e-07
1.04014e-06
-1.06533e-06
1.05711e-06
-1.69858e-06
9.48137e-07
-1.96809e-06
6.97416e-07
-2.05898e-06
4.18055e-07
-2.21542e-06
1.40336e-07
-2.11774e-06
-3.2501e-08
-1.88737e-06
-2.66542e-07
-1.79468e-06
-4.65979e-07
-1.63721e-06
-4.52196e-07
-1.33227e-06
-3.49143e-07
-1.09961e-06
-2.66762e-07
-1.00071e-06
-2.24676e-07
-9.91616e-07
-6.6767e-08
-9.61547e-07
-5.03636e-08
-1.01149e-06
9.08794e-09
-9.94762e-07
-2.75828e-07
-7.94117e-07
-7.63032e-07
-2.04449e-06
1.09373e-08
9.37053e-07
3.39367e-08
1.01714e-06
2.08785e-08
1.07017e-06
-5.2353e-08
1.02137e-06
-2.02199e-07
8.47262e-07
-3.69233e-07
5.85089e-07
-4.89558e-07
2.6066e-07
-5.07408e-07
-1.465e-08
-4.99858e-07
-2.74092e-07
-5.13094e-07
-4.52743e-07
-4.85137e-07
-4.80153e-07
-4.12057e-07
-4.22223e-07
-3.56015e-07
-3.22805e-07
-3.08834e-07
-2.71856e-07
-2.58898e-07
-1.16704e-07
-1.90954e-07
-1.18307e-07
-1.59889e-07
-2.19766e-08
-1.86778e-07
-2.4894e-07
-2.84853e-07
-6.64957e-07
-2.32934e-06
8.02727e-08
8.5678e-07
1.94503e-07
9.02914e-07
3.3815e-07
9.2652e-07
4.62864e-07
8.96656e-07
5.29496e-07
7.8063e-07
5.39827e-07
5.74758e-07
4.99957e-07
3.0053e-07
4.49243e-07
3.60636e-08
3.59782e-07
-1.84631e-07
2.41937e-07
-3.34898e-07
1.36639e-07
-3.74855e-07
6.02727e-08
-3.45857e-07
2.82163e-10
-2.62814e-07
-4.78106e-08
-2.23763e-07
-7.55062e-08
-8.9008e-08
-6.57144e-08
-1.28099e-07
-4.30428e-08
-4.46482e-08
-6.59312e-08
-2.26051e-07
-1.21032e-07
-6.09855e-07
-2.45037e-06
1.01725e-07
7.55055e-07
2.23454e-07
7.81186e-07
3.70716e-07
7.79258e-07
5.22929e-07
7.44442e-07
6.48437e-07
6.55122e-07
7.19794e-07
5.03401e-07
7.16723e-07
3.03601e-07
6.52116e-07
1.00671e-07
5.32571e-07
-6.50865e-08
3.84827e-07
-1.87154e-07
2.38026e-07
-2.28054e-07
1.30291e-07
-2.38122e-07
4.82562e-08
-1.80779e-07
2.08029e-09
-1.77587e-07
1.91786e-09
-8.88455e-08
-1.08209e-09
-1.25099e-07
3.00838e-10
-4.60311e-08
-6.69681e-09
-2.19054e-07
-2.10653e-08
-5.95487e-07
-2.47144e-06
1.02708e-07
6.52346e-07
2.12674e-07
6.7122e-07
3.341e-07
6.57832e-07
4.58846e-07
6.19697e-07
5.66322e-07
5.47647e-07
6.32494e-07
4.37228e-07
6.37862e-07
2.98233e-07
5.89634e-07
1.48899e-07
5.02769e-07
2.17785e-08
3.95345e-07
-7.97297e-08
2.80394e-07
-1.13103e-07
1.96408e-07
-1.54135e-07
1.18729e-07
-1.03101e-07
7.42188e-08
-1.33077e-07
3.43114e-08
-4.89381e-08
1.21818e-08
-1.0297e-07
3.16993e-10
-3.41663e-08
-1.79585e-08
-2.00778e-07
-3.55535e-09
-6.0989e-07
-2.47499e-06
9.63461e-08
5.56e-07
1.93777e-07
5.73789e-07
2.92434e-07
5.59174e-07
3.86329e-07
5.25802e-07
4.65411e-07
4.68564e-07
5.16382e-07
3.86257e-07
5.28134e-07
2.86481e-07
5.02423e-07
1.7461e-07
4.40885e-07
8.33161e-08
3.63447e-07
-2.29145e-09
2.76879e-07
-2.6535e-08
2.08474e-07
-8.57304e-08
1.43452e-07
-3.80788e-08
1.0277e-07
-9.23953e-08
6.33202e-08
-9.48786e-09
3.40158e-08
-7.36653e-08
2.02578e-09
-2.17635e-09
-3.8177e-08
-1.60575e-07
-4.36763e-08
-6.04391e-07
-2.51867e-06
8.93183e-08
4.66682e-07
1.71511e-07
4.91596e-07
2.49125e-07
4.8156e-07
3.20441e-07
4.54486e-07
3.77397e-07
4.11608e-07
4.154e-07
3.48255e-07
4.25248e-07
2.76633e-07
4.07793e-07
1.92065e-07
3.61161e-07
1.29949e-07
3.08957e-07
4.99119e-08
2.43946e-07
3.84764e-08
1.8912e-07
-3.0905e-08
1.33416e-07
1.76259e-08
9.38795e-08
-5.28591e-08
5.44287e-08
2.99629e-08
2.44471e-08
-4.36837e-08
-4.29132e-09
2.65621e-08
-3.44587e-08
-1.30408e-07
-2.43494e-08
-6.145e-07
-2.54302e-06
8.449e-08
3.82192e-07
1.63037e-07
4.13049e-07
2.31443e-07
4.13154e-07
2.85229e-07
4.007e-07
3.25884e-07
3.70953e-07
3.49002e-07
3.25136e-07
3.5417e-07
2.71465e-07
3.42695e-07
2.03539e-07
3.15026e-07
1.57618e-07
2.80404e-07
8.45345e-08
2.37341e-07
8.15389e-08
1.96669e-07
9.76718e-09
1.57661e-07
5.66335e-08
1.22428e-07
-1.76255e-08
8.87398e-08
6.36509e-08
4.52747e-08
-2.1856e-10
1.12671e-08
6.05697e-08
-3.28011e-08
-8.634e-08
-1.43982e-08
-6.32903e-07
-2.55742e-06
9.14173e-08
2.90775e-07
1.47615e-07
3.56851e-07
1.90625e-07
3.70145e-07
2.29172e-07
3.62153e-07
2.58645e-07
3.41481e-07
2.83059e-07
3.00722e-07
2.89964e-07
2.64561e-07
2.83099e-07
2.10404e-07
2.59499e-07
1.81218e-07
2.27122e-07
1.16912e-07
1.9029e-07
1.18371e-07
1.50874e-07
4.91832e-08
1.18494e-07
8.9013e-08
8.20707e-08
1.87979e-08
6.11082e-08
8.46135e-08
4.6732e-08
1.41576e-08
2.29573e-08
8.43444e-08
-5.41167e-09
-5.79711e-08
-2.43705e-09
-6.35878e-07
-2.55985e-06
1.00989e-07
1.89785e-07
1.79797e-07
2.78044e-07
2.33875e-07
3.16066e-07
2.54705e-07
3.41323e-07
2.64013e-07
3.32173e-07
2.57457e-07
3.07278e-07
2.49123e-07
2.72895e-07
2.35874e-07
2.23653e-07
2.23727e-07
1.93365e-07
2.04626e-07
1.36012e-07
1.90626e-07
1.32371e-07
1.68187e-07
7.16223e-08
1.55669e-07
1.01531e-07
1.35197e-07
3.927e-08
1.11446e-07
1.08365e-07
6.72133e-08
5.83906e-08
4.50068e-08
1.06551e-07
-9.10573e-09
-3.85858e-09
-2.98089e-08
-6.15174e-07
-2.58966e-06
1.67935e-07
2.18506e-08
1.61915e-07
2.84063e-07
1.55685e-07
3.22296e-07
1.68794e-07
3.28214e-07
1.9048e-07
3.10486e-07
2.16719e-07
2.81039e-07
2.21109e-07
2.68505e-07
2.14462e-07
2.303e-07
1.96633e-07
2.11195e-07
1.71777e-07
1.60868e-07
1.45373e-07
1.58775e-07
1.10614e-07
1.06382e-07
8.62183e-08
1.25926e-07
3.55048e-08
8.99835e-08
4.53737e-08
9.84956e-08
5.07786e-09
9.86865e-08
3.39372e-08
7.76916e-08
5.25472e-08
-2.24685e-08
1.68473e-08
-5.79474e-07
-2.57281e-06
2.65656e-07
-2.43806e-07
2.80379e-07
2.6934e-07
2.87458e-07
3.15218e-07
2.281e-07
3.87572e-07
1.79832e-07
3.58754e-07
1.37031e-07
3.23841e-07
1.27986e-07
2.77549e-07
1.19967e-07
2.38319e-07
1.30302e-07
2.00859e-07
1.20016e-07
1.71154e-07
1.3366e-07
1.45131e-07
1.0841e-07
1.31632e-07
1.41778e-07
9.25575e-08
1.25384e-07
1.06378e-07
1.34827e-07
8.90518e-08
1.14428e-07
1.19086e-07
1.03088e-07
8.90316e-08
3.36714e-08
4.69484e-08
-1.44591e-08
-5.31344e-07
-2.58727e-06
3.51045e-07
-5.94851e-07
2.54411e-07
3.65974e-07
2.80948e-07
2.88681e-07
3.44445e-07
3.24076e-07
3.52891e-07
3.50307e-07
3.16242e-07
3.6049e-07
2.74747e-07
3.19044e-07
2.33295e-07
2.79771e-07
2.02615e-07
2.31539e-07
1.68863e-07
2.04906e-07
1.43039e-07
1.70955e-07
1.08686e-07
1.65986e-07
5.76869e-08
1.43556e-07
1.75151e-08
1.4655e-07
-4.44634e-08
1.5103e-07
-1.75145e-07
2.49767e-07
-5.77124e-09
-8.03423e-08
7.01166e-08
-2.89395e-08
3.36353e-08
-4.94863e-07
-2.55364e-06
1.28331e-07
-7.23182e-07
1.62109e-07
3.32196e-07
-8.17696e-08
5.3256e-07
-1.73781e-07
4.16087e-07
-1.94683e-07
3.7121e-07
-1.46413e-07
3.12219e-07
-1.11728e-07
2.8436e-07
-7.53115e-08
2.43354e-07
-4.44478e-08
2.00675e-07
-2.73267e-08
1.87785e-07
-1.49851e-08
1.58613e-07
-3.36007e-08
1.84601e-07
1.77458e-08
9.22099e-08
-7.86753e-08
2.42971e-07
9.32056e-08
-2.08506e-08
1.4777e-07
1.95203e-07
4.78447e-08
1.95832e-08
-5.19221e-08
7.08273e-08
-5.46155e-08
-4.92169e-07
-2.60825e-06
-3.33722e-08
-6.8981e-07
1.26461e-07
1.72363e-07
2.15072e-07
4.43949e-07
3.25106e-07
3.06053e-07
3.65444e-07
3.30872e-07
3.83822e-07
2.93841e-07
4.37219e-07
2.30963e-07
4.32298e-07
2.48275e-07
4.40398e-07
1.92575e-07
3.97227e-07
2.30957e-07
3.91506e-07
1.64334e-07
3.18675e-07
2.57432e-07
3.52261e-07
5.8624e-08
2.47729e-07
3.47503e-07
1.21778e-07
1.05101e-07
4.15774e-08
2.75403e-07
7.25529e-08
-1.13924e-08
7.00259e-08
7.33544e-08
7.00596e-08
-4.92203e-07
-2.53819e-06
-2.19698e-07
-4.70113e-07
-4.82749e-07
4.35414e-07
-2.92864e-07
2.54064e-07
-3.22171e-07
3.35361e-07
-3.03126e-07
3.11826e-07
-2.84257e-07
2.74972e-07
-3.05877e-07
2.52583e-07
-2.83412e-07
2.2581e-07
-3.18418e-07
2.27581e-07
-2.90994e-07
2.03532e-07
-3.08449e-07
1.81789e-07
-2.49043e-07
1.98026e-07
-2.8826e-07
9.78406e-08
-2.39552e-07
2.98796e-07
-1.29478e-07
-4.97297e-09
-2.43495e-07
3.8942e-07
1.38632e-07
-3.9352e-07
1.42869e-07
6.91177e-08
1.86257e-08
-3.6796e-07
-2.51957e-06
-1.62177e-08
-4.53895e-07
3.32253e-07
8.69433e-08
2.66809e-07
3.19508e-07
3.17014e-07
2.85155e-07
3.72111e-07
2.5673e-07
4.21797e-07
2.25286e-07
4.63664e-07
2.10716e-07
5.18001e-07
1.71473e-07
5.53069e-07
1.92513e-07
5.83635e-07
1.72967e-07
6.02687e-07
1.62736e-07
6.32053e-07
1.68661e-07
6.47252e-07
8.26414e-08
5.45402e-07
4.00646e-07
6.39572e-07
-9.91426e-08
5.93865e-07
4.35127e-07
4.341e-07
-2.33755e-07
1.95541e-07
3.07677e-07
2.53158e-07
-4.25577e-07
-2.26641e-06
-8.27137e-07
3.73242e-07
-9.72431e-07
2.32238e-07
-9.28372e-07
2.75449e-07
-8.05726e-07
1.62509e-07
-7.26663e-07
1.77667e-07
-6.46498e-07
1.45121e-07
-5.95434e-07
1.59652e-07
-5.5118e-07
1.27219e-07
-4.96429e-07
1.37762e-07
-4.45755e-07
1.22294e-07
-3.7602e-07
9.30005e-08
-3.14271e-07
1.06912e-07
-2.96687e-07
6.50573e-08
-7.74571e-08
1.81415e-07
-2.6958e-07
9.29802e-08
3.08653e-08
1.34682e-07
-1.12009e-07
-9.08804e-08
1.91621e-07
4.04678e-09
7.28024e-07
-9.6198e-07
-1.53839e-06
3.73242e-07
6.0548e-07
8.80929e-07
1.04344e-06
1.2211e-06
1.36623e-06
1.52588e-06
1.6531e-06
1.79086e-06
1.91315e-06
2.00615e-06
2.11306e-06
2.17812e-06
2.35954e-06
2.45252e-06
2.5872e-06
2.49632e-06
2.50037e-06
1.53839e-06
)
;

boundaryField
{
    movingWall
    {
        type            calculated;
        value           uniform 0;
    }
    fixedWalls
    {
        type            calculated;
        value           uniform 0;
    }
    frontAndBack
    {
        type            empty;
        value           nonuniform 0();
    }
}


// ************************************************************************* //
