/*--------------------------------*- C++ -*----------------------------------*\
| =========                 |                                                 |
| \\      /  F ield         | OpenFOAM: The Open Source CFD Toolbox           |
|  \\    /   O peration     | Version:  5.x                                   |
|   \\  /    A nd           | Web:      www.OpenFOAM.org                      |
|    \\/     M anipulation  |                                                 |
\*---------------------------------------------------------------------------*/
FoamFile
{
    version     2.0;
    format      ascii;
    class       volScalarField;
    location    "6.9";
    object      p;
}
// * * * * * * * * * * * * * * * * * * * * * * * * * * * * * * * * * * * * * //

dimensions      [0 2 -2 0 0 0 0];

internalField   nonuniform List<scalar> 
400
(
8.02658e-12
1.09483e-05
-3.87664e-05
-0.000251593
-0.000546719
-0.000803282
-0.00106057
-0.00121869
-0.00123107
-0.00121998
-0.00114695
-0.000920607
-0.000688834
-0.00059524
-0.00055439
-0.000492212
-0.000406392
-0.000244965
6.31804e-06
0.000746118
-0.000146578
-0.000164908
-0.000246373
-0.000423776
-0.000584321
-0.000771394
-0.00111849
-0.0014189
-0.00139263
-0.00131366
-0.00125313
-0.00100228
-0.000715166
-0.000602286
-0.000580654
-0.000541787
-0.000529705
-0.000475657
-0.000383478
0.000115725
-0.00027204
-0.00029767
-0.000365354
-0.000496873
-0.000689143
-0.000967546
-0.00125438
-0.00137087
-0.0013469
-0.0012834
-0.00116501
-0.000955655
-0.000753907
-0.000633732
-0.000602967
-0.000565738
-0.000575047
-0.000546177
-0.000533439
-0.000289924
-0.000374503
-0.000399057
-0.000456303
-0.000555986
-0.000699442
-0.000872141
-0.00103132
-0.00114263
-0.00117888
-0.00115062
-0.00106296
-0.000917458
-0.000783714
-0.000669891
-0.000653504
-0.00059912
-0.00061419
-0.00058106
-0.000611226
-0.000487864
-0.000451615
-0.00047324
-0.000519411
-0.000592976
-0.000691055
-0.000802781
-0.000911706
-0.000995713
-0.00102784
-0.00100843
-0.000945616
-0.000852141
-0.000769403
-0.000685283
-0.000679161
-0.00062053
-0.000647633
-0.000595597
-0.000631739
-0.000555849
-0.00050742
-0.000525018
-0.000560687
-0.00061392
-0.000681612
-0.000756415
-0.000828277
-0.000880752
-0.000900533
-0.000887678
-0.000859842
-0.00080538
-0.00075883
-0.000695115
-0.000692462
-0.00063404
-0.000665523
-0.000608
-0.000668317
-0.000612809
-0.000546818
-0.000560778
-0.000588135
-0.000627302
-0.000675227
-0.000726607
-0.000774977
-0.000811405
-0.000830531
-0.000828993
-0.000811515
-0.00077549
-0.000749233
-0.000700232
-0.000705324
-0.000651125
-0.00068694
-0.000623399
-0.000680379
-0.000617898
-0.000574123
-0.000585624
-0.000607005
-0.000636383
-0.000671238
-0.000707337
-0.000740871
-0.00076579
-0.000780199
-0.00077932
-0.000769685
-0.000744067
-0.00073359
-0.000691315
-0.000703287
-0.000648968
-0.000687021
-0.000622344
-0.000676003
-0.000618552
-0.000592127
-0.000602285
-0.000620096
-0.000643303
-0.000669552
-0.000696096
-0.000720516
-0.000739254
-0.000751282
-0.000753833
-0.000751228
-0.000736017
-0.000731627
-0.000700882
-0.000713104
-0.000671022
-0.00070602
-0.000649864
-0.000701413
-0.000653537
-0.000603137
-0.00061421
-0.000630063
-0.000649005
-0.000669029
-0.000688062
-0.000705659
-0.000718442
-0.000727289
-0.000726691
-0.000726789
-0.000708999
-0.000714246
-0.000683046
-0.000704993
-0.000658428
-0.000705507
-0.000648629
-0.00072375
-0.000673665
-0.000607485
-0.000620827
-0.000636969
-0.000653981
-0.000670614
-0.000686315
-0.000699998
-0.000710534
-0.000717965
-0.000720342
-0.000722611
-0.000716057
-0.000719278
-0.000702081
-0.000715344
-0.000687256
-0.000717228
-0.000675471
-0.000738293
-0.000687109
-0.000607892
-0.000631288
-0.000645338
-0.000661181
-0.000672737
-0.000682026
-0.000691747
-0.000697027
-0.000702763
-0.000700988
-0.000704188
-0.000692152
-0.000699809
-0.000677187
-0.000697721
-0.000663525
-0.000708375
-0.000659032
-0.000711197
-0.000661573
-0.000601145
-0.000634956
-0.00065185
-0.000665464
-0.000678161
-0.000689498
-0.000696423
-0.000701824
-0.00070488
-0.000706716
-0.000708631
-0.000706248
-0.000710695
-0.000701836
-0.00071624
-0.000695436
-0.000715408
-0.000674568
-0.000750565
-0.000661884
-0.000630591
-0.000693597
-0.0006654
-0.00068283
-0.000684929
-0.000686753
-0.000688508
-0.000687452
-0.000690907
-0.000688121
-0.00069113
-0.000683657
-0.000687496
-0.00067442
-0.000676148
-0.000664658
-0.000699958
-0.000656641
-0.000695009
-0.000662843
-0.000695448
-0.00077313
-0.000687439
-0.00069704
-0.000702061
-0.000700907
-0.000694521
-0.000699464
-0.000695981
-0.000701879
-0.000698119
-0.000706343
-0.000698517
-0.000705115
-0.000718139
-0.000708229
-0.000734478
-0.000670716
-0.000730856
-0.000650263
-0.000814568
-0.000785983
-0.000714154
-0.000721353
-0.000707575
-0.000690124
-0.000689498
-0.000686626
-0.000689706
-0.000683315
-0.000687967
-0.000681748
-0.000689826
-0.000693422
-0.000669246
-0.000651109
-0.000652522
-0.000664341
-0.000681528
-0.000650767
-0.000596671
-0.000717574
-0.000719346
-0.000671193
-0.000696773
-0.000675782
-0.000680201
-0.000686756
-0.000687378
-0.000697659
-0.000697955
-0.000703741
-0.000695006
-0.000730056
-0.000688535
-0.000722589
-0.000779089
-0.000671415
-0.000766581
-0.000568211
-0.000615032
-0.00081732
-0.000721016
-0.000676259
-0.00069295
-0.000666789
-0.000678754
-0.00067123
-0.000685845
-0.000681429
-0.000683561
-0.000683575
-0.000686015
-0.000688598
-0.000686266
-0.000769565
-0.000689997
-0.000578269
-0.000556745
-0.00036369
-0.000566096
-0.000714848
-0.000735239
-0.000703576
-0.000674269
-0.000663541
-0.000664063
-0.000668226
-0.000684251
-0.000678353
-0.000701786
-0.000666381
-0.000735223
-0.000661872
-0.000705933
-0.000776393
-0.000643381
-0.000783708
-0.00064299
-0.000187558
-0.000728002
-0.000682712
-0.000634232
-0.00070337
-0.000660371
-0.000655658
-0.000659375
-0.000667144
-0.000666885
-0.000668178
-0.000666412
-0.000655469
-0.000641095
-0.000632927
-0.000670669
-0.000689891
-0.000651254
-0.000409109
-1.05207e-05
0.00126532
)
;

boundaryField
{
    movingWall
    {
        type            zeroGradient;
    }
    fixedWalls
    {
        type            zeroGradient;
    }
    frontAndBack
    {
        type            empty;
    }
}


// ************************************************************************* //
