/*--------------------------------*- C++ -*----------------------------------*\
| =========                 |                                                 |
| \\      /  F ield         | OpenFOAM: The Open Source CFD Toolbox           |
|  \\    /   O peration     | Version:  5.x                                   |
|   \\  /    A nd           | Web:      www.OpenFOAM.org                      |
|    \\/     M anipulation  |                                                 |
\*---------------------------------------------------------------------------*/
FoamFile
{
    version     2.0;
    format      ascii;
    class       surfaceScalarField;
    location    "6.9";
    object      phi;
}
// * * * * * * * * * * * * * * * * * * * * * * * * * * * * * * * * * * * * * //

dimensions      [0 3 -1 0 0 0 0];

internalField   nonuniform List<scalar> 
760
(
-3.67271e-07
3.67271e-07
-8.55372e-07
4.88101e-07
-1.49866e-06
6.43288e-07
-2.05679e-06
5.58134e-07
-2.35083e-06
2.94039e-07
-2.63082e-06
2.79987e-07
-2.99217e-06
3.61346e-07
-3.08202e-06
8.98509e-08
-3.0079e-06
-7.41164e-08
-3.09084e-06
8.29384e-08
-2.98124e-06
-1.09602e-07
-2.5982e-06
-3.83038e-07
-2.35525e-06
-2.42954e-07
-2.29486e-06
-6.0388e-08
-2.23501e-06
-5.98437e-08
-2.11708e-06
-1.17937e-07
-2.01613e-06
-1.00948e-07
-1.76466e-06
-2.51469e-07
-1.2329e-06
-5.31764e-07
-1.2329e-06
-1.51682e-07
5.18953e-07
-2.81999e-07
6.18418e-07
-4.1554e-07
7.7683e-07
-7.50695e-07
8.93289e-07
-1.34968e-06
8.93019e-07
-1.83874e-06
7.69056e-07
-1.98778e-06
5.10383e-07
-2.11588e-06
2.17952e-07
-2.20344e-06
1.34468e-08
-1.98471e-06
-1.35799e-07
-1.74434e-06
-3.49973e-07
-1.63955e-06
-4.87824e-07
-1.46131e-06
-4.21195e-07
-1.20369e-06
-3.18011e-07
-1.06386e-06
-1.99672e-07
-1.01939e-06
-1.62404e-07
-1.04348e-06
-7.68608e-08
-9.97302e-07
-2.97646e-07
-7.73203e-07
-7.55863e-07
-2.0061e-06
-5.33707e-08
5.72324e-07
-7.3815e-08
6.38862e-07
-4.04253e-08
7.4344e-07
-1.60534e-09
8.54469e-07
-4.95697e-09
8.96371e-07
-5.91426e-08
8.23241e-07
-1.88453e-07
6.39693e-07
-3.42591e-07
3.7209e-07
-4.23871e-07
9.47267e-08
-4.20843e-07
-1.38826e-07
-4.26566e-07
-3.4425e-07
-4.47299e-07
-4.67091e-07
-4.23099e-07
-4.45395e-07
-3.57996e-07
-3.83114e-07
-3.11484e-07
-2.46183e-07
-2.54922e-07
-2.18965e-07
-2.24829e-07
-1.06954e-07
-2.43721e-07
-2.78754e-07
-2.95368e-07
-7.04216e-07
-2.30147e-06
1.40939e-09
5.70914e-07
2.44309e-08
6.1584e-07
9.44195e-08
6.73451e-07
2.14897e-07
7.33992e-07
3.52835e-07
7.58433e-07
4.60606e-07
7.15471e-07
5.09272e-07
5.91027e-07
5.02412e-07
3.78949e-07
4.60184e-07
1.36955e-07
4.01334e-07
-7.99761e-08
3.04357e-07
-2.47273e-07
1.8628e-07
-3.49014e-07
8.03891e-08
-3.39504e-07
2.34731e-09
-3.05072e-07
-4.88042e-08
-1.95032e-07
-6.95563e-08
-1.98213e-07
-5.58024e-08
-1.20708e-07
-7.17784e-08
-2.62778e-07
-1.17884e-07
-6.5811e-07
-2.41935e-06
3.03737e-08
5.40541e-07
7.41467e-08
5.72067e-07
1.47852e-07
5.99746e-07
2.57289e-07
6.24554e-07
3.89231e-07
6.26492e-07
5.17958e-07
5.86744e-07
6.16436e-07
4.92548e-07
6.54483e-07
3.40903e-07
6.26586e-07
1.64852e-07
5.43873e-07
2.73711e-09
4.17953e-07
-1.21352e-07
2.83851e-07
-2.14913e-07
1.54674e-07
-2.10327e-07
7.90191e-08
-2.29418e-07
3.43898e-08
-1.50403e-07
1.73319e-08
-1.81155e-07
5.01495e-09
-1.08391e-07
-7.18007e-09
-2.50583e-07
-4.57035e-08
-6.19587e-07
-2.46505e-06
4.51993e-08
4.95341e-07
9.71712e-08
5.20095e-07
1.65235e-07
5.31682e-07
2.52543e-07
5.37246e-07
3.52852e-07
5.26182e-07
4.52781e-07
4.86816e-07
5.30589e-07
4.14739e-07
5.63611e-07
3.07881e-07
5.41657e-07
1.86806e-07
4.87922e-07
5.64713e-08
3.96414e-07
-2.98438e-08
3.0262e-07
-1.21119e-07
2.01122e-07
-1.08829e-07
1.36595e-07
-1.6489e-07
7.18376e-08
-8.56449e-08
3.87891e-08
-1.48107e-07
6.52538e-09
-7.61272e-08
-9.84791e-09
-2.3421e-07
-2.97852e-08
-5.9965e-07
-2.49484e-06
5.20663e-08
4.43275e-07
1.06571e-07
4.65591e-07
1.68018e-07
4.70235e-07
2.36832e-07
4.68432e-07
3.10171e-07
4.52844e-07
3.79569e-07
4.17417e-07
4.33501e-07
3.60807e-07
4.61713e-07
2.79669e-07
4.5388e-07
1.94639e-07
4.19145e-07
9.12067e-08
3.51083e-07
3.8218e-08
2.83142e-07
-5.3178e-08
2.0488e-07
-3.05671e-08
1.50693e-07
-1.10704e-07
9.56125e-08
-3.05642e-08
6.08148e-08
-1.13309e-07
2.22219e-08
-3.75342e-08
-8.33804e-09
-2.0365e-07
2.94507e-09
-6.10933e-07
-2.49189e-06
5.51515e-08
3.88124e-07
1.06789e-07
4.13954e-07
1.59461e-07
4.17563e-07
2.14606e-07
4.13287e-07
2.68797e-07
3.98653e-07
3.18744e-07
3.67471e-07
3.55191e-07
3.2436e-07
3.74162e-07
2.60698e-07
3.66155e-07
2.02645e-07
3.38623e-07
1.18739e-07
2.8837e-07
8.84711e-08
2.4034e-07
-5.14856e-09
1.79711e-07
3.00625e-08
1.33332e-07
-6.43254e-08
8.27591e-08
2.00091e-08
4.51999e-08
-7.57499e-08
8.10066e-09
-4.34993e-10
-2.78559e-08
-1.67694e-07
-1.42363e-08
-6.24552e-07
-2.50613e-06
5.87582e-08
3.29365e-07
1.12934e-07
3.59778e-07
1.61769e-07
3.68727e-07
2.04223e-07
3.70833e-07
2.42892e-07
3.59984e-07
2.74496e-07
3.35867e-07
2.97543e-07
3.01313e-07
3.094e-07
2.48841e-07
3.05276e-07
2.06769e-07
2.91473e-07
1.32542e-07
2.62584e-07
1.17361e-07
2.26223e-07
3.12121e-08
1.86131e-07
7.01549e-08
1.46049e-07
-2.42434e-08
1.05391e-07
6.06669e-08
5.722e-08
-2.75791e-08
1.3116e-08
4.3669e-08
-3.93776e-08
-1.152e-07
-4.48328e-08
-6.19097e-07
-2.55096e-06
6.7254e-08
2.62111e-07
1.08305e-07
3.18726e-07
1.41478e-07
3.35554e-07
1.74409e-07
3.37903e-07
2.03701e-07
3.30692e-07
2.32696e-07
3.06872e-07
2.50768e-07
2.83241e-07
2.59287e-07
2.40323e-07
2.53168e-07
2.12888e-07
2.35475e-07
1.50234e-07
2.07927e-07
1.44909e-07
1.72776e-07
6.63622e-08
1.39901e-07
1.0303e-07
1.01789e-07
1.38692e-08
7.38071e-08
8.86487e-08
4.88514e-08
-2.62337e-09
1.69501e-08
7.55703e-08
-2.369e-08
-7.45599e-08
-1.45579e-08
-6.28229e-07
-2.56552e-06
8.13939e-08
1.80718e-07
1.45102e-07
2.55019e-07
1.85666e-07
2.94991e-07
2.01056e-07
3.22512e-07
2.11279e-07
3.2047e-07
2.11955e-07
3.06195e-07
2.14191e-07
2.81006e-07
2.13221e-07
2.41292e-07
2.12004e-07
2.14105e-07
2.03386e-07
1.58852e-07
1.96053e-07
1.52242e-07
1.78262e-07
8.41534e-08
1.6706e-07
1.14232e-07
1.4285e-07
3.80793e-08
1.18783e-07
1.12716e-07
6.81907e-08
4.79685e-08
3.99175e-08
1.03844e-07
-2.00985e-08
-1.45439e-08
-1.21075e-08
-6.3622e-07
-2.57763e-06
1.33149e-07
4.75681e-08
1.29149e-07
2.59019e-07
1.23425e-07
3.00714e-07
1.36159e-07
3.09778e-07
1.57298e-07
2.9933e-07
1.83618e-07
2.79875e-07
1.93304e-07
2.7132e-07
1.94355e-07
2.4024e-07
1.86829e-07
2.21632e-07
1.70198e-07
1.75483e-07
1.5134e-07
1.711e-07
1.1948e-07
1.16013e-07
9.81117e-08
1.35601e-07
4.96994e-08
8.64915e-08
5.28412e-08
1.09574e-07
1.07495e-08
9.00602e-08
3.33289e-08
8.12642e-08
4.23741e-08
-2.35891e-08
7.36253e-09
-6.01209e-07
-2.57027e-06
2.15868e-07
-1.683e-07
2.49114e-07
2.25773e-07
2.59541e-07
2.90287e-07
2.10146e-07
3.59173e-07
1.68473e-07
3.41004e-07
1.29316e-07
3.19032e-07
1.21734e-07
2.78902e-07
1.17245e-07
2.44729e-07
1.28181e-07
2.10696e-07
1.2216e-07
1.81504e-07
1.35861e-07
1.57399e-07
1.16623e-07
1.35251e-07
1.45335e-07
1.06889e-07
1.28415e-07
1.03412e-07
1.39241e-07
9.87475e-08
1.16669e-07
1.12632e-07
9.60908e-08
1.01842e-07
1.8259e-08
5.42428e-08
-3.4326e-08
-5.48624e-07
-2.60459e-06
3.70721e-07
-5.39021e-07
2.28882e-07
3.67612e-07
2.23826e-07
2.95344e-07
2.68885e-07
3.14114e-07
2.73901e-07
3.35987e-07
2.52549e-07
3.40385e-07
2.24976e-07
3.06475e-07
1.98147e-07
2.71558e-07
1.7928e-07
2.29564e-07
1.54296e-07
2.06487e-07
1.35221e-07
1.76475e-07
1.03636e-07
1.66835e-07
6.29621e-08
1.47563e-07
2.14364e-08
1.44938e-07
-2.66957e-08
1.4688e-07
-1.41499e-07
2.27435e-07
1.32884e-08
-5.29449e-08
7.90055e-08
-1.14743e-08
5.31289e-08
-5.22747e-07
-2.55146e-06
1.88171e-07
-7.27193e-07
2.00433e-07
3.5535e-07
-3.41368e-08
5.29914e-07
-1.51946e-07
4.31923e-07
-1.77992e-07
3.62033e-07
-1.40265e-07
3.02658e-07
-9.8673e-08
2.64882e-07
-6.16946e-08
2.34579e-07
-2.64357e-08
1.94305e-07
-1.04729e-08
1.90525e-07
7.1704e-09
1.58832e-07
-7.85664e-09
1.81863e-07
4.45886e-08
9.51176e-08
-4.04316e-08
2.29958e-07
1.12412e-07
-5.9638e-09
1.52547e-07
1.873e-07
6.47955e-08
3.48065e-08
-3.48721e-08
8.81933e-08
-4.98365e-08
-5.07782e-07
-2.6013e-06
-5.64672e-08
-6.70725e-07
1.53091e-07
1.45792e-07
2.78598e-07
4.04407e-07
3.69293e-07
3.41227e-07
4.06987e-07
3.2434e-07
4.00881e-07
3.08764e-07
4.31114e-07
2.34649e-07
4.10139e-07
2.55555e-07
4.02397e-07
2.02046e-07
3.55503e-07
2.37419e-07
3.4245e-07
1.71884e-07
2.77129e-07
2.47184e-07
3.02481e-07
6.97658e-08
2.13248e-07
3.1919e-07
9.19797e-08
1.15305e-07
2.76393e-09
2.76516e-07
6.02682e-08
-2.26978e-08
4.5215e-08
1.03247e-07
4.6512e-08
-5.0908e-07
-2.55479e-06
-2.38345e-07
-4.32381e-07
-4.99644e-07
4.07091e-07
-3.05395e-07
2.10158e-07
-3.19739e-07
3.55571e-07
-3.13589e-07
3.1819e-07
-2.82328e-07
2.77504e-07
-3.15402e-07
2.67723e-07
-2.90595e-07
2.30748e-07
-3.19588e-07
2.31039e-07
-2.93729e-07
2.11561e-07
-3.03212e-07
1.81366e-07
-2.53664e-07
1.97637e-07
-2.83415e-07
9.95167e-08
-2.50643e-07
2.86419e-07
-1.32919e-07
-2.41926e-09
-2.3854e-07
3.82137e-07
1.31035e-07
-3.92272e-07
1.69234e-07
6.50469e-08
4.9599e-08
-3.89444e-07
-2.50519e-06
1.59827e-08
-4.48363e-07
3.49321e-07
7.37532e-08
2.61177e-07
2.98302e-07
3.2807e-07
2.88677e-07
3.78944e-07
2.67316e-07
4.35521e-07
2.20927e-07
4.81771e-07
2.21472e-07
5.39104e-07
1.73415e-07
5.85352e-07
1.84791e-07
6.12076e-07
1.84837e-07
6.41889e-07
1.51553e-07
6.55683e-07
1.83843e-07
6.61381e-07
9.38181e-08
5.52123e-07
3.95677e-07
6.40048e-07
-9.0344e-08
6.0915e-07
4.13035e-07
4.08438e-07
-1.91561e-07
1.83805e-07
2.8968e-07
2.29327e-07
-4.34967e-07
-2.27586e-06
-8.25794e-07
3.77431e-07
-9.83716e-07
2.31676e-07
-9.52242e-07
2.66828e-07
-8.30093e-07
1.66528e-07
-7.44148e-07
1.81371e-07
-6.67185e-07
1.43964e-07
-6.0904e-07
1.63327e-07
-5.62631e-07
1.27007e-07
-5.08747e-07
1.30907e-07
-4.49611e-07
1.25701e-07
-3.88775e-07
9.07164e-08
-3.19082e-07
1.1415e-07
-2.98962e-07
7.36981e-08
-7.66215e-08
1.73337e-07
-2.69761e-07
1.02796e-07
2.26406e-08
1.20633e-07
-1.04517e-07
-6.44026e-08
1.85595e-07
-4.31878e-10
7.23938e-07
-9.73309e-07
-1.55192e-06
3.77431e-07
6.09106e-07
8.75934e-07
1.04246e-06
1.22383e-06
1.3678e-06
1.53112e-06
1.65813e-06
1.78904e-06
1.91474e-06
2.00546e-06
2.11961e-06
2.1933e-06
2.36664e-06
2.46944e-06
2.59007e-06
2.52567e-06
2.52523e-06
1.55192e-06
)
;

boundaryField
{
    movingWall
    {
        type            calculated;
        value           uniform 0;
    }
    fixedWalls
    {
        type            calculated;
        value           uniform 0;
    }
    frontAndBack
    {
        type            empty;
        value           nonuniform 0();
    }
}


// ************************************************************************* //
