/*--------------------------------*- C++ -*----------------------------------*\
| =========                 |                                                 |
| \\      /  F ield         | OpenFOAM: The Open Source CFD Toolbox           |
|  \\    /   O peration     | Version:  5.x                                   |
|   \\  /    A nd           | Web:      www.OpenFOAM.org                      |
|    \\/     M anipulation  |                                                 |
\*---------------------------------------------------------------------------*/
FoamFile
{
    version     2.0;
    format      ascii;
    class       volVectorField;
    location    "6.9";
    object      U;
}
// * * * * * * * * * * * * * * * * * * * * * * * * * * * * * * * * * * * * * //

dimensions      [0 1 -1 0 0 0 0];

internalField   nonuniform List<vector> 
400
(
(-0.00327954 0.00425338 0)
(-0.0108707 0.00621921 0)
(-0.022083 0.00762973 0)
(-0.0373699 0.00154576 0)
(-0.0464549 -0.00549552 0)
(-0.0487275 0.00294265 0)
(-0.0575493 0.0128507 0)
(-0.0643746 0.00368456 0)
(-0.0591457 -0.00183659 0)
(-0.0601718 0.00571232 0)
(-0.0642039 0.000861961 0)
(-0.0552226 -0.0088221 0)
(-0.0466895 -0.00439538 0)
(-0.0462312 0.00122946 0)
(-0.0463787 -0.000838951 0)
(-0.0440045 -0.0036988 0)
(-0.0422298 -0.00345046 0)
(-0.0391339 -0.00503887 0)
(-0.0351175 -0.00893723 0)
(-0.00873253 -0.0178044 0)
(-0.00148601 0.00943594 0)
(-0.00426654 0.0119637 0)
(-0.0064877 0.0162362 0)
(-0.0107261 0.0189387 0)
(-0.0198955 0.0166843 0)
(-0.0327202 0.00936944 0)
(-0.0406734 0.00243362 0)
(-0.0419753 -0.00105835 0)
(-0.0430378 -0.00189649 0)
(-0.0426576 -0.00294589 0)
(-0.0375016 -0.0059369 0)
(-0.0326433 -0.00779124 0)
(-0.030766 -0.00590247 0)
(-0.026502 -0.00368652 0)
(-0.0228056 -0.00171184 0)
(-0.0198333 -0.00143648 0)
(-0.0221683 -0.00124054 0)
(-0.0195002 -0.00642352 0)
(-0.0230834 -0.0149072 0)
(-0.00411747 -0.0360653 0)
(-0.000563861 0.0110946 0)
(-0.00144284 0.01274 0)
(-0.00130952 0.0154812 0)
(-0.000232127 0.01808 0)
(0.000192161 0.019247 0)
(-0.000471052 0.0187932 0)
(-0.00234054 0.0157086 0)
(-0.00524248 0.00932689 0)
(-0.00775256 0.00261318 0)
(-0.00870679 -0.00237074 0)
(-0.00851377 -0.00705913 0)
(-0.00806888 -0.0104799 0)
(-0.00904089 -0.010415 0)
(-0.00729239 -0.00907401 0)
(-0.00780803 -0.00610544 0)
(-0.00423525 -0.00472617 0)
(-0.00661063 -0.00147934 0)
(-0.00187371 -0.0046216 0)
(-0.00898385 -0.0137872 0)
(-0.00115436 -0.0435917 0)
(-2.33424e-05 0.0115729 0)
(8.93453e-05 0.012659 0)
(0.000933638 0.0142146 0)
(0.00289132 0.0158827 0)
(0.00557533 0.0167062 0)
(0.00813827 0.0159663 0)
(0.00971147 0.0123725 0)
(0.0101572 0.00709289 0)
(0.00962741 0.00176325 0)
(0.00885332 -0.00272054 0)
(0.00711838 -0.00634522 0)
(0.00562283 -0.0083089 0)
(0.00202333 -0.00789235 0)
(0.00156791 -0.00667471 0)
(-0.00157144 -0.00421873 0)
(-7.43369e-05 -0.0042975 0)
(-0.00310649 -0.00291382 0)
(0.00122735 -0.00634735 0)
(-0.00465766 -0.014067 0)
(0.000747271 -0.0470506 0)
(0.000291869 0.011218 0)
(0.000957825 0.0119698 0)
(0.00206895 0.0127872 0)
(0.00387728 0.0135829 0)
(0.00630633 0.013826 0)
(0.00901065 0.0129793 0)
(0.0113197 0.0107561 0)
(0.0128465 0.0073308 0)
(0.0129079 0.00346343 0)
(0.0120726 -0.000308639 0)
(0.00969731 -0.00313983 0)
(0.00754573 -0.00513478 0)
(0.00364038 -0.00512112 0)
(0.00306687 -0.00514263 0)
(-0.00036969 -0.00338217 0)
(0.00206027 -0.00362162 0)
(-0.00161185 -0.00208511 0)
(0.0019452 -0.00383849 0)
(-0.00239977 -0.0112378 0)
(0.000979922 -0.0472407 0)
(0.000450542 0.0104261 0)
(0.00137845 0.0109814 0)
(0.00253681 0.0113539 0)
(0.0040741 0.0116287 0)
(0.00593852 0.0114744 0)
(0.00800146 0.0106375 0)
(0.00980659 0.0089305 0)
(0.0110934 0.00638682 0)
(0.0111432 0.00345213 0)
(0.0106091 0.000497303 0)
(0.0087639 -0.00158686 0)
(0.00753074 -0.00337124 0)
(0.00421294 -0.00327602 0)
(0.00440446 -0.00394413 0)
(0.000489988 -0.00243011 0)
(0.00284707 -0.00340054 0)
(-0.00167377 -0.00202764 0)
(0.00210067 -0.00595414 0)
(-0.00270919 -0.0134756 0)
(0.00184657 -0.0507858 0)
(0.000525341 0.0094395 0)
(0.00156124 0.00990977 0)
(0.00270003 0.0100421 0)
(0.00399158 0.0100016 0)
(0.00540144 0.00968448 0)
(0.00687246 0.00884519 0)
(0.00810221 0.00752593 0)
(0.00905474 0.00562723 0)
(0.0091849 0.00365283 0)
(0.00896311 0.0015012 0)
(0.00759361 0.000278724 0)
(0.00687576 -0.00168763 0)
(0.00403756 -0.00121546 0)
(0.00472325 -0.00283023 0)
(0.000716895 -0.00114933 0)
(0.00364709 -0.00278222 0)
(-0.00169988 -0.0012209 0)
(0.00290459 -0.00373916 0)
(-0.00343531 -0.0109054 0)
(0.00365431 -0.0491945 0)
(0.000561039 0.0083314 0)
(0.00161579 0.00877653 0)
(0.00262662 0.0088729 0)
(0.00371258 0.00887122 0)
(0.00479036 0.00854634 0)
(0.00587251 0.00793185 0)
(0.00671494 0.00689616 0)
(0.00739542 0.00547637 0)
(0.00737719 0.004048 0)
(0.00738594 0.00225678 0)
(0.00591356 0.00137669 0)
(0.00605513 -0.000280646 0)
(0.00307861 9.76055e-05 0)
(0.00466917 -0.00133524 0)
(9.41405e-05 5.53945e-05 0)
(0.00373397 -0.00143944 0)
(-0.00235196 -0.000106747 0)
(0.00286855 -0.00398302 0)
(-0.00433586 -0.0130118 0)
(0.00397364 -0.0491807 0)
(0.000597966 0.00724549 0)
(0.00170723 0.007892 0)
(0.00275939 0.00792866 0)
(0.00365592 0.00770712 0)
(0.0044471 0.00738542 0)
(0.00519955 0.00664249 0)
(0.00566602 0.00590106 0)
(0.00617794 0.00471416 0)
(0.00606142 0.00380941 0)
(0.00626892 0.00224378 0)
(0.00519663 0.00192595 0)
(0.00561906 1.51992e-05 0)
(0.00303915 0.000967029 0)
(0.00491487 -0.00147812 0)
(0.000390842 0.000637462 0)
(0.004354 -0.00188685 0)
(-0.00250645 6.77188e-05 0)
(0.00326194 -0.00314831 0)
(-0.00523895 -0.0120506 0)
(0.00380866 -0.0514281 0)
(0.000761272 0.0059024 0)
(0.00184474 0.00643541 0)
(0.00244335 0.00686042 0)
(0.00316526 0.00721842 0)
(0.00374871 0.0071281 0)
(0.0044011 0.0069454 0)
(0.00480015 0.00630129 0)
(0.0052679 0.00541455 0)
(0.00494639 0.0046404 0)
(0.00537849 0.00329266 0)
(0.00375385 0.00301268 0)
(0.0049689 0.0014217 0)
(0.00149176 0.00207244 0)
(0.00460548 0.000684054 0)
(-0.00103301 0.00199747 0)
(0.00447583 0.000991045 0)
(-0.00296112 0.00183562 0)
(0.00392088 -0.00110243 0)
(-0.00522073 -0.012467 0)
(0.00487313 -0.0507429 0)
(0.000869871 0.0046647 0)
(0.00226373 0.00653224 0)
(0.00347052 0.0067165 0)
(0.00391525 0.00638469 0)
(0.00411378 0.00600492 0)
(0.00429638 0.00511299 0)
(0.00412571 0.00478553 0)
(0.00445329 0.00391195 0)
(0.00398376 0.00359 0)
(0.00462762 0.00240395 0)
(0.00332383 0.00247283 0)
(0.00478143 0.000935944 0)
(0.00202558 0.00173829 0)
(0.00506665 -0.000278826 0)
(0.000195639 0.00126288 0)
(0.00504236 -0.00116844 0)
(-0.00273584 0.000965744 0)
(0.00470711 -0.00220781 0)
(-0.00581042 -0.0134589 0)
(0.00552481 -0.0524453 0)
(0.00192572 0.00247498 0)
(0.00311783 0.00345248 0)
(0.00219993 0.00496042 0)
(0.00262973 0.00639573 0)
(0.00287621 0.00695311 0)
(0.00349688 0.00742109 0)
(0.0037261 0.00674035 0)
(0.0041289 0.00607035 0)
(0.00347982 0.00528009 0)
(0.00419698 0.00429196 0)
(0.00235511 0.00394694 0)
(0.00401948 0.00277044 0)
(0.000415536 0.00318282 0)
(0.00388923 0.00206863 0)
(-0.00221466 0.00362411 0)
(0.00470483 0.00340643 0)
(-0.00446861 0.00346185 0)
(0.00616281 0.00177542 0)
(-0.00488118 -0.0108222 0)
(0.00532891 -0.0507547 0)
(0.00377685 -0.000368251 0)
(0.00440875 0.00745706 0)
(0.00575722 0.00729146 0)
(0.00474236 0.00629775 0)
(0.00366363 0.00490946 0)
(0.0029861 0.00343382 0)
(0.00226343 0.00375099 0)
(0.00258508 0.00312289 0)
(0.00210495 0.00320797 0)
(0.00308162 0.0023158 0)
(0.001699 0.00251025 0)
(0.0039084 0.00145534 0)
(0.000540584 0.00182567 0)
(0.00559704 0.000972911 0)
(-0.000846535 0.000303154 0)
(0.00687463 -0.000262693 0)
(-0.0026932 -0.000457518 0)
(0.00711789 -0.00289307 0)
(-0.00670537 -0.0145318 0)
(0.00575489 -0.051129 0)
(0.00687527 -0.00624441 0)
(0.00690178 0.00125022 0)
(0.00302536 0.00428528 0)
(0.00542874 0.00773318 0)
(0.0055982 0.00898269 0)
(0.00537218 0.00974013 0)
(0.00461632 0.00778454 0)
(0.00455503 0.00713324 0)
(0.00317377 0.00559974 0)
(0.00419688 0.00539445 0)
(0.0017554 0.00416561 0)
(0.00389349 0.00442323 0)
(1.0487e-05 0.00283213 0)
(0.00270985 0.00363993 0)
(-0.00196287 0.00417445 0)
(0.00107181 0.00532155 0)
(-0.00732083 0.00491475 0)
(0.00805986 0.00532361 0)
(-0.00538889 -0.00606855 0)
(0.00784344 -0.053372 0)
(-0.00225576 -0.0148117 0)
(0.00882024 0.0126542 0)
(0.000219045 0.00756109 0)
(-0.00183516 0.00516368 0)
(-0.00434134 0.00407977 0)
(-0.00275071 0.00334437 0)
(-0.00264743 0.00407641 0)
(-0.00149151 0.00320319 0)
(-0.000831018 0.00320955 0)
(-0.000324044 0.00235006 0)
(-3.01198e-05 0.0025102 0)
(0.000250877 0.00169695 0)
(-0.000499932 0.00267155 0)
(0.00221596 0.00161726 0)
(-0.00398318 0.000988499 0)
(0.00884919 0.00288669 0)
(-0.00336919 -0.00744672 0)
(0.00649099 -0.00588813 0)
(-0.00830916 -0.0161645 0)
(0.00677651 -0.0493284 0)
(-0.00469825 -0.0166703 0)
(0.00229177 0.00109877 0)
(0.00445713 0.0131721 0)
(0.00591487 0.0112324 0)
(0.00928525 0.010173 0)
(0.00729456 0.00912086 0)
(0.00838326 0.0067467 0)
(0.00910357 0.00661016 0)
(0.006959 0.00481902 0)
(0.00952331 0.00577143 0)
(0.00431692 0.00418875 0)
(0.00978086 0.00616011 0)
(0.000979704 0.00138797 0)
(0.0108121 0.0082301 0)
(-0.00192701 -0.00109201 0)
(0.00576656 0.00553143 0)
(-0.00567254 0.00931651 0)
(0.00799189 0.00967242 0)
(-0.00639531 -0.00263189 0)
(0.0085191 -0.0544944 0)
(0.00118286 -0.00738305 0)
(-0.0117884 0.00558754 0)
(-0.00740147 0.00300594 0)
(-0.00393435 0.00336933 0)
(-0.0097293 0.00320263 0)
(-0.00215304 0.00328189 0)
(-0.00939312 0.00284333 0)
(-0.00351177 0.00320694 0)
(-0.007776 0.00311772 0)
(-0.00538608 0.00317262 0)
(-0.00603575 0.00229783 0)
(-0.00646059 0.00306803 0)
(-0.0031396 0.00120401 0)
(-0.00901574 0.00364014 0)
(-0.000146069 0.00524084 0)
(-0.00551641 0.00460944 0)
(-0.00497878 -0.0106653 0)
(0.0111992 -0.0060385 0)
(-0.00572758 -0.0198456 0)
(0.00841432 -0.0499419 0)
(-0.00828399 -0.0115297 0)
(0.00851802 0.00895942 0)
(0.00701748 0.00568005 0)
(0.00370166 0.01044 0)
(0.00858893 0.00915348 0)
(0.00735334 0.00798938 0)
(0.00935775 0.0075364 0)
(0.0105506 0.00639992 0)
(0.010344 0.00609106 0)
(0.0136237 0.00572067 0)
(0.010508 0.0054019 0)
(0.0154058 0.00525718 0)
(0.0106552 0.00315477 0)
(0.0158072 0.00854493 0)
(0.0072794 -0.00529242 0)
(0.0165367 0.0102619 0)
(0.00909812 -0.00358897 0)
(0.00822536 0.00935997 0)
(-0.00184845 0.00642869 0)
(0.0123097 -0.0474228 0)
(-0.0214262 -0.00482801 0)
(-0.0137313 -0.00537597 0)
(-0.0244023 0.00538548 0)
(-0.0128029 0.000538905 0)
(-0.0197734 0.00178122 0)
(-0.0101731 0.000608517 0)
(-0.0169049 0.00162626 0)
(-0.00707884 0.000328712 0)
(-0.0160491 0.00106 0)
(-0.00357832 0.001401 0)
(-0.0152878 0.000155984 0)
(0.000856265 0.00201881 0)
(-0.0148705 -1.79207e-05 0)
(0.00415658 0.00691282 0)
(-0.00759811 0.00130263 0)
(-0.00429187 0.0057434 0)
(0.00566015 -0.00417328 0)
(-0.0109166 -2.26512e-05 0)
(0.0179617 -0.0268044 0)
(0.0143221 -0.0512976 0)
(0.00216995 0.0182501 0)
(0.0134707 0.0142024 0)
(0.0121088 0.00635696 0)
(0.0209352 0.00645458 0)
(0.0225146 0.00568276 0)
(0.0255761 0.00534422 0)
(0.0292607 0.00492332 0)
(0.0315233 0.0048144 0)
(0.0351341 0.00447295 0)
(0.036274 0.00383763 0)
(0.0398312 0.00387288 0)
(0.0409361 0.00268284 0)
(0.0437329 0.00355795 0)
(0.0452525 0.000339187 0)
(0.0477057 0.00323876 0)
(0.0500866 -0.000267069 0)
(0.0508329 0.00132295 0)
(0.0508499 0.000482535 0)
(0.0441326 -0.00701274 0)
(0.0261155 -0.00158523 0)
)
;

boundaryField
{
    movingWall
    {
        type            fixedValue;
        value           uniform (1 0 0);
    }
    fixedWalls
    {
        type            noSlip;
    }
    frontAndBack
    {
        type            empty;
    }
}


// ************************************************************************* //
