/*--------------------------------*- C++ -*----------------------------------*\
| =========                 |                                                 |
| \\      /  F ield         | OpenFOAM: The Open Source CFD Toolbox           |
|  \\    /   O peration     | Version:  5.x                                   |
|   \\  /    A nd           | Web:      www.OpenFOAM.org                      |
|    \\/     M anipulation  |                                                 |
\*---------------------------------------------------------------------------*/
FoamFile
{
    version     2.0;
    format      ascii;
    class       volScalarField;
    location    "19.5";
    object      p;
}
// * * * * * * * * * * * * * * * * * * * * * * * * * * * * * * * * * * * * * //

dimensions      [0 2 -2 0 0 0 0];

internalField   nonuniform List<scalar> 
400
(
9.05866e-10
-0.000777829
-0.00135245
-0.00172168
-0.00191251
-0.00203056
-0.00209299
-0.00212465
-0.00212635
-0.00212946
-0.0021293
-0.00212603
-0.00209864
-0.00205142
-0.0019832
-0.00187895
-0.00170464
-0.00136873
-0.000895798
0.000401563
-0.000842699
-0.00135514
-0.00171553
-0.0019053
-0.00201144
-0.00206323
-0.00210063
-0.00211408
-0.00211673
-0.0021215
-0.002132
-0.00214593
-0.00213873
-0.0021277
-0.00210005
-0.00205397
-0.00198677
-0.00176792
-0.00161077
-0.000654478
-0.00137173
-0.00173704
-0.00189759
-0.00200485
-0.00205053
-0.00208839
-0.00211587
-0.00213305
-0.00213523
-0.00213182
-0.00212924
-0.00212996
-0.00212271
-0.0020787
-0.00205946
-0.00194572
-0.0019924
-0.00182878
-0.00176152
-0.00135239
-0.0017149
-0.00193042
-0.00200202
-0.00205514
-0.00208048
-0.0021008
-0.00211467
-0.00212373
-0.00211761
-0.00211875
-0.00212764
-0.00213925
-0.00214412
-0.00211658
-0.00212511
-0.00210895
-0.00211096
-0.00192729
-0.00196857
-0.00173583
-0.00189329
-0.00202732
-0.00205022
-0.00207794
-0.00209314
-0.00210213
-0.00211711
-0.0021227
-0.00213028
-0.00212883
-0.00213002
-0.0021222
-0.00214437
-0.00210509
-0.00211455
-0.00211364
-0.00207115
-0.00195724
-0.00196653
-0.00188861
-0.00199498
-0.00205633
-0.00206591
-0.00208261
-0.00209164
-0.0021024
-0.00210991
-0.00212
-0.00212312
-0.00212154
-0.00213481
-0.00213019
-0.00213254
-0.00209385
-0.00211006
-0.00211133
-0.00207386
-0.00197291
-0.00206307
-0.00197362
-0.0020354
-0.00206609
-0.00207724
-0.00208724
-0.00209777
-0.00210461
-0.00211556
-0.00211987
-0.00213277
-0.00213107
-0.0021553
-0.00213182
-0.0021615
-0.00209339
-0.00212275
-0.00211004
-0.0021021
-0.00204778
-0.00204195
-0.00207054
-0.00206148
-0.00208375
-0.00208745
-0.00209561
-0.00209878
-0.00210381
-0.00210625
-0.0021186
-0.00212864
-0.00214558
-0.00214406
-0.00212372
-0.00211198
-0.00212503
-0.00218917
-0.00211997
-0.00219319
-0.00216553
-0.00214244
-0.00212843
-0.00208544
-0.00209503
-0.00209065
-0.00210439
-0.00210725
-0.00210929
-0.00211485
-0.00212268
-0.00213749
-0.0021628
-0.00216438
-0.00216191
-0.00216319
-0.00218192
-0.00223941
-0.00213511
-0.00224094
-0.00216338
-0.00215222
-0.00208142
-0.00210146
-0.00210999
-0.00210801
-0.00212077
-0.00211165
-0.00211187
-0.00210915
-0.00212403
-0.00212597
-0.00213044
-0.0021218
-0.00213194
-0.00212716
-0.00209738
-0.00218345
-0.00215032
-0.00211196
-0.0021075
-0.00215336
-0.00206701
-0.00212686
-0.00215786
-0.00212836
-0.00214988
-0.00213067
-0.00212176
-0.00212025
-0.00212571
-0.00213272
-0.00215008
-0.00216071
-0.00217737
-0.00218224
-0.00222595
-0.00219972
-0.00216068
-0.00211335
-0.00210605
-0.0021761
-0.0021063
-0.00214208
-0.00215017
-0.0021259
-0.002147
-0.0021346
-0.00210818
-0.00212921
-0.00212523
-0.00210093
-0.00211734
-0.00215051
-0.0021687
-0.00218002
-0.00222917
-0.00221573
-0.00218122
-0.00223131
-0.00210527
-0.00222469
-0.00210736
-0.00214803
-0.00219129
-0.00214404
-0.00218584
-0.0021479
-0.00214373
-0.00215687
-0.00210336
-0.00210728
-0.00213368
-0.00215091
-0.00219048
-0.00220686
-0.00218844
-0.00223607
-0.00213496
-0.00222705
-0.00209431
-0.00217783
-0.00196834
-0.00214171
-0.00219082
-0.00216312
-0.00219626
-0.00215039
-0.0021903
-0.00216771
-0.00208759
-0.00206626
-0.00209589
-0.00215181
-0.0021728
-0.002139
-0.00222552
-0.00235884
-0.00215219
-0.00216532
-0.00203492
-0.00204941
-0.00198013
-0.0020997
-0.00217578
-0.00217631
-0.0022487
-0.00218699
-0.00222849
-0.00221117
-0.00216342
-0.00213745
-0.00216887
-0.00216255
-0.00220484
-0.00217643
-0.00228596
-0.00241062
-0.0022145
-0.00218699
-0.00198427
-0.00214594
-0.00205642
-0.00201418
-0.00213224
-0.00222259
-0.00219169
-0.00220169
-0.00220131
-0.00218885
-0.00212082
-0.00219187
-0.00215414
-0.00218708
-0.00221597
-0.00215457
-0.00216407
-0.00203953
-0.00199791
-0.00219281
-0.00201878
-0.00202018
-0.00199503
-0.00181273
-0.00200018
-0.00213861
-0.00224973
-0.00219103
-0.00219853
-0.00217528
-0.00211819
-0.00218311
-0.00222156
-0.0022309
-0.00219864
-0.00215988
-0.0021333
-0.00217114
-0.00212204
-0.00211103
-0.00217329
-0.00209122
-0.00171829
-0.00147625
-0.00176691
-0.00207144
-0.0021575
-0.00220843
-0.00216049
-0.00213605
-0.0021874
-0.00228701
-0.00237998
-0.00240173
-0.0021427
-0.00207441
-0.00211483
-0.00210694
-0.00211475
-0.00185899
-0.00177631
-0.00155812
-0.00132723
-0.000960203
-0.00136507
-0.00176927
-0.00199681
-0.0020112
-0.00193989
-0.00184848
-0.00204014
-0.0025193
-0.00263155
-0.00254017
-0.00210152
-0.00206867
-0.00198011
-0.00197581
-0.00215233
-0.00195686
-0.00207681
-0.00185777
-0.000931228
-0.000396914
-0.000911163
-0.00145196
-0.00184571
-0.00205266
-0.00211751
-0.00207665
-0.00209103
-0.00214515
-0.0021408
-0.0020495
-0.0020247
-0.00207296
-0.00200906
-0.00201316
-0.00195292
-0.00193222
-0.00151292
-0.000612619
0.0014127
)
;

boundaryField
{
    movingWall
    {
        type            zeroGradient;
    }
    fixedWalls
    {
        type            zeroGradient;
    }
    frontAndBack
    {
        type            empty;
    }
}


// ************************************************************************* //
