/*--------------------------------*- C++ -*----------------------------------*\
| =========                 |                                                 |
| \\      /  F ield         | OpenFOAM: The Open Source CFD Toolbox           |
|  \\    /   O peration     | Version:  5.x                                   |
|   \\  /    A nd           | Web:      www.OpenFOAM.org                      |
|    \\/     M anipulation  |                                                 |
\*---------------------------------------------------------------------------*/
FoamFile
{
    version     2.0;
    format      ascii;
    class       volVectorField;
    location    "18.6";
    object      U;
}
// * * * * * * * * * * * * * * * * * * * * * * * * * * * * * * * * * * * * * //

dimensions      [0 1 -1 0 0 0 0];

internalField   nonuniform List<vector> 
400
(
(-0.0182833 0.0105626 0)
(-0.0420191 0.00633435 0)
(-0.0495023 0.00317713 0)
(-0.056668 0.00021439 0)
(-0.0570489 0.000427257 0)
(-0.0603795 -0.000808222 0)
(-0.0591405 0.00010967 0)
(-0.0618477 -0.000424173 0)
(-0.0600184 -0.000161151 0)
(-0.0627549 -0.000245147 0)
(-0.0601415 -0.000948752 0)
(-0.0640031 -0.000635546 0)
(-0.0616304 -0.00127065 0)
(-0.0653425 -0.000522258 0)
(-0.0617767 -0.00130654 0)
(-0.0632338 -0.00148441 0)
(-0.0574379 -0.00359168 0)
(-0.056395 -0.00566063 0)
(-0.0426182 -0.0111469 0)
(-0.014054 -0.0226651 0)
(-0.0135128 0.0387327 0)
(-0.0218802 0.0255774 0)
(-0.0265954 0.0115494 0)
(-0.028253 0.00700466 0)
(-0.0275855 0.00206863 0)
(-0.0305238 0.00241665 0)
(-0.0272541 0.00028986 0)
(-0.0324873 0.00137823 0)
(-0.027015 0.000291686 0)
(-0.0332432 0.00186389 0)
(-0.0247941 0.00102409 0)
(-0.0327821 0.00197938 0)
(-0.025082 0.000792951 0)
(-0.0357201 0.000851528 0)
(-0.0265587 -0.00100241 0)
(-0.0370104 -0.00262334 0)
(-0.0250314 -0.00611156 0)
(-0.0363152 -0.0147946 0)
(-0.0277709 -0.0236311 0)
(-0.008339 -0.0484799 0)
(-0.00665711 0.0496745 0)
(-0.0113725 0.0300367 0)
(-0.0107388 0.0119115 0)
(-0.0125 0.00391157 0)
(-0.011284 0.00152609 0)
(-0.0134711 0.000231738 0)
(-0.0121872 0.000250025 0)
(-0.0168708 0.000396903 0)
(-0.013495 -0.000590373 0)
(-0.0188822 -0.00094995 0)
(-0.0123046 -0.00125549 0)
(-0.0180615 -0.000242659 0)
(-0.0127908 0.000777096 0)
(-0.0187988 0.000649677 0)
(-0.0134705 0.00151414 0)
(-0.0130897 -0.00181198 0)
(-0.0129098 -0.00213331 0)
(-0.00074853 -0.00127666 0)
(-0.012004 -0.0203758 0)
(-0.000401714 -0.0560649 0)
(-0.00525384 0.0555665 0)
(-0.00430779 0.0326537 0)
(-0.00522794 0.0117734 0)
(-0.00468512 0.00693435 0)
(-0.004076 0.00280884 0)
(-0.00604676 0.00314715 0)
(-0.00444577 0.0031901 0)
(-0.00818451 0.00297093 0)
(-0.00508561 0.00203879 0)
(-0.00919106 0.000959678 0)
(-0.00602315 0.000230396 0)
(-0.0107351 0.00136634 0)
(-0.00798957 0.00197776 0)
(-0.00983539 0.000394771 0)
(-0.0122899 -0.00442907 0)
(-0.0126766 -0.00837072 0)
(-0.0156159 -0.0175863 0)
(-0.00647396 -0.0209667 0)
(-0.00688074 -0.0255781 0)
(-0.000760008 -0.0637532 0)
(-0.00209536 0.0564968 0)
(-0.00212712 0.032525 0)
(-0.00150985 0.0104074 0)
(-0.00154871 0.00422641 0)
(-0.000105645 0.00191273 0)
(-0.00205129 0.00127425 0)
(-0.00138558 0.00173382 0)
(-0.00305002 0.00142645 0)
(-0.00231895 0.000758791 0)
(-0.00480712 3.70307e-05 0)
(-0.00418814 0.000821467 0)
(-0.00453963 0.00173879 0)
(-0.00199665 0.00068498 0)
(0.000139801 0.00255083 0)
(-0.00445866 0.00646723 0)
(0.00213261 -0.00048778 0)
(-0.00664896 -0.00279544 0)
(0.00269535 -0.013881 0)
(-0.00307302 -0.0193636 0)
(0.00291597 -0.063539 0)
(-0.00214865 0.0600703 0)
(0.000146331 0.0331361 0)
(-0.00303385 0.0113857 0)
(0.000932275 0.00518945 0)
(-0.00106675 0.00371494 0)
(-0.00130752 0.00432571 0)
(-0.000766013 0.0042087 0)
(-0.00202251 0.00362476 0)
(-0.00169382 0.00407026 0)
(-0.0016177 0.00242439 0)
(-0.00343172 0.000124198 0)
(-0.00705319 -0.00165517 0)
(-0.00499247 -0.00218302 0)
(0.00296785 0.00260422 0)
(-0.00371664 -0.00466962 0)
(0.0105264 -0.00645753 0)
(-0.00265991 -0.0177447 0)
(0.00224154 -0.0244489 0)
(-0.00451619 -0.0288292 0)
(0.00180989 -0.0672446 0)
(-0.000911277 0.0567545 0)
(-0.000294797 0.0322599 0)
(-0.000930137 0.00739342 0)
(-0.00154516 0.00213716 0)
(-0.000719988 0.00325158 0)
(-0.000199734 0.00104287 0)
(-0.000151401 0.00169965 0)
(0.000438056 0.00254095 0)
(-0.0014456 0.000243663 0)
(-0.00128939 0.00168003 0)
(-0.00193097 0.00679236 0)
(-2.83074e-05 0.00293753 0)
(-0.00197654 -0.0086464 0)
(0.00340487 0.000868026 0)
(-0.00549007 -0.00039816 0)
(0.011005 -0.00415068 0)
(-0.00365124 0.00714859 0)
(0.00978573 -0.0142156 0)
(-0.00216043 -0.0141041 0)
(0.0043613 -0.0641429 0)
(-0.00106124 0.0609839 0)
(0.00123354 0.0347113 0)
(-0.00230104 0.0138041 0)
(0.00138241 0.00556178 0)
(-0.00060471 0.00313881 0)
(0.000725646 0.00399064 0)
(-0.0016318 0.00434865 0)
(-0.00306967 0.00463978 0)
(-0.00386968 0.00680123 0)
(-0.00554531 0.00231623 0)
(-0.00705894 -0.000673293 0)
(3.43488e-05 -0.00271118 0)
(-0.00118522 -0.00383442 0)
(-0.00370802 0.00411628 0)
(-0.0110532 -0.0115085 0)
(0.0047105 -0.00851359 0)
(-0.00601684 -0.0140512 0)
(0.00235239 -0.0260313 0)
(-0.00614333 -0.0247145 0)
(0.00430301 -0.067859 0)
(-0.000977569 0.0564133 0)
(0.000424433 0.0327205 0)
(-0.000747075 0.00605266 0)
(-0.000518143 0.000114543 0)
(-0.00181869 0.00308187 0)
(0.00102355 0.0018177 0)
(0.00099591 0.00437102 0)
(0.00254894 0.00536523 0)
(0.00288929 0.00185967 0)
(0.0113627 0.00346023 0)
(0.00169943 0.00216022 0)
(0.00325084 -0.00313999 0)
(-0.00629287 -0.00654997 0)
(-0.00208308 0.0132426 0)
(-0.00996904 -0.0100759 0)
(0.00762395 -0.00990412 0)
(-0.00445654 0.00783255 0)
(-0.00217532 -0.0158153 0)
(-0.00393311 -0.0138699 0)
(0.00501687 -0.0666818 0)
(-0.000469312 0.0609784 0)
(0.00125804 0.0356887 0)
(-0.00135008 0.0149836 0)
(9.33607e-05 0.00726496 0)
(0.000439661 0.00233148 0)
(0.0019442 0.00119835 0)
(0.00129109 0.00414834 0)
(0.00566065 0.00174319 0)
(0.00258564 -0.00121243 0)
(0.00375894 0.00508076 0)
(-0.003876 0.00860861 0)
(-0.00201891 0.00431059 0)
(-0.00199828 0.0038381 0)
(-0.00612637 0.00653998 0)
(-0.00489773 -0.0230316 0)
(-0.0113882 -0.0122499 0)
(-0.00558394 -0.00301467 0)
(-0.000265675 -0.0294863 0)
(-0.00796743 -0.0322749 0)
(0.00502237 -0.0697303 0)
(-0.00111374 0.0560406 0)
(0.000481186 0.0324229 0)
(0.00100468 0.00652394 0)
(0.00152539 -0.00203508 0)
(0.0036897 0.000627746 0)
(0.00239413 0.000571011 0)
(0.00571172 0.000380186 0)
(0.00700966 0.00444672 0)
(-0.00102722 0.00303057 0)
(-0.00260323 0.00920786 0)
(-0.00296695 0.00538715 0)
(-0.00156294 -0.00379647 0)
(0.00269257 -0.00514387 0)
(0.0017381 0.0158696 0)
(0.000110098 -0.00373546 0)
(-0.00347735 -0.0125476 0)
(-0.00343707 -0.000665185 0)
(0.012665 -0.0146589 0)
(-0.0035995 -0.0168427 0)
(0.0045827 -0.0663259 0)
(-3.83334e-05 0.0600219 0)
(0.00120268 0.0351308 0)
(-0.00187959 0.0148878 0)
(0.00498426 0.00548572 0)
(0.000555532 0.00205334 0)
(0.000953695 -0.00106461 0)
(0.00170133 0.000107405 0)
(0.00797986 0.00736911 0)
(0.00324217 0.00875359 0)
(0.00116902 0.00857092 0)
(0.000979118 0.00759465 0)
(7.64096e-06 9.5266e-05 0)
(-0.00406538 7.71047e-06 0)
(-0.00407387 0.0140152 0)
(0.00568886 -0.0147945 0)
(-0.00258334 -0.00919624 0)
(-0.000816977 -0.0162243 0)
(0.0118174 -0.0280021 0)
(-0.003287 -0.0245584 0)
(0.00646766 -0.0676692 0)
(-0.00105774 0.0564484 0)
(-6.4234e-05 0.0332568 0)
(0.00174832 0.000777773 0)
(-0.00333045 -0.00450472 0)
(-0.00304755 0.00386372 0)
(-0.00120085 -0.00126384 0)
(-0.00396514 -0.0073039 0)
(0.000470931 0.0045901 0)
(0.004692 0.00716624 0)
(0.00621384 0.0114559 0)
(0.00475854 0.00657402 0)
(-0.000220106 0.00105122 0)
(0.00142441 -0.00232047 0)
(-0.00821691 0.00512581 0)
(0.0080644 -0.0096292 0)
(-0.000647394 -0.00780936 0)
(0.00509246 -0.0176293 0)
(-0.00309561 -0.0144388 0)
(-0.00599518 -0.0107849 0)
(0.00593635 -0.0682141 0)
(0.000252627 0.0588272 0)
(0.00122083 0.0331597 0)
(0.00024036 0.0182756 0)
(0.00110433 0.0113542 0)
(-0.00121405 0.00124225 0)
(0.000547198 -0.000867379 0)
(-0.00410496 0.000265287 0)
(0.000197465 -0.000546179 0)
(0.00436254 0.00374715 0)
(0.00289538 0.0109424 0)
(0.0111936 0.0123219 0)
(0.00378415 0.00477181 0)
(0.00254581 0.00638348 0)
(-0.000885426 0.00847815 0)
(0.00499607 -0.0189319 0)
(0.00229819 -0.00601986 0)
(0.00679115 -0.0084678 0)
(0.00609259 -0.0195237 0)
(-0.00572655 -0.0296866 0)
(0.00719466 -0.0666762 0)
(-0.000318838 0.0558607 0)
(0.00246648 0.0331497 0)
(0.00250283 0.00148042 0)
(-0.00154244 -0.00444008 0)
(0.0108808 0.00290693 0)
(-0.000408588 0.00253183 0)
(0.0120606 -0.00839027 0)
(0.0125079 -0.00523422 0)
(0.00418429 0.00361738 0)
(0.0130202 0.0026412 0)
(0.0131444 0.00728026 0)
(0.0185099 0.00759562 0)
(0.0120595 0.00333504 0)
(0.0222805 4.84259e-05 0)
(0.011262 -0.0123546 0)
(0.0267454 -0.0160579 0)
(0.00997258 -0.0214788 0)
(0.0114726 -0.00289951 0)
(-0.00499144 -0.01566 0)
(0.00802667 -0.0640499 0)
(0.00160531 0.0553727 0)
(0.0040243 0.0317737 0)
(0.00770067 0.0202094 0)
(0.00662594 0.00459617 0)
(0.000830908 0.000103027 0)
(0.0122024 -0.000900942 0)
(0.010861 -0.0129035 0)
(0.0113454 0.00653064 0)
(0.0100385 0.00522138 0)
(0.0167463 0.00148487 0)
(0.0123937 0.00733073 0)
(0.0222027 0.00930786 0)
(0.012243 0.00277762 0)
(0.0279882 0.00936262 0)
(0.0101807 -0.0149609 0)
(0.0178311 -0.00415683 0)
(-0.0185709 0.0131966 0)
(0.0134704 -0.00931134 0)
(-0.00719028 -0.0159152 0)
(0.012856 -0.0647749 0)
(0.00167177 0.0499582 0)
(0.00876494 0.0276874 0)
(0.00325162 0.00332325 0)
(0.0132146 -2.12252e-05 0)
(0.00593658 -0.003208 0)
(0.00585625 -0.00743361 0)
(0.0137141 -0.00631489 0)
(-0.0013981 -0.00433845 0)
(0.0293565 -0.00084012 0)
(0.0199913 -0.00283365 0)
(0.0264139 0.00409689 0)
(0.0158682 0.00252255 0)
(0.0239597 -0.00118551 0)
(0.0145005 -0.00171644 0)
(0.0217059 -0.00247521 0)
(-0.00139815 0.00549311 0)
(0.00593619 -0.0143309 0)
(0.0166234 -0.0209127 0)
(-0.0113925 -0.0226081 0)
(0.00943634 -0.0657042 0)
(0.00393642 0.0449821 0)
(0.0125703 0.0278082 0)
(0.0212658 0.0143762 0)
(0.00965184 0.00362944 0)
(0.0240451 0.00518926 0)
(0.00838209 -0.00618932 0)
(0.0265004 -0.00950678 0)
(0.00905688 -0.0122325 0)
(0.029726 -0.0110198 0)
(0.00753588 0.00250446 0)
(0.0302931 0.0115962 0)
(0.0162284 0.0143325 0)
(0.025026 0.00399673 0)
(0.0222181 0.0137281 0)
(0.0230398 -0.000539027 0)
(0.0217189 0.0139612 0)
(0.0237968 -0.00182436 0)
(0.0114955 0.0106011 0)
(0.0010622 0.00254811 0)
(0.0171897 -0.0591856 0)
(0.00680578 0.0325747 0)
(0.0174427 0.0172595 0)
(0.0224451 0.00640634 0)
(0.0237488 -0.00115276 0)
(0.0171167 -0.00317005 0)
(0.0189748 -0.00553369 0)
(0.00162928 -0.00608056 0)
(-0.00455058 -0.00385885 0)
(-0.024935 -0.00465658 0)
(-0.0203429 -0.00394228 0)
(-0.0218748 -0.000359029 0)
(-0.00942458 0.000175521 0)
(-0.0146946 -0.0046824 0)
(-0.0052618 0.00415504 0)
(-0.00565829 -0.00817263 0)
(-0.00889454 0.00872328 0)
(0.010125 -0.00901002 0)
(-0.0128646 -0.00192499 0)
(0.0231287 -0.037433 0)
(0.0142761 -0.0613703 0)
(0.00923688 0.0203246 0)
(0.0363703 0.0137988 0)
(0.0423663 0.0106317 0)
(0.0504179 0.00819415 0)
(0.0537799 0.0084743 0)
(0.0531852 0.00771434 0)
(0.0594859 0.00949679 0)
(0.0552959 0.00970654 0)
(0.0635762 0.00905302 0)
(0.0595783 0.00478139 0)
(0.0679052 0.00308642 0)
(0.0603606 0.00165658 0)
(0.0685542 0.00474818 0)
(0.062879 0.000695739 0)
(0.0678922 0.00490296 0)
(0.0669036 0.000281513 0)
(0.0651702 0.00299797 0)
(0.0681912 -0.000223189 0)
(0.0533067 -0.00404467 0)
(0.0364192 -0.00527683 0)
)
;

boundaryField
{
    movingWall
    {
        type            fixedValue;
        value           uniform (1 0 0);
    }
    fixedWalls
    {
        type            noSlip;
    }
    frontAndBack
    {
        type            empty;
    }
}


// ************************************************************************* //
