/*--------------------------------*- C++ -*----------------------------------*\
| =========                 |                                                 |
| \\      /  F ield         | OpenFOAM: The Open Source CFD Toolbox           |
|  \\    /   O peration     | Version:  5.x                                   |
|   \\  /    A nd           | Web:      www.OpenFOAM.org                      |
|    \\/     M anipulation  |                                                 |
\*---------------------------------------------------------------------------*/
FoamFile
{
    version     2.0;
    format      ascii;
    class       volVectorField;
    location    "2.3";
    object      U;
}
// * * * * * * * * * * * * * * * * * * * * * * * * * * * * * * * * * * * * * //

dimensions      [0 1 -1 0 0 0 0];

internalField   nonuniform List<vector> 
400
(
(-6.69986e-05 6.64668e-05 0)
(-0.00020368 6.83112e-05 0)
(-0.000341 6.67548e-05 0)
(-0.000473836 6.43241e-05 0)
(-0.000600809 6.09507e-05 0)
(-0.000719876 5.6536e-05 0)
(-0.000828823 5.09612e-05 0)
(-0.00092518 4.40923e-05 0)
(-0.0010062 3.57883e-05 0)
(-0.00106885 2.59159e-05 0)
(-0.00110989 1.43728e-05 0)
(-0.00112591 1.09523e-06 0)
(-0.00111318 -1.39544e-05 0)
(-0.00106833 -3.04936e-05 0)
(-0.000989003 -4.79745e-05 0)
(-0.000873962 -6.56032e-05 0)
(-0.00072381 -8.23204e-05 0)
(-0.00054175 -9.67989e-05 0)
(-0.000333011 -0.000107515 0)
(-0.00011134 -0.000109699 0)
(-7.05263e-05 0.000204194 0)
(-0.000214382 0.000209812 0)
(-0.000358902 0.000205032 0)
(-0.000498737 0.00019757 0)
(-0.000632467 0.000187223 0)
(-0.000757985 0.000173694 0)
(-0.000873018 0.000156625 0)
(-0.000975029 0.000135607 0)
(-0.0010612 0.0001102 0)
(-0.00112839 7.99771e-05 0)
(-0.00117323 4.45867e-05 0)
(-0.00119222 3.84352e-06 0)
(-0.00118126 -4.21336e-05 0)
(-0.00113639 -9.27602e-05 0)
(-0.00105479 -0.000146576 0)
(-0.000934747 -0.000201221 0)
(-0.000776433 -0.000253368 0)
(-0.000582786 -0.000298787 0)
(-0.000359064 -0.000332595 0)
(-0.000120199 -0.000339879 0)
(-7.21032e-05 0.000347628 0)
(-0.000219315 0.000357243 0)
(-0.000367464 0.00034925 0)
(-0.000511132 0.000336771 0)
(-0.000649026 0.000319465 0)
(-0.000779123 0.000296836 0)
(-0.000899226 0.000268277 0)
(-0.00100686 0.000233086 0)
(-0.00109921 0.000190491 0)
(-0.00117311 0.000139712 0)
(-0.00122502 8.0059e-05 0)
(-0.00125102 1.11065e-05 0)
(-0.0012466 -6.70203e-05 0)
(-0.00120707 -0.000153669 0)
(-0.00112833 -0.00024667 0)
(-0.00100732 -0.000342172 0)
(-0.000842887 -0.000434366 0)
(-0.000637039 -0.000515641 0)
(-0.000394673 -0.000576907 0)
(-0.000132515 -0.000591514 0)
(-7.43476e-05 0.000494293 0)
(-0.000226353 0.000508268 0)
(-0.00037972 0.000497326 0)
(-0.000528935 0.000480234 0)
(-0.0006729 0.000456496 0)
(-0.000809731 0.000425412 0)
(-0.000937361 0.000386113 0)
(-0.00105342 0.000337576 0)
(-0.00115515 0.000278642 0)
(-0.00123936 0.00020808 0)
(-0.00130232 0.000124708 0)
(-0.00133971 2.76094e-05 0)
(-0.00134637 -8.35499e-05 0)
(-0.0013163 -0.000208369 0)
(-0.00124347 -0.000344252 0)
(-0.00112256 -0.000486119 0)
(-0.000949991 -0.000625627 0)
(-0.000725834 -0.000751063 0)
(-0.00045389 -0.000847611 0)
(-0.000153248 -0.000874169 0)
(-7.72285e-05 0.000646204 0)
(-0.00023542 0.00066507 0)
(-0.000395556 0.00065155 0)
(-0.000551979 0.000630398 0)
(-0.000703868 0.000600949 0)
(-0.000849528 0.000562287 0)
(-0.000987083 0.000513274 0)
(-0.00111435 0.000452537 0)
(-0.00122872 0.000378459 0)
(-0.00132706 0.000289226 0)
(-0.00140549 0.000182941 0)
(-0.00145928 5.78692e-05 0)
(-0.00148259 -8.71428e-05 0)
(-0.00146779 -0.000252725 0)
(-0.0014061 -0.000436535 0)
(-0.00128873 -0.000632938 0)
(-0.0011079 -0.000831288 0)
(-0.000859801 -0.00101483 0)
(-0.000545583 -0.00116044 0)
(-0.000186067 -0.00120841 0)
(-8.06282e-05 0.000804505 0)
(-0.000246185 0.000828965 0)
(-0.000414446 0.000813352 0)
(-0.000579548 0.000788865 0)
(-0.000741027 0.000754636 0)
(-0.000897423 0.000709545 0)
(-0.00104713 0.000652198 0)
(-0.00118825 0.000580865 0)
(-0.00131848 0.000493429 0)
(-0.0014349 0.000387371 0)
(-0.00153369 0.000259833 0)
(-0.0016098 0.000107859 0)
(-0.00165698 -7.10874e-05 0)
(-0.00166571 -0.000279893 0)
(-0.00162372 -0.000517393 0)
(-0.00151737 -0.000778841 0)
(-0.001332 -0.00105231 0)
(-0.00105616 -0.00131572 0)
(-0.00068554 -0.00153333 0)
(-0.000238071 -0.0016222 0)
(-8.43849e-05 0.00097011 0)
(-0.000258205 0.00100107 0)
(-0.000435701 0.000983997 0)
(-0.000610712 0.000957084 0)
(-0.00078321 0.000919221 0)
(-0.00095199 0.00086912 0)
(-0.00111579 0.000805179 0)
(-0.00127314 0.000725366 0)
(-0.00142224 0.000627074 0)
(-0.00156068 0.000506997 0)
(-0.00168502 0.000361065 0)
(-0.00179022 0.000184533 0)
(-0.00187037 -2.77489e-05 0)
(-0.00191413 -0.000279967 0)
(-0.0019051 -0.000576302 0)
(-0.00182372 -0.000914911 0)
(-0.00164495 -0.0012851 0)
(-0.00134264 -0.00166132 0)
(-0.000902548 -0.00198902 0)
(-0.000323655 -0.00216031 0)
(-8.82738e-05 0.00114355 0)
(-0.000270888 0.0011822 0)
(-0.000458454 0.00116449 0)
(-0.000644347 0.00113626 0)
(-0.000829021 0.0010961 0)
(-0.0010115 0.00104262 0)
(-0.00119092 0.000974144 0)
(-0.0013664 0.000888467 0)
(-0.0015369 0.000782619 0)
(-0.00170095 0.000652561 0)
(-0.00185619 0.000492925 0)
(-0.00199866 0.000296825 0)
(-0.00212152 5.58093e-05 0)
(-0.00221433 -0.000237766 0)
(-0.00225874 -0.000595894 0)
(-0.00222626 -0.0010235 0)
(-0.00207861 -0.00151666 0)
(-0.00176301 -0.00205287 0)
(-0.00125058 -0.00255364 0)
(-0.000473377 -0.00289863 0)
(-9.19498e-05 0.00132488 0)
(-0.000283413 0.00137285 0)
(-0.000481622 0.00135558 0)
(-0.000679133 0.00132738 0)
(-0.00087689 0.00128639 0)
(-0.001074 0.00123127 0)
(-0.00127 0.00116048 0)
(-0.00146473 0.00107193 0)
(-0.00165822 0.000962571 0)
(-0.00185044 0.000827885 0)
(-0.00204083 0.000661354 0)
(-0.00222741 0.000453833 0)
(-0.00240504 0.00019307 0)
(-0.00256596 -0.000136177 0)
(-0.00269096 -0.000551493 0)
(-0.00274461 -0.00107378 0)
(-0.00267441 -0.00171648 0)
(-0.00238482 -0.00247437 0)
(-0.00183371 -0.00324813 0)
(-0.000755591 -0.00397387 0)
(-9.48687e-05 0.00151295 0)
(-0.000294603 0.00157317 0)
(-0.000503843 0.00155778 0)
(-0.000713591 0.00153132 0)
(-0.000925192 0.00149093 0)
(-0.00113748 0.00143578 0)
(-0.00135034 0.00136483 0)
(-0.0015644 0.00127652 0)
(-0.00178104 0.00116819 0)
(-0.00200228 0.00103546 0)
(-0.00223036 0.000871345 0)
(-0.0024671 0.000665203 0)
(-0.00271174 0.000401373 0)
(-0.00295918 5.7209e-05 0)
(-0.00319667 -0.000397102 0)
(-0.00339156 -0.00100879 0)
(-0.00347892 -0.00182031 0)
(-0.00330542 -0.00286928 0)
(-0.00285241 -0.00406012 0)
(-0.00133623 -0.00564511 0)
(-9.54327e-05 0.00170819 0)
(-0.00030204 0.0017829 0)
(-0.000523302 0.00177143 0)
(-0.000746038 0.00174857 0)
(-0.000972509 0.0017102 0)
(-0.0012002 0.00165627 0)
(-0.00142938 0.00158687 0)
(-0.0016615 0.00150152 0)
(-0.00189941 0.00139867 0)
(-0.00214744 0.00127486 0)
(-0.00241123 0.00112346 0)
(-0.0026975 0.000932826 0)
(-0.00301316 0.000682865 0)
(-0.00336462 0.000343338 0)
(-0.00375737 -0.000128386 0)
(-0.0041684 -0.000788055 0)
(-0.00453395 -0.00173642 0)
(-0.0046512 -0.00311317 0)
(-0.00467072 -0.00485688 0)
(-0.00264683 -0.00837133 0)
(-9.43036e-05 0.00189181 0)
(-0.000305144 0.00200872 0)
(-0.000537862 0.00199718 0)
(-0.000774929 0.00198595 0)
(-0.00101759 0.00194704 0)
(-0.00126094 0.00189379 0)
(-0.00150524 0.0018258 0)
(-0.00175277 0.0017448 0)
(-0.00200791 0.001651 0)
(-0.00227774 0.00154324 0)
(-0.00257278 0.00141785 0)
(-0.00290838 0.00126744 0)
(-0.00330238 0.00107727 0)
(-0.00377207 0.000816497 0)
(-0.0043306 0.000428362 0)
(-0.00500343 -0.000172298 0)
(-0.00580612 -0.0011681 0)
(-0.00649206 -0.00285784 0)
(-0.00775075 -0.00509812 0)
(-0.00548367 -0.0130186 0)
(-6.20176e-05 0.00212796 0)
(-0.000279697 0.00219561 0)
(-0.000545868 0.00222428 0)
(-0.00079615 0.00219795 0)
(-0.00106496 0.00217919 0)
(-0.00132163 0.00213354 0)
(-0.00157858 0.00207342 0)
(-0.00183651 0.00199943 0)
(-0.00210119 0.00191661 0)
(-0.0023807 0.0018277 0)
(-0.00268678 0.00173148 0)
(-0.00303714 0.00162169 0)
(-0.00346234 0.0014864 0)
(-0.00401102 0.00130276 0)
(-0.00474339 0.00102252 0)
(-0.00576341 0.000564697 0)
(-0.00721352 -0.000226393 0)
(-0.00858451 -0.00192265 0)
(-0.012091 -0.00417918 0)
(-0.00869448 -0.0218918 0)
(-0.000129718 0.00214483 0)
(-0.000312337 0.00266178 0)
(-0.000533069 0.00252698 0)
(-0.000821013 0.00266917 0)
(-0.00108139 0.00255352 0)
(-0.00136687 0.00248039 0)
(-0.0016395 0.00237912 0)
(-0.00190988 0.00228463 0)
(-0.00218011 0.00220106 0)
(-0.00246377 0.00213425 0)
(-0.00278073 0.00209057 0)
(-0.0031572 0.00208028 0)
(-0.00362742 0.00210712 0)
(-0.00424545 0.002177 0)
(-0.00508337 0.00225095 0)
(-0.0062673 0.00229484 0)
(-0.00820312 0.00233677 0)
(-0.0091427 0.000425451 0)
(-0.0149659 -0.00260962 0)
(-0.00466185 -0.03666 0)
(0.00033566 0.00270227 0)
(5.70385e-06 0.00231925 0)
(-0.000553482 0.00260969 0)
(-0.000768578 0.00239028 0)
(-0.00125856 0.00249312 0)
(-0.00149583 0.00245805 0)
(-0.00177473 0.00245385 0)
(-0.00201455 0.00242458 0)
(-0.00225132 0.00238834 0)
(-0.00249023 0.00235197 0)
(-0.00273848 0.00232995 0)
(-0.00301657 0.00234167 0)
(-0.0033583 0.00240658 0)
(-0.0038537 0.00254608 0)
(-0.0046013 0.0027815 0)
(-0.00555608 0.00302647 0)
(-0.00824623 0.00366029 0)
(-0.00695015 0.00123853 0)
(-0.0153698 -0.00448683 0)
(0.00612242 -0.0462946 0)
(-0.000423754 0.00148756 0)
(-0.000434609 0.00401829 0)
(-0.000328765 0.00344708 0)
(-0.000897128 0.00407815 0)
(-0.000983157 0.00359038 0)
(-0.00139758 0.0035049 0)
(-0.00166791 0.00323777 0)
(-0.0019744 0.00304959 0)
(-0.0022534 0.00289783 0)
(-0.00252505 0.00281351 0)
(-0.00279626 0.00278895 0)
(-0.00308833 0.00291325 0)
(-0.00343308 0.00313345 0)
(-0.00388637 0.00371827 0)
(-0.00461536 0.00464245 0)
(-0.0050543 0.00541919 0)
(-0.00778825 0.00704582 0)
(-0.00457427 0.00364611 0)
(-0.0148721 -0.00827295 0)
(0.0102986 -0.0471604 0)
(0.00111861 0.00405687 0)
(0.000820608 0.00191832 0)
(-0.00149523 0.00277548 0)
(-0.00115496 0.00217451 0)
(-0.00219025 0.00244942 0)
(-0.00202092 0.00238078 0)
(-0.00234341 0.00249041 0)
(-0.00241715 0.00250393 0)
(-0.00252852 0.00252569 0)
(-0.00262309 0.00253163 0)
(-0.00265775 0.00256949 0)
(-0.00269585 0.00264957 0)
(-0.00259095 0.00288572 0)
(-0.00238423 0.00318262 0)
(-0.00287456 0.00395403 0)
(-0.00213893 0.00426769 0)
(-0.00560696 0.00464521 0)
(-0.00538077 0.00357392 0)
(-0.0128586 -0.0166234 0)
(0.00711233 -0.0531552 0)
(0.00307155 -0.00130681 0)
(0.00277555 0.00691078 0)
(0.00460013 0.00564076 0)
(0.00223199 0.00607561 0)
(0.0019391 0.00498342 0)
(0.000528835 0.00483542 0)
(-0.000129592 0.00429551 0)
(-0.000939768 0.00400778 0)
(-0.0014641 0.00367688 0)
(-0.00194617 0.003611 0)
(-0.00228181 0.00318147 0)
(-0.00242316 0.00359327 0)
(-0.00264195 0.00314683 0)
(-0.00230632 0.00418054 0)
(-0.002932 0.00612216 0)
(-0.00204944 0.00726376 0)
(-0.00255757 0.0125217 0)
(-0.000260629 0.00858493 0)
(-0.000873558 -0.0210976 0)
(0.00871144 -0.0560492 0)
(-0.0153321 -0.00130251 0)
(-0.00650098 0.00105306 0)
(-0.01685 0.0022027 0)
(-0.00977164 0.00352683 0)
(-0.0140252 0.0031046 0)
(-0.0104968 0.00322843 0)
(-0.0112454 0.00301654 0)
(-0.00996212 0.00284108 0)
(-0.00925008 0.00278957 0)
(-0.00893458 0.00255922 0)
(-0.00717668 0.0024767 0)
(-0.00779364 0.00225459 0)
(-0.00501758 0.00244152 0)
(-0.00494464 0.00244709 0)
(-0.00338672 0.00307841 0)
(0.00180521 0.00360698 0)
(0.00459709 0.000733556 0)
(0.0127464 0.00109551 0)
(0.0171896 -0.0243362 0)
(0.0175828 -0.0481604 0)
(0.00591035 0.0171758 0)
(0.0127243 0.0112318 0)
(0.0158627 0.00852223 0)
(0.0226423 0.00610116 0)
(0.0255135 0.005542 0)
(0.0314135 0.00428186 0)
(0.0314249 0.00410597 0)
(0.0389516 0.00347433 0)
(0.0365879 0.00266128 0)
(0.0444685 0.00348534 0)
(0.0422702 0.00134692 0)
(0.048018 0.00320634 0)
(0.0472994 0.00101514 0)
(0.0517956 0.00161988 0)
(0.050117 0.00202605 0)
(0.0555583 -0.000974332 0)
(0.0522974 0.0014617 0)
(0.0551897 -0.00233349 0)
(0.0477759 -0.00964243 0)
(0.0300829 -0.0117369 0)
)
;

boundaryField
{
    movingWall
    {
        type            fixedValue;
        value           uniform (1 0 0);
    }
    fixedWalls
    {
        type            noSlip;
    }
    frontAndBack
    {
        type            empty;
    }
}


// ************************************************************************* //
