/*--------------------------------*- C++ -*----------------------------------*\
| =========                 |                                                 |
| \\      /  F ield         | OpenFOAM: The Open Source CFD Toolbox           |
|  \\    /   O peration     | Version:  5.x                                   |
|   \\  /    A nd           | Web:      www.OpenFOAM.org                      |
|    \\/     M anipulation  |                                                 |
\*---------------------------------------------------------------------------*/
FoamFile
{
    version     2.0;
    format      ascii;
    class       surfaceScalarField;
    location    "3.5";
    object      phi;
}
// * * * * * * * * * * * * * * * * * * * * * * * * * * * * * * * * * * * * * //

dimensions      [0 3 -1 0 0 0 0];

internalField   nonuniform List<scalar> 
760
(
-1.324e-08
1.324e-08
-2.71781e-08
1.3938e-08
-4.13852e-08
1.42072e-08
-5.59868e-08
1.46016e-08
-7.10876e-08
1.51008e-08
-8.67663e-08
1.56787e-08
-1.03061e-07
1.62946e-08
-1.19947e-07
1.68856e-08
-1.37301e-07
1.73549e-08
-1.54856e-07
1.7555e-08
-1.72122e-07
1.72654e-08
-1.88289e-07
1.61669e-08
-2.02105e-07
1.38162e-08
-2.11734e-07
9.62921e-09
-2.14654e-07
2.92017e-09
-2.07136e-07
-7.51883e-09
-1.84815e-07
-2.23209e-08
-1.43437e-07
-4.13779e-08
-8.12276e-08
-6.22091e-08
-8.12276e-08
-1.3755e-08
2.6995e-08
-2.82282e-08
2.84112e-08
-4.29679e-08
2.89469e-08
-5.80982e-08
2.97319e-08
-7.37252e-08
3.07277e-08
-8.99328e-08
3.18863e-08
-1.06771e-07
3.31332e-08
-1.24239e-07
3.4353e-08
-1.42251e-07
3.53672e-08
-1.60597e-07
3.59012e-08
-1.78871e-07
3.55392e-08
-1.96373e-07
3.3669e-08
-2.11975e-07
2.94181e-08
-2.23947e-07
2.16018e-08
-2.29784e-07
8.75683e-09
-2.25695e-07
-1.16084e-08
-2.06345e-07
-4.16706e-08
-1.65603e-07
-8.21202e-08
-9.85941e-08
-1.29218e-07
-1.79822e-07
-1.35055e-08
4.05006e-08
-2.77465e-08
4.26522e-08
-4.22717e-08
4.34721e-08
-5.72175e-08
4.46777e-08
-7.27069e-08
4.62171e-08
-8.8851e-08
4.80304e-08
-1.05743e-07
5.00249e-08
-1.23445e-07
5.20554e-08
-1.41971e-07
5.38935e-08
-1.61252e-07
5.51816e-08
-1.8108e-07
5.53669e-08
-2.01023e-07
5.36127e-08
-2.20285e-07
4.86797e-08
-2.37472e-07
3.87884e-08
-2.5024e-07
2.15252e-08
-2.55006e-07
-6.84268e-09
-2.44997e-07
-5.16787e-08
-2.10667e-07
-1.1645e-07
-1.38945e-07
-2.0094e-07
-3.18767e-07
-1.30848e-08
5.35854e-08
-2.69294e-08
5.64968e-08
-4.1085e-08
5.76276e-08
-5.57034e-08
5.92961e-08
-7.09288e-08
6.14426e-08
-8.69063e-08
6.40079e-08
-1.03783e-07
6.69018e-08
-1.21709e-07
6.99812e-08
-1.4083e-07
7.30144e-08
-1.61275e-07
7.56268e-08
-1.8313e-07
7.72215e-08
-2.06377e-07
7.686e-08
-2.30783e-07
7.30859e-08
-2.5566e-07
6.36656e-08
-2.79367e-07
4.52313e-08
-2.99322e-07
1.31126e-08
-3.07955e-07
-4.30452e-08
-2.92205e-07
-1.32201e-07
-2.24702e-07
-2.68442e-07
-5.43469e-07
-1.25035e-08
6.60889e-08
-2.5799e-08
6.97923e-08
-3.9437e-08
7.12656e-08
-5.35837e-08
7.34429e-08
-6.84019e-08
7.62607e-08
-8.40689e-08
7.96748e-08
-1.00788e-07
8.36209e-08
-1.18802e-07
8.79955e-08
-1.38407e-07
9.26192e-08
-1.59964e-07
9.71836e-08
-1.83912e-07
1.0117e-07
-2.10775e-07
1.03723e-07
-2.41135e-07
1.03446e-07
-2.75537e-07
9.80673e-08
-3.14194e-07
8.38881e-08
-3.5575e-07
5.4669e-08
-3.97791e-07
-1.00416e-09
-4.24718e-07
-1.05274e-07
-4.00873e-07
-2.92287e-07
-9.44342e-07
-1.17451e-08
7.78339e-08
-2.43254e-08
8.23726e-08
-3.72844e-08
8.42246e-08
-5.07963e-08
8.69548e-08
-6.50314e-08
9.04959e-08
-8.01875e-08
9.48309e-08
-9.65119e-08
9.99454e-08
-1.14329e-07
1.05813e-07
-1.34073e-07
1.12363e-07
-1.56332e-07
1.19442e-07
-1.81912e-07
1.2675e-07
-2.1193e-07
1.33741e-07
-2.47944e-07
1.3946e-07
-2.92131e-07
1.42255e-07
-3.4763e-07
1.39386e-07
-4.19045e-07
1.26084e-07
-5.09322e-07
8.92731e-08
-6.14036e-07
-5.59855e-10
-6.92668e-07
-2.13655e-07
-1.63701e-06
-1.07856e-08
8.86195e-08
-2.24728e-08
9.40598e-08
-3.45823e-08
9.63341e-08
-4.72864e-08
9.96589e-08
-6.07402e-08
1.0395e-07
-7.51385e-08
1.09229e-07
-9.07463e-08
1.15553e-07
-1.07937e-07
1.23004e-07
-1.2724e-07
1.31666e-07
-1.49407e-07
1.4161e-07
-1.7552e-07
1.52863e-07
-2.07167e-07
1.65388e-07
-2.46754e-07
1.79046e-07
-2.98044e-07
1.93545e-07
-3.67266e-07
2.08609e-07
-4.66912e-07
2.2573e-07
-6.17339e-07
2.39701e-07
-7.60766e-07
1.42867e-07
-8.31918e-07
-1.42503e-07
-2.46893e-06
-9.59121e-09
9.82107e-08
-2.01989e-08
1.04667e-07
-3.12906e-08
1.07426e-07
-4.30225e-08
1.11391e-07
-5.54969e-08
1.16424e-07
-6.88703e-08
1.22603e-07
-8.33871e-08
1.3007e-07
-9.94241e-08
1.39041e-07
-1.17542e-07
1.49784e-07
-1.38562e-07
1.62629e-07
-1.63687e-07
1.77988e-07
-1.94711e-07
1.96412e-07
-2.34368e-07
2.18703e-07
-2.86999e-07
2.46176e-07
-3.58756e-07
2.80365e-07
-4.54599e-07
3.21573e-07
-6.01611e-07
3.86712e-07
-6.65574e-07
2.0683e-07
-4.73111e-07
-3.34966e-07
-2.94204e-06
-8.07363e-09
1.06284e-07
-1.74457e-08
1.1404e-07
-2.73547e-08
1.17335e-07
-3.80143e-08
1.2205e-07
-4.93423e-08
1.27752e-07
-6.14419e-08
1.34702e-07
-7.44795e-08
1.43108e-07
-8.87823e-08
1.53343e-07
-1.04851e-07
1.65853e-07
-1.23414e-07
1.81192e-07
-1.45515e-07
2.00089e-07
-1.72672e-07
2.23569e-07
-2.07079e-07
2.5311e-07
-2.52249e-07
2.91346e-07
-3.14541e-07
3.42657e-07
-3.76798e-07
3.83831e-07
-4.53578e-07
4.63492e-07
-4.64846e-07
2.18098e-07
-1.06496e-07
-6.93316e-07
-3.04854e-06
-6.20751e-09
1.12492e-07
-1.41639e-08
1.21996e-07
-2.27653e-08
1.25936e-07
-3.22812e-08
1.31566e-07
-4.23704e-08
1.37841e-07
-5.3011e-08
1.45343e-07
-6.4256e-08
1.54353e-07
-7.63441e-08
1.65431e-07
-8.97001e-08
1.79209e-07
-1.04936e-07
1.96428e-07
-1.22914e-07
2.18066e-07
-1.44771e-07
2.45426e-07
-1.7196e-07
2.80299e-07
-2.02309e-07
3.21695e-07
-2.50478e-07
3.90826e-07
-2.88809e-07
4.22162e-07
-3.23762e-07
4.98445e-07
-3.24412e-07
2.18748e-07
-1.42359e-07
-8.75368e-07
-3.19089e-06
-3.18334e-09
1.15675e-07
-1.00095e-08
1.28822e-07
-1.69659e-08
1.32893e-07
-2.62298e-08
1.4083e-07
-3.49374e-08
1.46549e-07
-4.41925e-08
1.54598e-07
-5.32625e-08
1.63423e-07
-6.25681e-08
1.74737e-07
-7.22962e-08
1.88937e-07
-8.27097e-08
2.06841e-07
-9.41218e-08
2.29479e-07
-1.06672e-07
2.57976e-07
-1.23378e-07
2.97006e-07
-1.34171e-07
3.32488e-07
-1.63333e-07
4.19988e-07
-1.8116e-07
4.39988e-07
-1.97803e-07
5.15088e-07
-1.69671e-07
1.90616e-07
-9.83832e-08
-9.46656e-07
-3.28928e-06
-9.02709e-10
1.16578e-07
-5.85092e-09
1.3377e-07
-1.19583e-08
1.39e-07
-1.90289e-08
1.47901e-07
-2.64547e-08
1.53974e-07
-3.39708e-08
1.62114e-07
-4.11896e-08
1.70641e-07
-4.8025e-08
1.81572e-07
-5.45256e-08
1.95438e-07
-6.09088e-08
2.13224e-07
-6.78223e-08
2.36392e-07
-7.23067e-08
2.62461e-07
-8.35458e-08
3.08245e-07
-8.30822e-08
3.32025e-07
-8.62458e-08
4.23151e-07
-8.29729e-08
4.36716e-07
-4.43526e-08
4.76468e-07
-1.15242e-08
1.57787e-07
9.87991e-08
-1.05698e-06
-3.19048e-06
1.19217e-08
1.04656e-07
6.03872e-09
1.39653e-07
-6.81246e-11
1.45107e-07
-1.19285e-08
1.59761e-07
-2.0287e-08
1.62333e-07
-2.88171e-08
1.70644e-07
-3.3122e-08
1.74946e-07
-3.61727e-08
1.84623e-07
-3.68134e-08
1.96079e-07
-3.57849e-08
2.12196e-07
-3.33277e-08
2.33935e-07
-2.68523e-08
2.55985e-07
-1.6775e-08
2.98168e-07
-1.13088e-08
3.26559e-07
1.82755e-08
3.93567e-07
2.28449e-08
4.32146e-07
7.35603e-08
4.25753e-07
7.57953e-08
1.55552e-07
8.74829e-08
-1.06867e-06
-3.103e-06
5.8492e-09
9.88071e-08
2.2653e-09
1.43237e-07
-3.14132e-09
1.50514e-07
-6.4e-09
1.6302e-07
-1.01167e-08
1.6605e-07
-1.3272e-08
1.738e-07
-1.57357e-08
1.7741e-07
-1.69916e-08
1.85879e-07
-1.69775e-08
1.96064e-07
-1.46965e-08
2.09915e-07
-1.12255e-08
2.30464e-07
-7.41533e-09
2.52175e-07
6.50837e-09
2.84244e-07
1.06145e-08
3.22452e-07
4.71495e-08
3.57032e-07
6.29636e-08
4.16332e-07
1.35618e-07
3.53099e-07
1.54974e-07
1.36196e-07
5.92089e-08
-9.72902e-07
-3.04379e-06
6.84101e-08
3.0397e-08
5.67349e-08
1.54912e-07
3.35815e-08
1.73667e-07
3.43565e-09
1.93166e-07
-1.44872e-08
1.83973e-07
-2.50139e-08
1.84326e-07
-2.46806e-08
1.77077e-07
-2.09354e-08
1.82134e-07
-1.09336e-08
1.86063e-07
7.57206e-11
1.98905e-07
1.81438e-08
2.12396e-07
3.72934e-08
2.33025e-07
6.65551e-08
2.54982e-07
9.95642e-08
2.89443e-07
1.46804e-07
3.09792e-07
1.93043e-07
3.70093e-07
2.42873e-07
3.03269e-07
2.00016e-07
1.79053e-07
1.40101e-07
-9.12987e-07
-2.90369e-06
5.27357e-08
-2.23387e-08
2.73631e-08
1.80285e-07
2.76403e-08
1.7339e-07
2.3962e-08
1.96844e-07
1.91759e-08
1.88759e-07
1.52952e-08
1.88207e-07
1.67957e-08
1.75576e-07
1.87878e-08
1.80142e-07
2.45995e-08
1.80251e-07
3.22662e-08
1.91239e-07
4.25884e-08
2.02074e-07
5.77172e-08
2.17897e-07
7.54687e-08
2.37231e-07
9.33364e-08
2.71576e-07
1.29701e-07
2.73428e-07
1.36894e-07
3.629e-07
2.53473e-07
1.8669e-07
2.7164e-07
1.60886e-07
1.86468e-07
-8.27815e-07
-2.71722e-06
1.67639e-07
-1.89978e-07
2.96025e-08
3.18322e-07
-1.00712e-07
3.03705e-07
-1.45869e-07
2.42001e-07
-1.42254e-07
1.85143e-07
-1.26836e-07
1.72789e-07
-9.81276e-08
1.46868e-07
-7.54989e-08
1.57513e-07
-4.48248e-08
1.49577e-07
-2.1358e-08
1.67772e-07
9.84268e-09
1.70873e-07
3.9663e-08
1.88076e-07
7.72119e-08
1.99682e-07
1.22675e-07
2.26113e-07
1.87059e-07
2.09044e-07
2.23087e-07
3.26871e-07
3.28328e-07
8.14491e-08
2.38699e-07
2.50515e-07
1.13816e-07
-7.02932e-07
-2.6034e-06
1.63835e-07
-3.53813e-07
3.83573e-07
9.8584e-08
4.36587e-07
2.50691e-07
4.16773e-07
2.61815e-07
4.23583e-07
1.78333e-07
3.79115e-07
2.17258e-07
3.60925e-07
1.65058e-07
3.20469e-07
1.97969e-07
3.07138e-07
1.62908e-07
2.78284e-07
1.96626e-07
2.74865e-07
1.74291e-07
2.73022e-07
1.89919e-07
2.83002e-07
1.89703e-07
3.04775e-07
2.04339e-07
3.03789e-07
2.1003e-07
2.56886e-07
3.73774e-07
3.2108e-07
1.72557e-08
2.32271e-07
3.39324e-07
2.78097e-07
-7.48758e-07
-2.32531e-06
-7.53856e-07
4.00043e-07
-8.86338e-07
2.31066e-07
-8.57289e-07
2.21642e-07
-8.1299e-07
2.17515e-07
-7.92623e-07
1.57966e-07
-7.45766e-07
1.70401e-07
-7.3366e-07
1.52951e-07
-6.83985e-07
1.48294e-07
-6.38782e-07
1.17705e-07
-5.86996e-07
1.4484e-07
-5.35888e-07
1.23183e-07
-4.55537e-07
1.09568e-07
-3.83841e-07
1.18007e-07
-2.94839e-07
1.15337e-07
-1.90207e-07
1.05398e-07
4.36848e-08
1.39882e-07
1.58519e-07
-9.7578e-08
4.95518e-07
2.32426e-09
6.71616e-07
-9.24856e-07
-1.65369e-06
4.00043e-07
6.31109e-07
8.52751e-07
1.07027e-06
1.22823e-06
1.39863e-06
1.55158e-06
1.69988e-06
1.81758e-06
1.96242e-06
2.08561e-06
2.19518e-06
2.31318e-06
2.42852e-06
2.53392e-06
2.6738e-06
2.57622e-06
2.57855e-06
1.65369e-06
)
;

boundaryField
{
    movingWall
    {
        type            calculated;
        value           uniform 0;
    }
    fixedWalls
    {
        type            calculated;
        value           uniform 0;
    }
    frontAndBack
    {
        type            empty;
        value           nonuniform 0();
    }
}


// ************************************************************************* //
