/*--------------------------------*- C++ -*----------------------------------*\
| =========                 |                                                 |
| \\      /  F ield         | OpenFOAM: The Open Source CFD Toolbox           |
|  \\    /   O peration     | Version:  5.x                                   |
|   \\  /    A nd           | Web:      www.OpenFOAM.org                      |
|    \\/     M anipulation  |                                                 |
\*---------------------------------------------------------------------------*/
FoamFile
{
    version     2.0;
    format      ascii;
    class       volVectorField;
    location    "18.5";
    object      U;
}
// * * * * * * * * * * * * * * * * * * * * * * * * * * * * * * * * * * * * * //

dimensions      [0 1 -1 0 0 0 0];

internalField   nonuniform List<vector> 
400
(
(-0.0185604 0.0108239 0)
(-0.0425824 0.00613774 0)
(-0.0499925 0.00318527 0)
(-0.0570457 3.37533e-05 0)
(-0.0573608 0.000202503 0)
(-0.0605394 -0.000951543 0)
(-0.059169 -0.000246832 0)
(-0.0618628 -0.000362943 0)
(-0.059821 -0.000365782 0)
(-0.0625764 -1.39649e-05 0)
(-0.0597079 -0.000925647 0)
(-0.0633574 -0.000489027 0)
(-0.0613146 -0.00133057 0)
(-0.0649644 -0.000628428 0)
(-0.0619319 -0.00142655 0)
(-0.0631517 -0.00157319 0)
(-0.0574524 -0.00384271 0)
(-0.0562708 -0.00595453 0)
(-0.0428651 -0.0111835 0)
(-0.0127918 -0.0214452 0)
(-0.0134526 0.0390573 0)
(-0.0218518 0.0259084 0)
(-0.0263465 0.0114584 0)
(-0.0284799 0.00697375 0)
(-0.0272579 0.00204825 0)
(-0.0307042 0.00236101 0)
(-0.0269396 0.000352359 0)
(-0.0326084 0.00128576 0)
(-0.0269713 9.03126e-05 0)
(-0.0335556 0.00151247 0)
(-0.0248909 0.00075403 0)
(-0.032568 0.00188621 0)
(-0.0243873 0.000962209 0)
(-0.0354345 0.00127495 0)
(-0.0259095 -0.000553495 0)
(-0.0370879 -0.00210886 0)
(-0.0247927 -0.00571696 0)
(-0.03641 -0.0150831 0)
(-0.0284941 -0.0245889 0)
(-0.00870628 -0.0486084 0)
(-0.00621209 0.0501226 0)
(-0.0112289 0.0300312 0)
(-0.0105145 0.0121746 0)
(-0.0122646 0.00382738 0)
(-0.0111168 0.00130037 0)
(-0.013272 5.5302e-05 0)
(-0.0117618 2.42733e-06 0)
(-0.0166332 0.000387089 0)
(-0.0131267 -0.000508117 0)
(-0.01891 -0.000883547 0)
(-0.0124438 -0.00145268 0)
(-0.0180328 -0.000700587 0)
(-0.0127475 0.000561685 0)
(-0.0186887 0.000659311 0)
(-0.0136217 0.00166766 0)
(-0.0130922 -0.0015052 0)
(-0.0127243 -0.00235366 0)
(-0.0009478 -0.000564078 0)
(-0.0116415 -0.0201929 0)
(-0.000720844 -0.0562191 0)
(-0.00521896 0.0552055 0)
(-0.00431015 0.0327705 0)
(-0.0050595 0.01162 0)
(-0.00452575 0.00682609 0)
(-0.00382087 0.00267328 0)
(-0.00594114 0.0029435 0)
(-0.00427335 0.00307987 0)
(-0.00813104 0.00298146 0)
(-0.00498106 0.00209574 0)
(-0.00911836 0.00100908 0)
(-0.00584581 3.8209e-05 0)
(-0.0105356 0.00109546 0)
(-0.00798144 0.00190413 0)
(-0.00970357 0.000981758 0)
(-0.0122575 -0.00398164 0)
(-0.0128208 -0.00789228 0)
(-0.0154414 -0.0172989 0)
(-0.00697537 -0.0206455 0)
(-0.0070311 -0.0263454 0)
(-0.000801531 -0.0635771 0)
(-0.00165513 0.0569043 0)
(-0.00209477 0.0326248 0)
(-0.00147923 0.0105088 0)
(-0.00139927 0.00408496 0)
(-6.31564e-05 0.00185792 0)
(-0.00199368 0.00119022 0)
(-0.00139421 0.00166763 0)
(-0.00306124 0.00141947 0)
(-0.00227732 0.000823623 0)
(-0.004686 2.5444e-05 0)
(-0.00416239 0.000597741 0)
(-0.0046611 0.00153409 0)
(-0.00222738 0.000468935 0)
(-0.000363066 0.00259778 0)
(-0.00483182 0.00674103 0)
(0.00156761 -0.000244858 0)
(-0.0066951 -0.00269452 0)
(0.00218696 -0.0133994 0)
(-0.00270152 -0.019735 0)
(0.00247089 -0.0639576 0)
(-0.00220566 0.05934 0)
(0.000187676 0.0332789 0)
(-0.00310119 0.0112318 0)
(0.000816656 0.00498495 0)
(-0.00111113 0.00358671 0)
(-0.00136583 0.0041987 0)
(-0.000825813 0.0040673 0)
(-0.00207992 0.00358496 0)
(-0.00177088 0.00396454 0)
(-0.00164742 0.0024666 0)
(-0.00329014 0.00020625 0)
(-0.00708241 -0.00150708 0)
(-0.00510787 -0.00211585 0)
(0.00284543 0.00331677 0)
(-0.00359232 -0.00400244 0)
(0.00976713 -0.00634573 0)
(-0.00290175 -0.0176655 0)
(0.00127354 -0.0245323 0)
(-0.00444296 -0.0294824 0)
(0.00192704 -0.0671152 0)
(-0.000788996 0.0569355 0)
(-0.000355652 0.0327071 0)
(-0.000844649 0.00754723 0)
(-0.00153077 0.00203119 0)
(-0.000685728 0.00311257 0)
(-0.000200895 0.00097321 0)
(-0.000240527 0.0016713 0)
(0.000266022 0.00255118 0)
(-0.00158849 0.000292454 0)
(-0.00148177 0.00143591 0)
(-0.00196095 0.00655385 0)
(-0.000115209 0.00311021 0)
(-0.00163679 -0.00850453 0)
(0.0036938 0.000660813 0)
(-0.00538763 0.000452169 0)
(0.0108824 -0.00354997 0)
(-0.00328791 0.00767118 0)
(0.00996511 -0.0144034 0)
(-0.00186198 -0.0155131 0)
(0.00371464 -0.0648365 0)
(-0.00132988 0.0605199 0)
(0.00136327 0.0346747 0)
(-0.0022118 0.013724 0)
(0.00150549 0.00542938 0)
(-0.000578355 0.00302981 0)
(0.000775072 0.00398978 0)
(-0.00161956 0.00437892 0)
(-0.00307017 0.00467002 0)
(-0.00372293 0.0067831 0)
(-0.0052369 0.00229537 0)
(-0.00736132 -0.000817114 0)
(-0.000229227 -0.00292992 0)
(-0.000981687 -0.00439175 0)
(-0.00295593 0.00489856 0)
(-0.010631 -0.0105071 0)
(0.0047358 -0.00876899 0)
(-0.00544516 -0.0140303 0)
(0.00445405 -0.0260199 0)
(-0.00573 -0.0249255 0)
(0.00427447 -0.0671763 0)
(-0.000837517 0.056488 0)
(0.000330131 0.0329696 0)
(-0.000530476 0.0060835 0)
(-0.000523628 6.57404e-05 0)
(-0.00166786 0.0029728 0)
(0.00103332 0.00176352 0)
(0.0011103 0.00435668 0)
(0.00270765 0.00518528 0)
(0.00327491 0.00159526 0)
(0.0114457 0.00351802 0)
(0.00115252 0.00264988 0)
(0.00316506 -0.00351109 0)
(-0.00643828 -0.00731349 0)
(-0.00193121 0.013082 0)
(-0.0107746 -0.00792729 0)
(0.00903226 -0.00976298 0)
(-0.00405783 0.006502 0)
(-0.000927988 -0.0153582 0)
(-0.00346431 -0.0127687 0)
(0.00478355 -0.0669414 0)
(-0.000656256 0.0607799 0)
(0.00126 0.0353626 0)
(-0.00108173 0.0149434 0)
(0.000304862 0.00722283 0)
(0.000738104 0.00221979 0)
(0.00198667 0.00121791 0)
(0.00142918 0.00411136 0)
(0.00565514 0.00150449 0)
(0.0021424 -0.000915517 0)
(0.00308525 0.005746 0)
(-0.00435453 0.00880015 0)
(-0.0020918 0.00358947 0)
(-0.00252871 0.00333447 0)
(-0.00674436 0.00703566 0)
(-0.00571162 -0.0235074 0)
(-0.0101046 -0.0133009 0)
(-0.00606797 -0.00346566 0)
(-0.00229172 -0.0293773 0)
(-0.00783844 -0.0312322 0)
(0.00531424 -0.0694588 0)
(-0.00102264 0.0558435 0)
(0.000361789 0.0321123 0)
(0.00103641 0.00629794 0)
(0.00173558 -0.00219755 0)
(0.00395754 0.000702787 0)
(0.00261284 0.000649773 0)
(0.00598156 0.000430458 0)
(0.00680008 0.00475634 0)
(-0.00148304 0.00348367 0)
(-0.00306135 0.0094556 0)
(-0.00340345 0.00506706 0)
(-0.00204623 -0.00409008 0)
(0.00173615 -0.0057135 0)
(0.00131272 0.0166896 0)
(0.000669316 -0.00426396 0)
(-0.0041476 -0.0125695 0)
(-0.00345977 0.000882512 0)
(0.0102398 -0.0150832 0)
(-0.00450477 -0.018554 0)
(0.00430133 -0.0670621 0)
(-0.000117745 0.0602944 0)
(0.00127094 0.0351109 0)
(-0.00155357 0.0145323 0)
(0.00498205 0.00523818 0)
(0.000466316 0.00195112 0)
(0.000894031 -0.00110551 0)
(0.00179172 0.000525442 0)
(0.00781826 0.00778734 0)
(0.00320429 0.00918769 0)
(0.00126896 0.00894539 0)
(0.000951271 0.00762392 0)
(-0.000305872 0.000197053 0)
(-0.0045256 -0.00047641 0)
(-0.0047088 0.0132764 0)
(0.00615326 -0.0145804 0)
(-0.00284773 -0.00930023 0)
(-0.00108618 -0.0145423 0)
(0.0145784 -0.0271161 0)
(-0.00321688 -0.0258077 0)
(0.00643807 -0.0671579 0)
(-0.00103329 0.0561886 0)
(-1.91686e-05 0.0323585 0)
(0.00203632 0.00064471 0)
(-0.0032575 -0.00433398 0)
(-0.00293633 0.00405045 0)
(-0.00120431 -0.00132011 0)
(-0.00387639 -0.00707925 0)
(0.000199493 0.00502232 0)
(0.00470033 0.00751588 0)
(0.00585234 0.0121398 0)
(0.00479714 0.0067893 0)
(-0.000452028 0.00113918 0)
(0.00147198 -0.00253386 0)
(-0.00883954 0.00462319 0)
(0.00882306 -0.0105241 0)
(-0.000136044 -0.00792046 0)
(0.00498276 -0.0186406 0)
(-0.000744822 -0.0149001 0)
(-0.00573444 -0.00909213 0)
(0.00620434 -0.0680785 0)
(0.00047374 0.0589038 0)
(0.00182596 0.0329359 0)
(0.000594207 0.0181029 0)
(0.00178291 0.011191 0)
(-0.00102924 0.00135131 0)
(0.000621078 -0.000880373 0)
(-0.0039385 0.000785199 0)
(1.61182e-05 0.000155074 0)
(0.00382908 0.0041785 0)
(0.00290773 0.0110758 0)
(0.0112564 0.0121221 0)
(0.00360509 0.00469907 0)
(0.00254332 0.0061974 0)
(-0.000444176 0.00733836 0)
(0.00594959 -0.0193089 0)
(0.00212154 -0.00519736 0)
(0.00755191 -0.00851858 0)
(0.00414296 -0.0196147 0)
(-0.00617396 -0.0287268 0)
(0.00733219 -0.0676449 0)
(-7.4294e-05 0.0550744 0)
(0.00276199 0.0324572 0)
(0.00309418 0.00120884 0)
(-0.000960233 -0.00413082 0)
(0.0113149 0.00354166 0)
(5.0979e-06 0.00250165 0)
(0.0129453 -0.00787615 0)
(0.0115626 -0.00407667 0)
(0.00410974 0.0039038 0)
(0.0139141 0.00265016 0)
(0.0132096 0.00764335 0)
(0.0190681 0.00787982 0)
(0.0126377 0.00268632 0)
(0.0223265 -0.00151646 0)
(0.0121768 -0.0126659 0)
(0.0264704 -0.0159143 0)
(0.0104397 -0.020833 0)
(0.0101011 -0.00210222 0)
(-0.00520473 -0.016473 0)
(0.0075115 -0.0641887 0)
(0.00190087 0.0545837 0)
(0.00452202 0.0308096 0)
(0.00793272 0.0200233 0)
(0.0072249 0.00433853 0)
(0.000915998 0.000855578 0)
(0.0129154 -0.00151052 0)
(0.010553 -0.0114125 0)
(0.0108346 0.00867617 0)
(0.0111307 0.00356398 0)
(0.0165722 0.00122645 0)
(0.0138629 0.00792847 0)
(0.022029 0.00844284 0)
(0.013869 0.00352117 0)
(0.0282192 0.00742371 0)
(0.00929523 -0.015765 0)
(0.0184241 -0.00256376 0)
(-0.0186933 0.0137213 0)
(0.0144425 -0.00835086 0)
(-0.00581778 -0.0159214 0)
(0.0127264 -0.0648666 0)
(0.00170842 0.0486305 0)
(0.00883062 0.0268047 0)
(0.00345739 0.0030196 0)
(0.0134013 0.000336333 0)
(0.00517193 -0.00278203 0)
(0.0066929 -0.00667131 0)
(0.0125311 -0.00556467 0)
(-0.000161909 -0.0032638 0)
(0.0305892 -0.00111051 0)
(0.0189344 -0.00363991 0)
(0.0270904 0.0044004 0)
(0.0153466 0.00232273 0)
(0.0247379 -0.00172364 0)
(0.0149085 -0.00120816 0)
(0.0200452 -0.00255261 0)
(-0.00246937 0.00484331 0)
(0.00567038 -0.0142068 0)
(0.0167319 -0.021454 0)
(-0.0109603 -0.0218125 0)
(0.00942787 -0.0654611 0)
(0.00388726 0.0437442 0)
(0.0125001 0.0267682 0)
(0.0204537 0.0140065 0)
(0.00939356 0.0044618 0)
(0.023644 0.00527264 0)
(0.00780976 -0.00630096 0)
(0.0268561 -0.00859217 0)
(0.00847842 -0.0122403 0)
(0.0308273 -0.0104638 0)
(0.00646956 0.00285497 0)
(0.0310994 0.011958 0)
(0.0152147 0.0136557 0)
(0.0262408 0.0040138 0)
(0.0211262 0.0139852 0)
(0.0243626 -3.10334e-05 0)
(0.0210741 0.0145425 0)
(0.0240802 -0.00242898 0)
(0.0108786 0.0106426 0)
(0.000514472 0.002245 0)
(0.01697 -0.0596962 0)
(0.00610997 0.0315411 0)
(0.0170888 0.0166766 0)
(0.0212938 0.00605714 0)
(0.0225479 -0.000964313 0)
(0.0170637 -0.00266876 0)
(0.0178672 -0.00520901 0)
(0.00175968 -0.00574729 0)
(-0.00492241 -0.00355692 0)
(-0.0243364 -0.00458004 0)
(-0.0204716 -0.00399101 0)
(-0.0209296 -0.000624988 0)
(-0.00987851 -0.000689059 0)
(-0.0148547 -0.00462365 0)
(-0.00575657 0.00402416 0)
(-0.00578379 -0.00855268 0)
(-0.00835772 0.00880816 0)
(0.0100503 -0.00870634 0)
(-0.0126551 -0.00184807 0)
(0.022826 -0.0369991 0)
(0.0143022 -0.0605594 0)
(0.0085479 0.020265 0)
(0.0362353 0.0135807 0)
(0.0406806 0.0106594 0)
(0.0502824 0.00806518 0)
(0.0519034 0.00836992 0)
(0.0532424 0.0075568 0)
(0.0581586 0.00953922 0)
(0.0553075 0.00968731 0)
(0.0628998 0.00906348 0)
(0.059542 0.0049591 0)
(0.0675245 0.00335247 0)
(0.0600284 0.00231935 0)
(0.0686264 0.00502694 0)
(0.0623256 0.00103961 0)
(0.0679501 0.00495637 0)
(0.0663476 0.00047499 0)
(0.0650451 0.00295212 0)
(0.0680551 -0.000232991 0)
(0.0532175 -0.00392956 0)
(0.0368223 -0.00647539 0)
)
;

boundaryField
{
    movingWall
    {
        type            fixedValue;
        value           uniform (1 0 0);
    }
    fixedWalls
    {
        type            noSlip;
    }
    frontAndBack
    {
        type            empty;
    }
}


// ************************************************************************* //
