/*--------------------------------*- C++ -*----------------------------------*\
| =========                 |                                                 |
| \\      /  F ield         | OpenFOAM: The Open Source CFD Toolbox           |
|  \\    /   O peration     | Version:  5.x                                   |
|   \\  /    A nd           | Web:      www.OpenFOAM.org                      |
|    \\/     M anipulation  |                                                 |
\*---------------------------------------------------------------------------*/
FoamFile
{
    version     2.0;
    format      ascii;
    class       surfaceScalarField;
    location    "19.6";
    object      phi;
}
// * * * * * * * * * * * * * * * * * * * * * * * * * * * * * * * * * * * * * //

dimensions      [0 3 -1 0 0 0 0];

internalField   nonuniform List<scalar> 
760
(
-1.34593e-06
1.34593e-06
-2.27883e-06
9.32897e-07
-2.70831e-06
4.29487e-07
-2.94814e-06
2.39821e-07
-3.04192e-06
9.3784e-08
-3.11733e-06
7.54142e-08
-3.13731e-06
1.9977e-08
-3.17398e-06
3.66727e-08
-3.16564e-06
-8.3462e-09
-3.17458e-06
8.93923e-09
-3.15354e-06
-2.10383e-08
-3.14904e-06
-4.50092e-09
-3.1129e-06
-3.61336e-08
-3.07681e-06
-3.60903e-08
-3.01438e-06
-6.24336e-08
-2.90548e-06
-1.08901e-07
-2.7621e-06
-1.43381e-07
-2.33087e-06
-4.31229e-07
-1.64218e-06
-6.88691e-07
-1.64218e-06
-7.61572e-07
2.1075e-06
-1.18042e-06
1.35175e-06
-1.36123e-06
6.10289e-07
-1.43755e-06
3.16145e-07
-1.49498e-06
1.51212e-07
-1.51065e-06
9.10831e-08
-1.53334e-06
4.2666e-08
-1.52645e-06
2.97829e-08
-1.52065e-06
-1.41393e-08
-1.53568e-06
2.39659e-08
-1.54663e-06
-1.00933e-08
-1.55546e-06
4.33659e-09
-1.53209e-06
-5.95081e-08
-1.50627e-06
-6.19057e-08
-1.51258e-06
-5.61283e-08
-1.45735e-06
-1.64126e-07
-1.41843e-06
-1.82303e-07
-1.34186e-06
-5.07799e-07
-9.78899e-07
-1.05165e-06
-2.62108e-06
-3.85028e-07
2.49253e-06
-5.78703e-07
1.54542e-06
-6.16995e-07
6.48581e-07
-6.84183e-07
3.83334e-07
-7.17728e-07
1.84756e-07
-7.6453e-07
1.37885e-07
-7.91286e-07
6.9422e-08
-7.83646e-07
2.21433e-08
-8.04737e-07
6.95153e-09
-8.03e-07
2.22284e-08
-8.58813e-07
4.57199e-08
-8.7741e-07
2.29331e-08
-9.06689e-07
-3.02283e-08
-8.16198e-07
-1.52397e-07
-7.2833e-07
-1.43997e-07
-6.34569e-07
-2.57887e-07
-2.76616e-07
-5.40256e-07
-1.68544e-07
-6.15871e-07
-3.95376e-07
-8.24821e-07
-3.01645e-06
-1.92754e-07
2.68528e-06
-2.86587e-07
1.63926e-06
-2.62129e-07
6.24123e-07
-2.75443e-07
3.96648e-07
-2.91155e-07
2.00468e-07
-3.12952e-07
1.59683e-07
-3.59139e-07
1.15608e-07
-3.95723e-07
5.87276e-08
-4.14035e-07
2.52635e-08
-4.28572e-07
3.67656e-08
-4.73999e-07
9.11467e-08
-4.9248e-07
4.14144e-08
-4.87244e-07
-3.54645e-08
-5.22805e-07
-1.16836e-07
-5.40104e-07
-1.26698e-07
-5.92408e-07
-2.05583e-07
-5.11028e-07
-6.21636e-07
-2.5822e-07
-8.68679e-07
-1.83665e-07
-8.99377e-07
-3.20012e-06
-1.01638e-07
2.78692e-06
-1.05868e-07
1.64349e-06
-1.00645e-07
6.189e-07
-6.29924e-08
3.58996e-07
-4.79939e-08
1.8547e-07
-6.48647e-08
1.76554e-07
-9.89163e-08
1.4966e-07
-1.44383e-07
1.04194e-07
-2.25869e-07
1.06749e-07
-2.37693e-07
4.85904e-08
-1.79559e-07
3.30125e-08
-1.06502e-07
-3.16432e-08
-3.51245e-09
-1.38454e-07
-4.36188e-08
-7.67292e-08
9.97944e-08
-2.70111e-07
3.72683e-08
-1.43057e-07
-9.19357e-08
-4.92432e-07
-3.51024e-08
-9.25512e-07
-5.95208e-08
-8.74958e-07
-3.25964e-06
-4.2051e-08
2.82897e-06
-7.23111e-08
1.67375e-06
2.17728e-09
5.44411e-07
6.44204e-08
2.96753e-07
9.16096e-09
2.40729e-07
6.81985e-10
1.85033e-07
-2.93616e-08
1.79704e-07
-7.74083e-08
1.52241e-07
-9.27302e-08
1.22071e-07
-1.73103e-07
1.28963e-07
-3.05826e-07
1.65736e-07
-2.89386e-07
-4.80834e-08
-1.22192e-07
-3.05648e-07
-1.91613e-07
-7.30732e-09
6.9678e-08
-5.31402e-07
1.88576e-07
-2.61955e-07
-1.46102e-07
-1.57753e-07
-1.02749e-07
-9.68865e-07
-2.71106e-08
-9.50596e-07
-3.28675e-06
-3.93922e-08
2.86836e-06
-1.24165e-09
1.6356e-06
-8.89115e-10
5.44059e-07
1.07017e-08
2.85162e-07
2.37608e-08
2.2767e-07
5.34574e-08
1.55336e-07
9.24656e-08
1.40696e-07
8.12048e-08
1.63502e-07
6.04081e-08
1.42868e-07
1.91074e-08
1.70263e-07
-2.68171e-08
2.1166e-07
-9.3593e-08
1.86925e-08
-1.89278e-07
-2.09963e-07
-2.12871e-07
1.62854e-08
-8.47262e-08
-6.59547e-07
-1.33934e-07
-2.12747e-07
-3.07029e-07
1.53419e-08
-1.64934e-07
-1.11096e-06
-1.975e-08
-1.09578e-06
-3.3065e-06
-1.5873e-08
2.88424e-06
-3.47341e-08
1.65446e-06
-1.54772e-08
5.24802e-07
3.85306e-08
2.31154e-07
2.69951e-08
2.39205e-07
-4.67816e-09
1.87009e-07
-7.65342e-08
2.12552e-07
-1.74757e-07
2.61725e-07
-2.82856e-07
2.50966e-07
-2.93937e-07
1.81344e-07
-1.34722e-07
5.24449e-08
-7.54027e-08
-4.06264e-08
-2.42385e-07
-4.29804e-08
-3.34572e-07
1.08472e-07
-1.76314e-07
-8.17804e-07
-1.23712e-07
-2.65349e-07
-1.44262e-07
3.58922e-08
-9.87551e-08
-1.15647e-06
-8.75424e-08
-1.10699e-06
-3.39404e-06
-1.31735e-08
2.89741e-06
1.3888e-08
1.6274e-06
1.84799e-09
5.36842e-07
-3.1235e-08
2.64237e-07
-1.28231e-08
2.20794e-07
5.50755e-08
1.19111e-07
4.5524e-08
2.22103e-07
2.13752e-08
2.85874e-07
2.04927e-07
6.74141e-08
3.24477e-07
6.17946e-08
2.6983e-07
1.07092e-07
9.69167e-08
1.32287e-07
-7.17791e-09
6.11142e-08
-1.00825e-07
2.02119e-07
-1.74822e-07
-7.43807e-07
-8.8153e-08
-3.52018e-07
1.06108e-07
-1.58368e-07
1.35052e-07
-1.18541e-06
1.84726e-08
-9.90415e-07
-3.37557e-06
-3.23481e-08
2.92976e-06
-9.72276e-08
1.69228e-06
-1.03792e-07
5.43406e-07
-7.48098e-08
2.35255e-07
-1.55476e-08
1.61531e-07
4.76527e-08
5.59104e-08
1.23209e-07
1.46547e-07
1.75314e-07
2.33768e-07
2.79022e-07
-3.62936e-08
2.33371e-07
1.07446e-07
3.06562e-08
3.09807e-07
-9.72854e-08
2.60229e-07
-1.25106e-07
8.89348e-08
-2.02677e-07
2.79689e-07
-6.24261e-07
-3.22223e-07
-4.51335e-07
-5.24943e-07
7.10929e-08
-6.80796e-07
2.81249e-08
-1.14244e-06
9.60378e-09
-9.71893e-07
-3.36597e-06
-5.66018e-09
2.93542e-06
2.62147e-08
1.6604e-06
-1.77178e-08
5.87338e-07
-7.79628e-09
2.25334e-07
2.5852e-08
1.27883e-07
6.87005e-08
1.30619e-08
2.52838e-07
-3.75904e-08
3.08282e-07
1.78324e-07
1.8854e-07
8.34488e-08
5.32294e-08
2.42756e-07
-8.57554e-09
3.71612e-07
1.71184e-07
8.04697e-08
3.05297e-07
-4.51782e-08
3.20369e-08
5.52949e-07
-8.59154e-08
-2.04271e-07
-9.62307e-08
-5.14628e-07
-2.63591e-07
-5.13436e-07
-3.42348e-07
-1.06369e-06
-1.38857e-08
-1.30036e-06
-3.37985e-06
-2.31928e-08
2.95861e-06
-9.17855e-08
1.72899e-06
6.37273e-08
4.31826e-07
1.37424e-07
1.51637e-07
2.5629e-08
2.39678e-07
-1.02451e-08
4.89359e-08
1.42571e-07
-1.90407e-07
2.71441e-07
4.94535e-08
1.71075e-07
1.83815e-07
9.88177e-08
3.15013e-07
1.20758e-07
3.49671e-07
1.25531e-07
7.56963e-08
1.44252e-07
-6.38989e-08
1.25089e-07
5.72112e-07
-2.30939e-08
-5.60877e-08
-1.78533e-08
-5.19869e-07
7.85229e-08
-6.09812e-07
-1.1476e-07
-8.70405e-07
-9.06816e-08
-1.32443e-06
-3.47053e-06
-1.78838e-08
2.9765e-06
-9.63954e-09
1.72075e-06
-8.84558e-08
5.10642e-07
-2.03457e-07
2.66638e-07
-1.41864e-07
1.78086e-07
-2.09774e-07
1.16846e-07
-2.01821e-07
-1.9836e-07
1.24084e-07
-2.76451e-07
3.04621e-07
3.27829e-09
3.14604e-07
3.0503e-07
2.53716e-07
4.10559e-07
1.38414e-07
1.90999e-07
5.25707e-08
2.19443e-08
4.46643e-08
5.80019e-07
8.63663e-08
-9.77897e-08
4.09256e-08
-4.74428e-07
2.79777e-07
-8.48664e-07
2.8193e-07
-8.72557e-07
5.29325e-08
-1.09544e-06
-3.4176e-06
2.24776e-08
2.95402e-06
-7.11825e-09
1.75035e-06
-1.95113e-08
5.23035e-07
-1.36668e-07
3.83794e-07
-8.19013e-08
1.23319e-07
-1.70105e-07
2.05049e-07
-1.04532e-07
-2.63933e-07
2.3325e-07
-6.14234e-07
3.65817e-07
-1.29288e-07
4.82031e-07
1.88816e-07
3.39241e-07
5.5335e-07
1.61017e-07
3.69222e-07
1.59318e-09
1.81368e-07
-1.01763e-07
6.83375e-07
1.44037e-07
-3.4359e-07
1.66209e-07
-4.966e-07
1.20957e-07
-8.03411e-07
-3.93681e-08
-7.12232e-07
-1.92906e-09
-1.13288e-06
-3.41953e-06
2.56955e-08
2.92832e-06
1.16801e-08
1.76436e-06
-1.37119e-07
6.71834e-07
3.79828e-08
2.08693e-07
1.78419e-07
-1.71163e-08
1.48293e-07
2.35175e-07
4.35843e-07
-5.51482e-07
5.99348e-07
-7.7774e-07
5.20807e-07
-5.07465e-08
4.96685e-07
2.12938e-07
6.66328e-07
3.83706e-07
4.22212e-07
6.13338e-07
6.41281e-07
-3.77005e-08
7.28541e-07
5.96115e-07
6.82298e-07
-2.97347e-07
8.04423e-07
-6.18725e-07
1.72186e-07
-1.71174e-07
-2.27024e-07
-3.13023e-07
-4.76322e-08
-1.31227e-06
-3.46716e-06
1.47471e-07
2.78085e-06
2.41486e-07
1.67035e-06
1.5472e-07
7.58599e-07
5.6728e-11
3.63356e-07
5.54248e-08
-7.24844e-08
3.90072e-07
-9.94732e-08
4.60833e-07
-6.22243e-07
3.21371e-07
-6.38278e-07
4.78302e-07
-2.07677e-07
4.9135e-07
1.9989e-07
5.95775e-07
2.79282e-07
5.80122e-07
6.28991e-07
6.13288e-07
-7.08667e-08
7.20013e-07
4.8939e-07
7.29947e-07
-3.07281e-07
7.02062e-08
4.10161e-08
-1.62109e-08
-8.4757e-08
2.55265e-07
-5.84499e-07
6.61457e-08
-1.12315e-06
-3.40102e-06
2.20298e-07
2.56055e-06
2.66195e-07
1.62445e-06
2.23384e-07
8.0141e-07
3.51917e-07
2.34823e-07
2.60691e-07
1.87413e-08
4.45825e-07
-2.84607e-07
5.05941e-07
-6.82359e-07
5.64379e-07
-6.96716e-07
8.72161e-07
-5.15459e-07
1.04505e-06
2.70012e-08
8.10866e-07
5.13465e-07
8.48763e-07
5.91094e-07
7.29926e-07
4.79703e-08
7.34019e-07
4.85296e-07
8.92491e-07
-4.65753e-07
4.98397e-07
4.3511e-07
8.29238e-07
-4.15598e-07
5.84601e-07
-3.39861e-07
1.08515e-07
-6.47063e-07
-3.2925e-06
5.09323e-07
2.05123e-06
8.63973e-07
1.2698e-06
8.76462e-07
7.8892e-07
8.53199e-07
2.58087e-07
9.25616e-07
-5.36759e-08
9.05906e-07
-2.64897e-07
8.72358e-07
-6.4881e-07
8.76089e-07
-7.00447e-07
7.9347e-07
-4.32839e-07
8.82278e-07
-6.18074e-08
1.04137e-06
3.54369e-07
9.53901e-07
6.78567e-07
1.03583e-06
-3.39576e-08
1.03794e-06
4.83183e-07
9.4352e-07
-3.71331e-07
8.91845e-07
4.86785e-07
6.49402e-07
-1.73155e-07
1.49532e-07
1.60008e-07
3.77965e-07
-8.75495e-07
-2.91454e-06
7.02223e-07
1.34901e-06
1.17843e-06
7.93597e-07
1.45966e-06
5.07683e-07
1.44333e-06
2.74422e-07
1.20456e-06
1.85092e-07
8.75576e-07
6.40867e-08
1.19215e-07
1.0755e-07
-6.93028e-07
1.11797e-07
-1.15257e-06
2.6702e-08
-1.16946e-06
-4.49134e-08
-8.64882e-07
4.9787e-08
-3.26296e-07
1.39982e-07
-2.93396e-07
-6.68578e-08
4.76705e-08
1.42117e-07
-2.67002e-07
-5.66582e-08
7.54599e-08
1.44324e-07
3.40489e-08
-1.31744e-07
3.66369e-07
-1.72312e-07
8.90238e-07
-1.39936e-06
-2.0243e-06
1.34901e-06
2.14261e-06
2.65029e-06
2.92471e-06
3.1098e-06
3.17389e-06
3.28144e-06
3.39324e-06
3.41994e-06
3.37502e-06
3.42481e-06
3.56479e-06
3.49794e-06
3.64005e-06
3.58339e-06
3.72772e-06
3.59597e-06
3.42366e-06
2.0243e-06
)
;

boundaryField
{
    movingWall
    {
        type            calculated;
        value           uniform 0;
    }
    fixedWalls
    {
        type            calculated;
        value           uniform 0;
    }
    frontAndBack
    {
        type            empty;
        value           nonuniform 0();
    }
}


// ************************************************************************* //
