/*--------------------------------*- C++ -*----------------------------------*\
| =========                 |                                                 |
| \\      /  F ield         | OpenFOAM: The Open Source CFD Toolbox           |
|  \\    /   O peration     | Version:  5.x                                   |
|   \\  /    A nd           | Web:      www.OpenFOAM.org                      |
|    \\/     M anipulation  |                                                 |
\*---------------------------------------------------------------------------*/
FoamFile
{
    version     2.0;
    format      ascii;
    class       surfaceScalarField;
    location    "12.6";
    object      phi;
}
// * * * * * * * * * * * * * * * * * * * * * * * * * * * * * * * * * * * * * //

dimensions      [0 3 -1 0 0 0 0];

internalField   nonuniform List<scalar> 
760
(
-1.0785e-06
1.0785e-06
-1.76876e-06
6.90266e-07
-2.08572e-06
3.16961e-07
-2.2705e-06
1.84771e-07
-2.31926e-06
4.87668e-08
-2.38042e-06
6.11524e-08
-2.39386e-06
1.34496e-08
-2.43429e-06
4.04219e-08
-2.41591e-06
-1.83785e-08
-2.42947e-06
1.35576e-08
-2.42538e-06
-4.09013e-09
-2.41046e-06
-1.49205e-08
-2.43734e-06
2.68853e-08
-2.4226e-06
-1.47431e-08
-2.40996e-06
-1.2637e-08
-2.33323e-06
-7.67259e-08
-2.23318e-06
-1.00059e-07
-1.88238e-06
-3.5079e-07
-1.20622e-06
-6.76164e-07
-1.20622e-06
-5.25116e-07
1.60361e-06
-9.50758e-07
1.11591e-06
-1.02968e-06
3.95883e-07
-1.08265e-06
2.37737e-07
-1.07376e-06
3.98794e-08
-1.04982e-06
3.72091e-08
-1.03013e-06
-6.23784e-09
-9.97538e-07
7.8305e-09
-9.91069e-07
-2.48476e-08
-9.68596e-07
-8.91527e-09
-9.72496e-07
-1.90175e-10
-9.57777e-07
-2.96394e-08
-9.66071e-07
3.51789e-08
-9.76334e-07
-4.47979e-09
-1.04576e-06
5.67899e-08
-1.04843e-06
-7.40575e-08
-1.02378e-06
-1.24704e-07
-1.02421e-06
-3.50364e-07
-9.4476e-07
-7.55616e-07
-2.15098e-06
-3.19706e-07
1.92332e-06
-4.10284e-07
1.20649e-06
-3.93376e-07
3.78976e-07
-3.55283e-07
1.99645e-07
-3.24004e-07
8.59978e-09
-3.14453e-07
2.76584e-08
-2.81302e-07
-3.93885e-08
-2.84056e-07
1.05844e-08
-2.56279e-07
-5.26249e-08
-2.56194e-07
-9.00007e-09
-2.33396e-07
-2.29882e-08
-2.49512e-07
-1.35235e-08
-2.50593e-07
3.62598e-08
-2.85045e-07
2.9972e-08
-3.06188e-07
7.79332e-08
-3.03677e-07
-7.65681e-08
-2.31238e-07
-1.97143e-07
-1.14029e-07
-4.67573e-07
-2.05516e-07
-6.64129e-07
-2.3565e-06
-1.70435e-07
2.09376e-06
-1.8486e-07
1.22091e-06
-1.57553e-07
3.51668e-07
-1.38215e-07
1.80307e-07
-1.72256e-07
4.26409e-08
-1.92028e-07
4.74309e-08
-2.18386e-07
-1.30309e-08
-2.30646e-07
2.2844e-08
-2.45694e-07
-3.75763e-08
-2.45183e-07
-9.51093e-09
-2.46574e-07
-2.15973e-08
-2.45443e-07
-1.46548e-08
-2.24122e-07
1.49385e-08
-1.75613e-07
-1.85367e-08
-1.36995e-07
3.93153e-08
-2.62387e-08
-1.87325e-07
-9.21634e-08
-1.31218e-07
-2.53695e-07
-3.06041e-07
-2.13031e-07
-7.04793e-07
-2.56953e-06
-5.25647e-08
2.14632e-06
-3.93366e-08
1.20768e-06
-2.24715e-08
3.34803e-07
-6.85562e-08
2.26392e-07
-1.54342e-07
1.28427e-07
-2.01813e-07
9.49018e-08
-2.35047e-07
2.02027e-08
-2.35202e-07
2.29995e-08
-2.19778e-07
-5.3e-08
-2.06381e-07
-2.29081e-08
-1.65951e-07
-6.20279e-08
-1.29028e-07
-5.15773e-08
-7.45426e-08
-3.9547e-08
-1.1782e-08
-8.12973e-08
4.36938e-08
-1.61605e-08
9.82889e-08
-2.4192e-07
9.28219e-08
-1.25751e-07
9.09819e-08
-3.04201e-07
4.7762e-08
-6.61573e-07
-2.52177e-06
-6.37587e-08
2.21008e-06
-3.42784e-08
1.1782e-06
-6.73653e-08
3.6789e-07
-1.19477e-07
2.78503e-07
-1.96203e-07
2.05153e-07
-2.37893e-07
1.36591e-07
-2.67959e-07
5.02691e-08
-2.69081e-07
2.41216e-08
-2.53375e-07
-6.87069e-08
-2.42702e-07
-3.35811e-08
-2.10051e-07
-9.4679e-08
-1.79794e-07
-8.1834e-08
-1.5222e-07
-6.71205e-08
-1.07353e-07
-1.26165e-07
-9.9268e-08
-2.42454e-08
-1.29172e-07
-2.12016e-07
-6.39104e-08
-1.91012e-07
-3.75587e-08
-3.30553e-07
-7.91545e-08
-6.19977e-07
-2.60092e-06
-4.0963e-08
2.25104e-06
-7.22372e-08
1.20948e-06
-1.36372e-07
4.32025e-07
-1.59109e-07
3.0124e-07
-2.3117e-07
2.77213e-07
-2.89919e-07
1.95341e-07
-3.14016e-07
7.43664e-08
-3.03719e-07
1.38244e-08
-2.59764e-07
-1.12662e-07
-2.43803e-07
-4.95415e-08
-1.75752e-07
-1.6273e-07
-1.33018e-07
-1.24568e-07
-6.47952e-08
-1.35344e-07
-7.94529e-09
-1.83015e-07
4.91257e-08
-8.13164e-08
1.24647e-07
-2.87537e-07
9.09184e-08
-1.57284e-07
7.91652e-08
-3.188e-07
4.5539e-08
-5.86351e-07
-2.55538e-06
-4.22201e-08
2.29326e-06
-2.46715e-08
1.19193e-06
-8.39644e-08
4.91318e-07
-2.30318e-07
4.47594e-07
-3.25608e-07
3.72503e-07
-3.77382e-07
2.47114e-07
-4.01591e-07
9.85758e-08
-3.82859e-07
-4.90828e-09
-3.23229e-07
-1.72292e-07
-3.14106e-07
-5.86639e-08
-2.43718e-07
-2.33118e-07
-2.07247e-07
-1.61039e-07
-1.69959e-07
-1.72632e-07
-1.70696e-07
-1.82277e-07
-9.67917e-08
-1.55221e-07
-8.09731e-08
-3.03355e-07
-9.15137e-08
-1.46743e-07
-2.66762e-08
-3.83637e-07
-2.38067e-08
-5.89221e-07
-2.57919e-06
2.66338e-08
2.26663e-06
-9.40681e-09
1.22797e-06
-1.71969e-07
6.5388e-07
-2.65589e-07
5.41214e-07
-3.73592e-07
4.80506e-07
-4.79954e-07
3.53477e-07
-4.74698e-07
9.33195e-08
-3.85601e-07
-9.40053e-08
-3.25438e-07
-2.32455e-07
-3.30623e-07
-5.34786e-08
-1.95212e-07
-3.68529e-07
-1.69404e-07
-1.86847e-07
-1.23602e-07
-2.18434e-07
-1.34187e-07
-1.71693e-07
-8.66078e-09
-2.80747e-07
1.00185e-07
-4.12201e-07
6.94322e-08
-1.15991e-07
5.20929e-08
-3.66298e-07
-1.33899e-08
-5.23738e-07
-2.59258e-06
-3.54813e-08
2.30211e-06
-7.1152e-09
1.1996e-06
-1.27129e-07
7.73894e-07
-3.78152e-07
7.92237e-07
-6.35948e-07
7.38302e-07
-7.52514e-07
4.70043e-07
-7.23055e-07
6.38609e-08
-5.35739e-07
-2.81321e-07
-4.31961e-07
-3.36234e-07
-3.55056e-07
-1.30384e-07
-2.11484e-07
-5.12101e-07
-1.92615e-07
-2.05716e-07
-1.85074e-07
-2.25974e-07
-2.35187e-07
-1.2158e-07
-1.97749e-07
-3.18185e-07
-2.16546e-07
-3.93404e-07
-1.53467e-07
-1.79071e-07
-2.2147e-08
-4.97617e-07
1.52719e-08
-5.61157e-07
-2.57731e-06
-1.2593e-08
2.3147e-06
-9.52829e-08
1.28229e-06
-2.82655e-07
9.61266e-07
-5.78228e-07
1.08781e-06
-8.49794e-07
1.00987e-06
-9.86758e-07
6.07007e-07
-9.906e-07
6.77022e-08
-8.19375e-07
-4.52545e-07
-5.30363e-07
-6.25246e-07
-2.12807e-07
-4.4794e-07
-4.59906e-08
-6.78917e-07
-6.56995e-08
-1.86007e-07
-1.25422e-07
-1.66252e-07
-2.22729e-07
-2.4273e-08
-2.26144e-07
-3.1477e-07
-2.63451e-07
-3.56097e-07
-1.1078e-07
-3.31741e-07
-5.20493e-09
-6.03193e-07
-3.44046e-08
-5.31957e-07
-2.61171e-06
5.58674e-08
2.25884e-06
-1.77396e-08
1.3559e-06
-2.69448e-07
1.21297e-06
-5.86012e-07
1.40437e-06
-7.6961e-07
1.19347e-06
-8.95381e-07
7.32778e-07
-9.30108e-07
1.02429e-07
-8.1991e-07
-5.62743e-07
-5.05923e-07
-9.39232e-07
-1.21087e-07
-8.32777e-07
2.92229e-08
-8.29227e-07
3.70106e-08
-1.93795e-07
1.87538e-08
-1.47995e-07
-4.96786e-08
4.41595e-08
-1.62043e-07
-2.02405e-07
-1.78312e-07
-3.39828e-07
-2.04386e-07
-3.05667e-07
-2.46774e-07
-5.60804e-07
2.29457e-08
-8.01677e-07
-2.58876e-06
3.55598e-08
2.22328e-06
-1.0785e-08
1.40224e-06
-1.64368e-07
1.36656e-06
-2.349e-07
1.47491e-06
-2.99509e-07
1.25807e-06
-3.03518e-07
7.36788e-07
-2.60622e-07
5.95328e-08
-1.56411e-07
-6.66954e-07
3.42458e-08
-1.12989e-06
2.01088e-07
-9.99619e-07
2.4554e-07
-8.73679e-07
3.95886e-07
-3.4414e-07
4.72728e-07
-2.24838e-07
5.05173e-07
1.17153e-08
4.58993e-07
-1.56226e-07
3.86415e-07
-2.6725e-07
2.03595e-07
-1.22847e-07
3.18664e-09
-3.60396e-07
-2.96999e-08
-7.6879e-07
-2.61846e-06
6.08795e-08
2.1624e-06
1.05228e-07
1.3579e-06
1.33117e-07
1.33867e-06
2.2159e-07
1.38643e-06
2.90699e-07
1.18897e-06
4.33502e-07
5.93986e-07
4.79845e-07
1.31899e-08
4.73895e-07
-6.61005e-07
5.30318e-07
-1.18631e-06
6.93631e-07
-1.16293e-06
3.60188e-07
-5.40236e-07
1.57593e-07
-1.41546e-07
9.23321e-08
-1.59577e-07
1.21362e-07
-1.73151e-08
2.91e-07
-3.25863e-07
1.97617e-07
-1.73867e-07
2.07163e-07
-1.32393e-07
1.78911e-07
-3.32145e-07
1.12254e-07
-7.02133e-07
-2.50621e-06
1.67453e-07
1.99494e-06
2.94676e-07
1.23067e-06
4.16922e-07
1.21642e-06
6.36062e-07
1.16729e-06
8.74935e-07
9.50093e-07
1.01124e-06
4.5768e-07
1.00311e-06
2.13242e-08
1.11253e-06
-7.70424e-07
9.53605e-07
-1.02739e-06
8.34256e-07
-1.04358e-06
6.88277e-07
-3.94258e-07
4.07125e-07
1.39606e-07
2.16009e-07
3.15386e-08
-1.13765e-07
3.1246e-07
-9.96994e-08
-3.39929e-07
-1.0291e-07
-1.70656e-07
2.05464e-07
-4.40767e-07
2.56759e-07
-3.83439e-07
-3.51459e-08
-4.10228e-07
-2.54136e-06
2.33535e-07
1.76141e-06
3.47111e-07
1.1171e-06
6.79845e-07
8.83688e-07
7.95493e-07
1.05165e-06
1.11074e-06
6.34843e-07
1.24595e-06
3.22473e-07
1.37974e-06
-1.1247e-07
1.34907e-06
-7.39752e-07
1.09192e-06
-7.70239e-07
5.72064e-07
-5.23727e-07
6.17277e-07
-4.3947e-07
1.03271e-06
-2.75827e-07
1.34415e-06
-2.79899e-07
1.47003e-06
1.8658e-07
1.02001e-06
1.10083e-07
4.04679e-07
4.44679e-07
1.29214e-07
-1.65302e-07
-3.76222e-08
-2.16603e-07
8.33336e-08
-5.31184e-07
-2.45802e-06
5.08691e-07
1.25272e-06
7.70798e-07
8.5499e-07
8.92889e-07
7.61597e-07
1.10477e-06
8.39769e-07
1.22937e-06
5.1024e-07
1.44103e-06
1.10809e-07
1.62487e-06
-2.96309e-07
1.2185e-06
-3.33379e-07
5.35184e-07
-8.69245e-08
4.39811e-08
-3.25246e-08
-2.5143e-07
-1.44059e-07
-2.03775e-07
-3.23482e-07
-3.00297e-07
-1.83377e-07
-1.30526e-07
1.68094e-08
-1.78336e-08
-2.60904e-09
-2.0152e-07
6.28366e-07
4.78636e-08
-4.14686e-07
-4.8817e-08
-1.19923e-07
-1.14602e-07
-4.65399e-07
-2.57262e-06
7.08755e-07
5.43961e-07
1.19348e-06
3.70266e-07
1.36915e-06
5.85923e-07
1.59351e-06
6.15415e-07
1.79054e-06
3.13211e-07
1.91061e-06
-9.26479e-09
1.85482e-06
-2.40519e-07
1.78325e-06
-2.61812e-07
1.8072e-06
-1.10872e-07
1.8565e-06
-8.18216e-08
1.72174e-06
-9.30337e-09
1.41079e-06
-1.25284e-08
9.6905e-07
2.58361e-07
5.9545e-07
3.90409e-07
6.59428e-07
-6.65869e-08
6.84762e-07
6.03031e-07
6.16252e-07
-3.46175e-07
4.5076e-07
4.557e-08
2.90782e-07
-3.05422e-07
-2.28184e-06
-2.86818e-10
5.44248e-07
2.52905e-07
1.17075e-07
4.95969e-07
3.4286e-07
6.37698e-07
4.73686e-07
6.02626e-07
3.48283e-07
3.20952e-07
2.7241e-07
-1.41557e-07
2.2199e-07
-4.69082e-07
6.5713e-08
-5.74269e-07
-5.68446e-09
-6.47139e-07
-8.95179e-09
-6.61258e-07
4.81535e-09
-6.99791e-07
2.60045e-08
-4.83009e-07
4.15785e-08
-1.88866e-07
9.62667e-08
-3.29526e-07
7.40728e-08
1.24208e-07
1.49298e-07
-2.19594e-07
-2.37406e-09
1.98144e-08
-1.93838e-07
7.48107e-07
-1.03371e-06
-1.53374e-06
5.44248e-07
6.61323e-07
1.00418e-06
1.47787e-06
1.82615e-06
2.09856e-06
2.32055e-06
2.38626e-06
2.38058e-06
2.37163e-06
2.37644e-06
2.40245e-06
2.44403e-06
2.54029e-06
2.61436e-06
2.76366e-06
2.76129e-06
2.56745e-06
1.53374e-06
)
;

boundaryField
{
    movingWall
    {
        type            calculated;
        value           uniform 0;
    }
    fixedWalls
    {
        type            calculated;
        value           uniform 0;
    }
    frontAndBack
    {
        type            empty;
        value           nonuniform 0();
    }
}


// ************************************************************************* //
