/*--------------------------------*- C++ -*----------------------------------*\
| =========                 |                                                 |
| \\      /  F ield         | OpenFOAM: The Open Source CFD Toolbox           |
|  \\    /   O peration     | Version:  5.x                                   |
|   \\  /    A nd           | Web:      www.OpenFOAM.org                      |
|    \\/     M anipulation  |                                                 |
\*---------------------------------------------------------------------------*/
FoamFile
{
    version     2.0;
    format      ascii;
    class       volVectorField;
    location    "12.6";
    object      U;
}
// * * * * * * * * * * * * * * * * * * * * * * * * * * * * * * * * * * * * * //

dimensions      [0 1 -1 0 0 0 0];

internalField   nonuniform List<vector> 
400
(
(-0.0144301 0.0065501 0)
(-0.0323643 0.00508842 0)
(-0.0385539 0.0023557 0)
(-0.0450111 -7.24947e-05 0)
(-0.0438796 -8.1751e-05 0)
(-0.0483734 0.000194455 0)
(-0.0457371 -0.000826568 0)
(-0.0501377 0.000353977 0)
(-0.0466505 -0.00220784 0)
(-0.0501588 -4.03936e-05 0)
(-0.0472655 -0.00159389 0)
(-0.0494843 -0.000636378 0)
(-0.0469337 -4.30307e-05 0)
(-0.049554 -0.000186627 0)
(-0.0494545 -0.00115999 0)
(-0.0481009 -0.00193912 0)
(-0.0466974 -0.00256102 0)
(-0.0392676 -0.00532996 0)
(-0.0418502 -0.0081771 0)
(3.65667e-05 -0.0140402 0)
(-0.00391865 0.0325932 0)
(-0.0193626 0.0197359 0)
(-0.0173215 0.00887281 0)
(-0.0246699 0.00656336 0)
(-0.0170927 0.00179102 0)
(-0.0260893 0.00199994 0)
(-0.0156673 0.00132735 0)
(-0.0250375 0.00117289 0)
(-0.0158836 0.00137659 0)
(-0.0223379 0.000704417 0)
(-0.0179355 0.0013931 0)
(-0.0195171 0.000175781 0)
(-0.0198328 0.00106866 0)
(-0.0177454 -0.000455099 0)
(-0.0226325 0.000542466 0)
(-0.0184743 -0.00158264 0)
(-0.0248826 -0.00227191 0)
(-0.0140141 -0.0106945 0)
(-0.0307821 -0.0222388 0)
(-0.00213608 -0.0392051 0)
(-0.00306639 0.0333301 0)
(-0.0113016 0.0261639 0)
(-0.00415715 0.00773149 0)
(-0.0112004 0.00356889 0)
(-0.00332295 -0.000305555 0)
(-0.00902234 -0.000356144 0)
(-0.00408572 -0.00161292 0)
(-0.00669525 -0.00079395 0)
(-0.00517312 -0.00227155 0)
(-0.00455182 -0.00114939 0)
(-0.00623162 -0.00139501 0)
(-0.002591 -0.00154865 0)
(-0.00788103 0.000238625 0)
(-0.00159244 0.000264636 0)
(-0.010495 0.00193221 0)
(-0.00119125 -0.00102202 0)
(-0.011564 -0.00207575 0)
(0.00281181 -0.00208252 0)
(-0.00804342 -0.00519165 0)
(0.00117943 -0.0444868 0)
(-0.00232038 0.044157 0)
(-0.00529716 0.0231943 0)
(-0.00186045 0.00712105 0)
(-0.00393989 0.00441815 0)
(-0.00194104 0.000709187 0)
(-0.00456678 0.00139097 0)
(-0.00347604 0.000103233 0)
(-0.00489932 0.00117297 0)
(-0.00472201 0.000118558 0)
(-0.00466242 0.000837103 0)
(-0.00560312 0.000513467 0)
(-0.00375982 0.00109118 0)
(-0.00658667 0.00131235 0)
(-0.00180231 0.0010348 0)
(-0.00575297 0.00124281 0)
(0.000563826 -0.00221304 0)
(-0.0016036 -0.00552746 0)
(-0.00170795 -0.0167686 0)
(-0.00963507 -0.0234439 0)
(0.00235876 -0.0509468 0)
(-0.00145126 0.0410736 0)
(-0.00104503 0.0261479 0)
(-0.000302114 0.00768726 0)
(-0.0006103 0.00296088 0)
(-0.0021475 0.00115288 0)
(-0.00386812 0.000596148 0)
(-0.00445179 -0.000572867 0)
(-0.00466639 -0.000225446 0)
(-0.00507949 -0.00164148 0)
(-0.00331817 -0.00119282 0)
(-0.0053584 -0.00144205 0)
(-0.000851819 -0.00166951 0)
(-0.0047013 -0.000768313 0)
(0.00202209 -0.00185876 0)
(-0.00260934 0.000254788 0)
(0.00453709 -0.00544955 0)
(-0.000855977 -1.45331e-05 0)
(0.00477303 0.0042835 0)
(-0.00139442 -0.00273133 0)
(0.00358824 -0.0487024 0)
(-0.00142385 0.0447542 0)
(-0.00109505 0.0235222 0)
(-0.000421712 0.00545215 0)
(-0.00205839 0.00628423 0)
(-0.00297381 0.00374437 0)
(-0.00458278 0.00312365 0)
(-0.00524281 0.00132023 0)
(-0.00518215 0.00112109 0)
(-0.00585985 -0.000437225 0)
(-0.0039863 0.000232371 0)
(-0.00601255 -0.000922446 0)
(-0.00204753 -0.000441573 0)
(-0.0055116 -0.000698331 0)
(-0.000203073 -0.00121582 0)
(-0.00441877 -0.000819427 0)
(0.000775978 -0.00378854 0)
(-0.00639512 -0.0047998 0)
(0.00422764 -0.015806 0)
(-0.00605626 -0.0249643 0)
(0.00330455 -0.053471 0)
(-0.00174778 0.0453601 0)
(-8.96816e-06 0.0229119 0)
(-0.00279421 0.00935351 0)
(-0.00251173 0.00462629 0)
(-0.00394663 0.00475066 0)
(-0.00539582 0.00248502 0)
(-0.00639113 0.000811224 0)
(-0.00596561 -9.73333e-05 0)
(-0.00640421 -0.00226304 0)
(-0.0037251 -0.00152453 0)
(-0.00630008 -0.00301369 0)
(-0.000404689 -0.00288603 0)
(-0.00524479 -0.00215402 0)
(0.00289115 -0.00407617 0)
(-0.00329037 -0.00027325 0)
(0.00543002 -0.00520768 0)
(-0.000737593 -0.00301143 0)
(0.00470086 0.00189094 0)
(-0.00191033 0.000490208 0)
(0.00402276 -0.0489825 0)
(-0.000886114 0.0436421 0)
(-0.00105771 0.0243258 0)
(0.000239825 0.00754616 0)
(-0.00350779 0.00754527 0)
(-0.00599047 0.00605639 0)
(-0.00695681 0.00522058 0)
(-0.00835039 0.00205903 0)
(-0.00757035 0.00061884 0)
(-0.00759944 -0.00214316 0)
(-0.00531913 -0.000390417 0)
(-0.00720177 -0.00329597 0)
(-0.00235603 -0.00196791 0)
(-0.00623503 -0.00298296 0)
(-0.000223958 -0.00294183 0)
(-0.00703732 -0.00276838 0)
(0.00355335 -0.00560891 0)
(-0.0072074 -0.00302822 0)
(0.00400217 -0.0139479 0)
(-0.00527361 -0.0229321 0)
(0.00446485 -0.0537791 0)
(9.16653e-05 0.0478377 0)
(0.00116406 0.0248284 0)
(-0.00162201 0.0124873 0)
(-0.00496507 0.0105974 0)
(-0.00589002 0.00923648 0)
(-0.00929605 0.00500306 0)
(-0.01011 0.00212111 0)
(-0.00857825 -0.000771717 0)
(-0.00680165 -0.00475294 0)
(-0.0063814 -0.0020241 0)
(-0.00645061 -0.00624787 0)
(-0.00128516 -0.00472701 0)
(-0.00583035 -0.00427429 0)
(0.00122738 -0.00464949 0)
(-0.00692799 -0.00370512 0)
(0.0066461 -0.0072667 0)
(-0.00299601 -0.0031592 0)
(0.00620148 -0.00214477 0)
(-0.0045541 -0.00200795 0)
(0.00422885 -0.0489518 0)
(-0.00239365 0.0448214 0)
(0.000926129 0.0236195 0)
(-0.00117495 0.0140902 0)
(-0.00383886 0.0117666 0)
(-0.0117715 0.0106662 0)
(-0.0141077 0.00979719 0)
(-0.0162435 0.00192822 0)
(-0.0120251 -0.00266657 0)
(-0.00906279 -0.00418304 0)
(-0.00872199 -0.000193041 0)
(-0.0048933 -0.00820317 0)
(-0.00347414 -0.00240168 0)
(-0.00464325 -0.00400624 0)
(-0.00233802 -0.00179192 0)
(-0.0076171 -0.00705265 0)
(0.000246063 -0.00845836 0)
(-0.00961862 -0.0012227 0)
(0.00413761 -0.0116948 0)
(-0.00519856 -0.0175287 0)
(0.00587697 -0.0539801 0)
(-0.00148657 0.0452909 0)
(0.000896158 0.0235031 0)
(-0.00433647 0.0160827 0)
(-0.00723295 0.0191159 0)
(-0.0165952 0.0184774 0)
(-0.0183412 0.00942923 0)
(-0.0209813 0.000824969 0)
(-0.0178564 -0.00797906 0)
(-0.013862 -0.00888396 0)
(-0.00781535 -0.00490312 0)
(-0.000416913 -0.0127777 0)
(-0.0013167 -0.00621489 0)
(-0.00159962 -0.00557195 0)
(-0.00313129 -0.00356567 0)
(-0.00630595 -0.00617768 0)
(-0.00206024 -0.0079364 0)
(-0.0092072 -0.00638751 0)
(0.00522533 -0.00927118 0)
(-0.00551533 -0.00634167 0)
(0.00435599 -0.0500306 0)
(-0.000120694 0.0479425 0)
(0.00241968 0.0287324 0)
(-0.0029761 0.022808 0)
(-0.00785517 0.025023 0)
(-0.0165496 0.0208363 0)
(-0.0156051 0.0135386 0)
(-0.0197611 0.00147001 0)
(-0.0173689 -0.0115057 0)
(-0.0135167 -0.0170649 0)
(-0.00700967 -0.0127776 0)
(0.00203335 -0.0135045 0)
(-0.000929402 -0.000791876 0)
(0.00217116 -0.000571409 0)
(-0.00123237 0.00286724 0)
(-0.00121571 -0.00600268 0)
(-0.00446158 -0.00560251 0)
(-0.00319181 -0.00581042 0)
(-0.00465995 -0.0137156 0)
(-0.00527374 -0.0134047 0)
(0.00606306 -0.0548118 0)
(-0.00114819 0.0427295 0)
(0.00238261 0.0245992 0)
(-0.00260797 0.024896 0)
(-0.00459188 0.0288564 0)
(-0.00502523 0.0251115 0)
(-0.00789365 0.0140453 0)
(-0.00501743 0.00193898 0)
(-0.00477521 -0.0120955 0)
(-0.000680718 -0.0217427 0)
(0.0023143 -0.0213574 0)
(0.00509405 -0.0208598 0)
(0.00490566 -0.00731942 0)
(0.0102294 -0.00562771 0)
(0.00846074 -0.00153473 0)
(0.0105924 -0.00280559 0)
(0.00932524 -0.00898422 0)
(0.00467767 -0.00785825 0)
(0.00455741 -0.0100896 0)
(-0.004607 -0.0212738 0)
(0.00384071 -0.0505125 0)
(-0.000789652 0.0439707 0)
(0.00299556 0.0303707 0)
(0.00164263 0.0281611 0)
(0.00363783 0.031414 0)
(0.0043026 0.0252466 0)
(0.00764612 0.0165862 0)
(0.00853852 0.000803369 0)
(0.0112826 -0.0144301 0)
(0.00914745 -0.023382 0)
(0.0129643 -0.0178377 0)
(0.0140576 -0.013973 0)
(-1.19835e-05 -0.00686326 0)
(0.00549575 -0.00425428 0)
(-0.00110004 0.00226264 0)
(0.00510811 -0.00244567 0)
(0.0078124 -0.00071424 0)
(-0.000781516 0.00401325 0)
(0.00975393 -0.00295829 0)
(-0.00306922 -0.00642533 0)
(0.00783172 -0.0515984 0)
(-0.00133457 0.0438474 0)
(0.0074291 0.0250125 0)
(0.00528801 0.0270982 0)
(0.0107829 0.0246752 0)
(0.0132583 0.0238906 0)
(0.0226948 0.00817487 0)
(0.0154304 -0.000379499 0)
(0.0261958 -0.0113043 0)
(0.0208489 -0.0225828 0)
(0.0156987 -0.0294141 0)
(0.019127 -0.00676707 0)
(0.00702686 0.00179667 0)
(0.0106672 -0.000866893 0)
(-0.00308001 -0.00316025 0)
(-0.00229919 -0.0122168 0)
(-0.000493481 -0.00709179 0)
(-0.00477254 -0.0106435 0)
(0.0144368 -0.011902 0)
(-0.00578956 -0.0246906 0)
(0.00495638 -0.050249 0)
(0.00386978 0.0362689 0)
(0.00464749 0.0247249 0)
(0.0101036 0.0205134 0)
(0.0167065 0.0229097 0)
(0.0138997 0.0154004 0)
(0.029921 0.0111278 0)
(0.0205512 0.0015998 0)
(0.0335683 -0.018234 0)
(0.0227292 -0.0196529 0)
(0.0208775 -0.0124574 0)
(0.00257999 -0.00916155 0)
(0.0211945 0.0030212 0)
(0.0208757 0.00153995 0)
(0.0304401 0.0141057 0)
(0.0289421 -0.00109229 0)
(0.0150914 0.00150514 0)
(-0.000402668 -0.00406194 0)
(0.00604559 -0.00135404 0)
(-0.00794098 0.0108321 0)
(0.0117934 -0.0490285 0)
(0.000757121 0.0359777 0)
(0.0179283 0.0211984 0)
(0.014666 0.0162989 0)
(0.0199775 0.0188084 0)
(0.0232283 0.00907451 0)
(0.0249313 0.000923193 0)
(0.032285 -0.00685712 0)
(0.0347305 -0.0097131 0)
(0.0153764 -0.00880389 0)
(0.00636775 -0.00677949 0)
(-0.00522698 -0.00993291 0)
(-0.00327165 -0.0133466 0)
(-0.00585674 -0.01211 0)
(-0.00655877 -0.00553199 0)
(0.00243499 0.00661366 0)
(-0.00356721 0.0140099 0)
(-0.00449129 -0.00421671 0)
(0.0070588 -0.00883916 0)
(-0.00987785 -0.0352693 0)
(0.00655261 -0.0537782 0)
(0.00283784 0.0166784 0)
(0.023138 0.0141191 0)
(0.0265249 0.0132084 0)
(0.0295096 0.0158966 0)
(0.0327117 0.0119815 0)
(0.0389455 0.00381727 0)
(0.0376258 -0.0039244 0)
(0.0358928 -0.0042632 0)
(0.0365947 0.00459404 0)
(0.0343793 0.00494573 0)
(0.0387633 0.00482661 0)
(0.0321841 0.00107425 0)
(0.0238014 0.00618189 0)
(0.0162827 0.00653279 0)
(0.0070666 -0.00683874 0)
(0.0179962 0.0129034 0)
(0.00832889 -0.011166 0)
(0.0183296 0.00520444 0)
(-0.00227699 0.0189818 0)
(0.0156785 -0.0445166 0)
(-0.00658042 0.00354553 0)
(0.00637271 -0.000566557 0)
(0.00489713 0.0109095 0)
(0.0142364 0.010102 0)
(0.0115485 0.00204326 0)
(0.0134618 -0.00387985 0)
(-0.00161202 -0.00576418 0)
(-0.00483138 -0.007191 0)
(-0.012648 -0.0091825 0)
(-0.0107452 -0.00812226 0)
(-0.015641 -0.00532419 0)
(-0.00948229 -0.00181144 0)
(-0.0211877 0.0019377 0)
(0.00469324 0.00767542 0)
(-0.0136843 0.00358786 0)
(0.00113927 0.0115961 0)
(0.00487676 -0.00100494 0)
(-0.0158822 -0.00434181 0)
(0.0172831 -0.032804 0)
(0.013522 -0.0549478 0)
(0.00431687 0.017043 0)
(0.0172796 0.00582205 0)
(0.0109204 0.00335601 0)
(0.0271931 0.00736236 0)
(0.0329715 0.0100227 0)
(0.0391411 0.0128831 0)
(0.0435118 0.0135125 0)
(0.0481836 0.010121 0)
(0.0492983 0.00910287 0)
(0.0469995 0.00796998 0)
(0.0473926 0.00571381 0)
(0.0470667 0.00334738 0)
(0.0493454 0.000583712 0)
(0.0499694 -0.00349188 0)
(0.0510326 5.43879e-05 0)
(0.0526315 -0.00532635 0)
(0.053615 0.000684397 0)
(0.0543878 -0.00150591 0)
(0.0451994 -0.0043237 0)
(0.0237296 0.00302356 0)
)
;

boundaryField
{
    movingWall
    {
        type            fixedValue;
        value           uniform (1 0 0);
    }
    fixedWalls
    {
        type            noSlip;
    }
    frontAndBack
    {
        type            empty;
    }
}


// ************************************************************************* //
