/*--------------------------------*- C++ -*----------------------------------*\
| =========                 |                                                 |
| \\      /  F ield         | OpenFOAM: The Open Source CFD Toolbox           |
|  \\    /   O peration     | Version:  5.x                                   |
|   \\  /    A nd           | Web:      www.OpenFOAM.org                      |
|    \\/     M anipulation  |                                                 |
\*---------------------------------------------------------------------------*/
FoamFile
{
    version     2.0;
    format      ascii;
    class       volScalarField;
    location    "15.8";
    object      p;
}
// * * * * * * * * * * * * * * * * * * * * * * * * * * * * * * * * * * * * * //

dimensions      [0 2 -2 0 0 0 0];

internalField   nonuniform List<scalar> 
400
(
3.22846e-10
-0.000484714
-0.000845658
-0.00108118
-0.00118847
-0.00126367
-0.00129726
-0.00133475
-0.0013644
-0.0013862
-0.00139263
-0.00138281
-0.00136952
-0.00135147
-0.00133359
-0.0012457
-0.00104226
-0.000696799
-0.000414684
0.000910213
-0.00053796
-0.000866727
-0.0010812
-0.00120599
-0.00124245
-0.0012858
-0.00131978
-0.00133738
-0.00137972
-0.00139071
-0.0014099
-0.00140674
-0.00139132
-0.00138384
-0.00136753
-0.00135235
-0.00129455
-0.00109268
-0.00105371
-9.55765e-05
-0.000863214
-0.00111571
-0.00119612
-0.0012626
-0.00127644
-0.00130102
-0.00132743
-0.00134183
-0.0013712
-0.00137901
-0.00139295
-0.00138675
-0.00138638
-0.0013602
-0.00137283
-0.00130414
-0.00130856
-0.00118534
-0.00109065
-0.000706569
-0.00107717
-0.00121553
-0.00124411
-0.00127171
-0.00128488
-0.00130502
-0.00132937
-0.00134672
-0.00136931
-0.00138032
-0.00138995
-0.00138632
-0.00138701
-0.00137367
-0.00137861
-0.00136003
-0.00133809
-0.00125718
-0.00131467
-0.00110243
-0.00118026
-0.00125644
-0.00126037
-0.00128231
-0.00129453
-0.001315
-0.00133457
-0.0013512
-0.00137318
-0.00137775
-0.00139189
-0.00138178
-0.00138731
-0.00137615
-0.00137975
-0.00134727
-0.00135977
-0.00132439
-0.00129111
-0.00128149
-0.00123239
-0.00126524
-0.00128222
-0.00129124
-0.00130656
-0.00132422
-0.001344
-0.00136082
-0.0013804
-0.00138639
-0.00139308
-0.0013837
-0.00138747
-0.00138089
-0.00139555
-0.00137871
-0.0014015
-0.00136687
-0.00140286
-0.0013775
-0.00126407
-0.0012851
-0.00128275
-0.00130459
-0.00130879
-0.00133209
-0.00134967
-0.00136946
-0.00139755
-0.00140257
-0.00140864
-0.00137682
-0.00138763
-0.00139499
-0.0013996
-0.00139395
-0.00141848
-0.00139917
-0.00138771
-0.00140528
-0.0012673
-0.00128776
-0.00128673
-0.00130045
-0.00131813
-0.00133774
-0.00136176
-0.00138572
-0.00141234
-0.00142807
-0.00143079
-0.00141272
-0.00138896
-0.00138865
-0.00140587
-0.00140089
-0.00142689
-0.00143141
-0.00144527
-0.00143078
-0.00128455
-0.00130563
-0.00130118
-0.00131957
-0.0013249
-0.00134089
-0.0013698
-0.00140388
-0.00146067
-0.0014725
-0.001456
-0.00142469
-0.00140387
-0.00142153
-0.00145866
-0.00144048
-0.00148592
-0.00143872
-0.00146897
-0.00138617
-0.00129368
-0.00130538
-0.00129545
-0.00130663
-0.00131805
-0.00133358
-0.00136407
-0.0014101
-0.00147421
-0.00151106
-0.00150737
-0.00149904
-0.00143677
-0.0013774
-0.00144245
-0.00138784
-0.00144901
-0.00138089
-0.00143896
-0.00138433
-0.00130314
-0.00132636
-0.00132117
-0.00133167
-0.0013482
-0.00135607
-0.00139542
-0.00146576
-0.00153286
-0.00153346
-0.00153059
-0.00153535
-0.00149043
-0.00143747
-0.00148916
-0.00145944
-0.00149889
-0.00142062
-0.00147994
-0.0014236
-0.00131982
-0.00131035
-0.00131346
-0.00131892
-0.0013438
-0.00134558
-0.00142854
-0.00153264
-0.00165924
-0.00162538
-0.00156653
-0.00153942
-0.00151205
-0.00142919
-0.00147194
-0.00143512
-0.00148513
-0.00140978
-0.00151455
-0.00143248
-0.00129358
-0.00130408
-0.00130899
-0.00132158
-0.00134754
-0.00135713
-0.00150233
-0.00162231
-0.00182379
-0.0017496
-0.00164727
-0.00169899
-0.00160722
-0.001417
-0.00154608
-0.001412
-0.00152088
-0.00143903
-0.00149667
-0.00137291
-0.00128436
-0.00131055
-0.00129867
-0.00129145
-0.00133491
-0.00133216
-0.0014723
-0.00162134
-0.00181927
-0.00179183
-0.0016823
-0.00177524
-0.00145052
-0.00138701
-0.00144964
-0.001362
-0.00147269
-0.00129112
-0.0014082
-0.00128593
-0.00123592
-0.00125759
-0.00126589
-0.00125959
-0.00128881
-0.00126435
-0.00141486
-0.00151415
-0.00172765
-0.0017448
-0.00167214
-0.00168619
-0.00141137
-0.00140419
-0.00149
-0.00135713
-0.00144566
-0.00133243
-0.00131118
-0.00126292
-0.0011732
-0.00122269
-0.00125693
-0.00123126
-0.00128545
-0.00123477
-0.00134494
-0.00142019
-0.00150037
-0.00159403
-0.00159592
-0.00158675
-0.00146508
-0.00152675
-0.00147766
-0.00125089
-0.00125537
-0.00123851
-0.00121332
-0.00126101
-0.00107192
-0.00116486
-0.00123316
-0.00122293
-0.00125105
-0.00123763
-0.00129201
-0.0013389
-0.00140198
-0.00148503
-0.00155212
-0.00134747
-0.00131865
-0.00175811
-0.00148116
-0.00139487
-0.00140911
-0.00135067
-0.00136757
-0.00114577
-0.000893516
-0.00106344
-0.00115939
-0.0012025
-0.00122444
-0.0012412
-0.00127885
-0.00130256
-0.00136336
-0.00150227
-0.00172691
-0.00172851
-0.00153567
-0.00140519
-0.00130248
-0.00140408
-0.00130606
-0.00112659
-0.000920418
-0.000686183
-0.000632854
-0.000864531
-0.00109846
-0.00113189
-0.00116224
-0.00116676
-0.00121937
-0.00127528
-0.00137833
-0.00167458
-0.00206431
-0.00177956
-0.00149591
-0.00120732
-0.0012183
-0.00142016
-0.00115191
-0.00146581
-0.00110924
-0.000177978
-0.000336255
-0.000587812
-0.000943849
-0.00114134
-0.0011837
-0.00122125
-0.00124282
-0.00136718
-0.00152377
-0.00159455
-0.00153099
-0.00136775
-0.00123585
-0.00121967
-0.00120927
-0.00127108
-0.00117649
-0.000834296
-0.000210972
0.0017277
)
;

boundaryField
{
    movingWall
    {
        type            zeroGradient;
    }
    fixedWalls
    {
        type            zeroGradient;
    }
    frontAndBack
    {
        type            empty;
    }
}


// ************************************************************************* //
