/*--------------------------------*- C++ -*----------------------------------*\
| =========                 |                                                 |
| \\      /  F ield         | OpenFOAM: The Open Source CFD Toolbox           |
|  \\    /   O peration     | Version:  5.x                                   |
|   \\  /    A nd           | Web:      www.OpenFOAM.org                      |
|    \\/     M anipulation  |                                                 |
\*---------------------------------------------------------------------------*/
FoamFile
{
    version     2.0;
    format      ascii;
    class       surfaceScalarField;
    location    "15.8";
    object      phi;
}
// * * * * * * * * * * * * * * * * * * * * * * * * * * * * * * * * * * * * * //

dimensions      [0 3 -1 0 0 0 0];

internalField   nonuniform List<scalar> 
760
(
-1.05671e-06
1.05671e-06
-1.81115e-06
7.54441e-07
-2.14329e-06
3.32142e-07
-2.38612e-06
2.42828e-07
-2.45236e-06
6.62433e-08
-2.57813e-06
1.25768e-07
-2.6278e-06
4.96677e-08
-2.7099e-06
8.20985e-08
-2.77584e-06
6.5943e-08
-2.82015e-06
4.43081e-08
-2.87366e-06
5.3515e-08
-2.87642e-06
2.75193e-09
-2.88334e-06
6.92193e-09
-2.84948e-06
-3.38623e-08
-2.83375e-06
-1.57255e-08
-2.74886e-06
-8.48935e-08
-2.64606e-06
-1.02793e-07
-2.20426e-06
-4.41804e-07
-1.51832e-06
-6.85941e-07
-1.51832e-06
-6.08552e-07
1.66526e-06
-9.60767e-07
1.10666e-06
-1.08604e-06
4.57414e-07
-1.09358e-06
2.50369e-07
-1.11499e-06
8.76523e-08
-1.13389e-06
1.44665e-07
-1.14597e-06
6.17511e-08
-1.17344e-06
1.09571e-07
-1.17572e-06
6.8224e-08
-1.1895e-06
5.8082e-08
-1.17281e-06
3.68244e-08
-1.16817e-06
-1.88402e-09
-1.18299e-06
2.17463e-08
-1.20769e-06
-9.16492e-09
-1.27159e-06
4.81749e-08
-1.27647e-06
-8.00179e-08
-1.23433e-06
-1.44933e-07
-1.27457e-06
-4.01566e-07
-1.03527e-06
-9.25236e-07
-2.55359e-06
-3.04793e-07
1.97005e-06
-3.89877e-07
1.19174e-06
-3.35188e-07
4.02725e-07
-2.98447e-07
2.13628e-07
-3.06244e-07
9.545e-08
-2.92673e-07
1.31093e-07
-3.2808e-07
9.71581e-08
-3.39059e-07
1.2055e-07
-3.7194e-07
1.01105e-07
-4.14127e-07
1.00269e-07
-4.69349e-07
9.20465e-08
-5.11587e-07
4.03537e-08
-5.35569e-07
4.57288e-08
-5.48814e-07
4.08018e-09
-4.8757e-07
-1.30693e-08
-4.80278e-07
-8.73098e-08
-3.06975e-07
-3.18237e-07
-1.9923e-07
-5.0931e-07
-3.31757e-07
-7.9271e-07
-2.88535e-06
-1.39594e-07
2.10965e-06
-1.50806e-07
1.20295e-06
-7.82722e-08
3.3019e-07
-7.06355e-08
2.05992e-07
-1.25262e-07
1.50077e-07
-1.55688e-07
1.61519e-07
-1.9359e-07
1.3506e-07
-2.10365e-07
1.37324e-07
-2.17701e-07
1.08442e-07
-2.27814e-07
1.10382e-07
-2.1912e-07
8.33526e-08
-2.63752e-07
8.49859e-08
-2.42068e-07
2.40445e-08
-2.63017e-07
2.50287e-08
-2.17136e-07
-5.89503e-08
-2.26486e-07
-7.79597e-08
-3.4029e-07
-2.04433e-07
-3.6537e-07
-4.8423e-07
-2.67975e-07
-8.90105e-07
-3.15332e-06
-7.16197e-08
2.18127e-06
-4.98937e-08
1.18123e-06
-5.42759e-08
3.34573e-07
-5.93116e-08
2.11027e-07
-9.5025e-08
1.8579e-07
-1.30417e-07
1.96911e-07
-1.52114e-07
1.56757e-07
-1.64483e-07
1.49694e-07
-1.57361e-07
1.01319e-07
-1.27396e-07
8.04168e-08
-1.11599e-07
6.75558e-08
-1.54325e-07
1.27712e-07
-1.32848e-07
2.56715e-09
-1.84737e-07
7.6918e-08
-2.60783e-07
1.70956e-08
-2.74458e-07
-6.42845e-08
-1.91426e-07
-2.87465e-07
-7.99312e-08
-5.95725e-07
-5.26479e-08
-9.17389e-07
-3.20597e-06
-1.92964e-08
2.20056e-06
-4.73581e-08
1.20929e-06
-6.22057e-08
3.4942e-07
-1.15667e-07
2.64489e-07
-1.54858e-07
2.24981e-07
-1.79907e-07
2.21959e-07
-2.03683e-07
1.80533e-07
-2.05198e-07
1.51209e-07
-1.95012e-07
9.11337e-08
-1.52138e-07
3.7543e-08
-1.32867e-07
4.82847e-08
-1.79294e-07
1.74138e-07
-1.51064e-07
-2.56628e-08
-1.74034e-07
9.98878e-08
-1.88317e-07
3.13791e-08
-1.72618e-07
-7.99839e-08
-2.6056e-07
-1.99523e-07
-2.09851e-07
-6.46434e-07
-1.20097e-07
-1.00714e-06
-3.32607e-06
-3.2967e-09
2.20386e-06
1.31742e-08
1.19282e-06
-3.77062e-08
4.00301e-07
-6.47252e-08
2.91508e-07
-8.61865e-08
2.46442e-07
-1.36482e-07
2.72254e-07
-1.85531e-07
2.29582e-07
-1.64248e-07
1.29925e-07
-5.7753e-08
-1.53609e-08
-3.72439e-08
1.70338e-08
-1.27732e-07
1.38773e-07
-1.88563e-07
2.3497e-07
-1.11546e-07
-1.02681e-07
-1.49105e-07
1.37447e-07
-1.26515e-07
8.78973e-09
-1.02496e-07
-1.04003e-07
-1.46649e-07
-1.5537e-07
-1.91456e-08
-7.73938e-07
2.44597e-08
-1.05075e-06
-3.30161e-06
-1.63666e-08
2.22023e-06
-5.20791e-08
1.22853e-06
-6.57798e-08
4.14001e-07
-1.21842e-07
3.47571e-07
-2.01049e-07
3.25649e-07
-2.11592e-07
2.82797e-07
-2.1679e-07
2.3478e-07
-1.78035e-07
9.11712e-08
-9.20092e-08
-1.01387e-07
-1.14707e-07
3.97312e-08
-3.34257e-07
3.58323e-07
-4.4429e-07
3.45003e-07
-3.1767e-07
-2.29301e-07
-2.90665e-07
1.10442e-07
-3.53911e-07
7.20353e-08
-3.27065e-07
-1.30849e-07
-1.76066e-07
-3.06368e-07
-1.35282e-07
-8.14722e-07
-9.31827e-08
-1.09285e-06
-3.39479e-06
-2.91072e-09
2.22314e-06
-5.35594e-09
1.23098e-06
-4.73772e-08
4.56022e-07
-6.71874e-08
3.67381e-07
-1.5457e-07
4.13032e-07
-1.87016e-07
3.15243e-07
-1.31406e-07
1.7917e-07
-9.8182e-08
5.7947e-08
-1.8343e-07
-1.61389e-08
-3.2068e-07
1.76981e-07
-4.17999e-07
4.55642e-07
-3.59111e-07
2.86115e-07
-1.53606e-07
-4.34805e-07
-1.80109e-07
1.36945e-07
-1.78554e-07
7.04807e-08
-6.79753e-08
-2.41427e-07
4.79337e-08
-4.22277e-07
5.57696e-08
-8.22558e-07
5.13764e-09
-1.04221e-06
-3.38965e-06
-1.31242e-08
2.23626e-06
-5.62762e-08
1.27413e-06
-3.1608e-08
4.31354e-07
-1.28357e-07
4.64129e-07
-2.65193e-07
5.49868e-07
-3.7147e-07
4.2152e-07
-4.28681e-07
2.36382e-07
-4.92157e-07
1.21422e-07
-5.98269e-07
8.99732e-08
-5.96141e-07
1.74854e-07
-6.6671e-07
5.26211e-07
-5.48882e-07
1.68287e-07
-2.73771e-07
-7.09917e-07
-1.97345e-07
6.05182e-08
-7.75601e-08
-4.93037e-08
-9.39153e-08
-2.25072e-07
2.84535e-08
-5.44646e-07
6.99142e-08
-8.64019e-07
7.16004e-09
-9.7946e-07
-3.38249e-06
-2.46683e-08
2.26093e-06
-5.17077e-09
1.25463e-06
-1.20822e-07
5.47006e-07
-3.00715e-07
6.44022e-07
-3.4485e-07
5.94002e-07
-3.94636e-07
4.71307e-07
-6.46385e-07
4.88131e-07
-8.13434e-07
2.8847e-07
-8.40275e-07
1.16815e-07
-5.82075e-07
-8.33467e-08
-3.33585e-07
2.77721e-07
-1.92068e-07
2.67701e-08
8.58063e-08
-9.87791e-07
1.89907e-07
-4.35823e-08
1.276e-07
1.30035e-08
-9.06815e-08
-6.79125e-09
-3.23965e-07
-3.11362e-07
-2.30162e-07
-9.57822e-07
-1.6863e-08
-1.19276e-06
-3.39935e-06
2.2395e-08
2.23854e-06
2.21114e-08
1.25491e-06
-7.23305e-08
6.41448e-07
-1.03124e-07
6.74816e-07
-3.43291e-08
5.25208e-07
-1.77409e-07
6.14387e-07
-5.35292e-07
8.46014e-07
-7.70434e-07
5.23612e-07
-9.48085e-07
2.94466e-07
-8.51326e-07
-1.80106e-07
-4.47701e-07
-1.25904e-07
-1.43808e-07
-2.77122e-07
-2.89886e-08
-1.10261e-06
7.45183e-08
-1.47089e-07
2.41767e-07
-1.54245e-07
3.35581e-07
-1.00606e-07
4.16664e-08
-1.74478e-08
-1.38045e-07
-7.78111e-07
-2.2598e-08
-1.30821e-06
-3.42195e-06
-1.54408e-08
2.25398e-06
-2.99428e-08
1.26942e-06
9.74e-09
6.01765e-07
2.24464e-07
4.60091e-07
2.03413e-07
5.46259e-07
7.2949e-08
7.44851e-07
-6.25466e-09
9.25217e-07
-1.74725e-07
6.92083e-07
-2.78257e-07
3.97998e-07
-2.66953e-07
-1.9141e-07
-2.25489e-07
-1.67368e-07
-7.49517e-08
-4.2766e-07
-3.96592e-09
-1.1736e-06
-6.09659e-09
-1.44959e-07
1.53459e-07
-3.13801e-07
1.5445e-07
-1.01596e-07
1.15856e-07
2.11454e-08
4.34938e-08
-7.05748e-07
1.4594e-09
-1.26617e-06
-3.42049e-06
9.47413e-08
2.15924e-06
8.80843e-08
1.27607e-06
1.59284e-07
5.30566e-07
2.06193e-07
4.13182e-07
2.60492e-07
4.9196e-07
4.30895e-07
5.74447e-07
5.03573e-07
8.52539e-07
5.03411e-07
6.92245e-07
4.17697e-07
4.83711e-07
3.8014e-07
-1.53853e-07
3.02218e-07
-8.94459e-08
3.29915e-07
-4.55357e-07
9.49884e-08
-9.38669e-07
-7.46202e-09
-4.25081e-08
-6.47254e-08
-2.56537e-07
-1.61993e-07
-4.3286e-09
2.92187e-07
-4.33035e-07
2.49649e-07
-6.6321e-07
7.004e-08
-1.08656e-06
-3.35045e-06
2.64137e-08
2.13282e-06
6.45446e-08
1.23794e-06
8.00454e-08
5.15065e-07
2.45921e-07
2.47307e-07
4.18459e-07
3.19422e-07
6.91001e-07
3.01904e-07
1.00503e-06
5.3851e-07
1.07306e-06
6.24218e-07
1.1288e-06
4.27968e-07
1.13523e-06
-1.6028e-07
1.09656e-06
-5.07745e-08
1.094e-06
-4.52801e-07
1.05341e-06
-8.98082e-07
1.17234e-06
-1.6143e-07
1.02253e-06
-1.06732e-07
9.39112e-07
7.9089e-08
8.11262e-07
-3.05185e-07
2.63767e-07
-1.15715e-07
1.43944e-08
-8.3719e-07
-3.33606e-06
1.08402e-07
2.02442e-06
1.23788e-07
1.22256e-06
1.75298e-07
4.63554e-07
1.29045e-07
2.9356e-07
4.26305e-07
2.2162e-08
7.23513e-07
4.69611e-09
9.88335e-07
2.73688e-07
1.21454e-06
3.98016e-07
1.38673e-06
2.55774e-07
1.36433e-06
-1.37882e-07
1.46043e-06
-1.46869e-07
1.33139e-06
-3.23762e-07
1.03121e-06
-5.97902e-07
9.88837e-07
-1.19058e-07
5.92198e-07
2.89907e-07
1.42698e-07
5.28589e-07
1.14619e-08
-1.73949e-07
-6.42481e-08
-4.00054e-08
7.26514e-08
-9.74089e-07
-3.26341e-06
1.57992e-07
1.86643e-06
1.80716e-07
1.19983e-06
3.23333e-07
3.20937e-07
3.7657e-07
2.40324e-07
3.73972e-07
2.47599e-08
6.55501e-07
-2.76833e-07
8.12304e-07
1.16885e-07
1.11644e-06
9.38777e-08
1.39055e-06
-1.83293e-08
1.51336e-06
-2.60692e-07
1.43459e-06
-6.81042e-08
7.39903e-07
3.70926e-07
-3.71408e-07
5.13409e-07
-7.1002e-07
2.19554e-07
-1.93389e-07
-2.26724e-07
-8.65073e-08
4.21708e-07
3.61218e-07
-6.21674e-07
3.62537e-07
-4.13246e-08
3.15989e-08
-6.43151e-07
-3.23181e-06
3.30058e-07
1.53637e-06
5.02167e-07
1.02772e-06
4.5562e-07
3.67484e-07
6.58199e-07
3.77448e-08
6.70968e-07
1.19903e-08
6.69187e-07
-2.75052e-07
8.54689e-07
-6.8617e-08
9.73094e-07
-2.45277e-08
1.16923e-06
-2.1446e-07
1.27092e-06
-3.62384e-07
1.32979e-06
-1.26977e-07
1.37523e-06
3.25492e-07
1.29453e-06
5.94107e-07
9.77119e-07
5.36962e-07
9.78765e-07
-2.2837e-07
1.0316e-06
3.68869e-07
6.97913e-07
-2.87983e-07
3.20656e-07
3.35932e-07
4.76197e-07
-7.98692e-07
-2.75561e-06
4.47352e-07
1.08902e-06
8.05913e-07
6.69161e-07
8.23276e-07
3.50122e-07
6.67344e-07
1.93676e-07
5.36363e-07
1.42972e-07
1.73797e-07
8.75134e-08
-7.51985e-08
1.80379e-07
-2.80624e-07
1.80898e-07
-6.16147e-07
1.21063e-07
-9.95524e-07
1.69928e-08
-1.1259e-06
3.40239e-09
-7.98539e-07
-1.87228e-09
-2.94747e-07
9.03146e-08
2.01213e-07
4.10018e-08
-1.59961e-07
1.32804e-07
1.43131e-07
6.57773e-08
-8.47508e-08
-6.01021e-08
3.11796e-07
-6.06147e-08
9.34088e-07
-1.42098e-06
-1.82152e-06
1.08902e-06
1.75818e-06
2.1083e-06
2.30198e-06
2.44495e-06
2.53246e-06
2.71284e-06
2.89374e-06
3.0148e-06
3.0318e-06
3.0352e-06
3.03333e-06
3.12364e-06
3.16464e-06
3.29745e-06
3.36322e-06
3.30312e-06
3.24251e-06
1.82152e-06
)
;

boundaryField
{
    movingWall
    {
        type            calculated;
        value           uniform 0;
    }
    fixedWalls
    {
        type            calculated;
        value           uniform 0;
    }
    frontAndBack
    {
        type            empty;
        value           nonuniform 0();
    }
}


// ************************************************************************* //
