/*--------------------------------*- C++ -*----------------------------------*\
| =========                 |                                                 |
| \\      /  F ield         | OpenFOAM: The Open Source CFD Toolbox           |
|  \\    /   O peration     | Version:  5.x                                   |
|   \\  /    A nd           | Web:      www.OpenFOAM.org                      |
|    \\/     M anipulation  |                                                 |
\*---------------------------------------------------------------------------*/
FoamFile
{
    version     2.0;
    format      ascii;
    class       volVectorField;
    location    "15.8";
    object      U;
}
// * * * * * * * * * * * * * * * * * * * * * * * * * * * * * * * * * * * * * //

dimensions      [0 1 -1 0 0 0 0];

internalField   nonuniform List<vector> 
400
(
(-0.013443 0.00641238 0)
(-0.0323942 0.00665412 0)
(-0.0397897 0.00256483 0)
(-0.0457303 0.00262155 0)
(-0.0475996 0.000192852 0)
(-0.05029 0.00157873 0)
(-0.0515587 0.000648426 0)
(-0.0531598 0.00060495 0)
(-0.0551678 0.001179 0)
(-0.0557664 -0.000389063 0)
(-0.0575383 0.000967674 0)
(-0.0568842 -0.00129794 0)
(-0.0584431 -0.00016826 0)
(-0.056902 -0.0020325 0)
(-0.0589382 -0.00102112 0)
(-0.0560116 -0.00248338 0)
(-0.0551146 -0.00329244 0)
(-0.0475558 -0.00703762 0)
(-0.0475243 -0.0102473 0)
(-0.00476493 -0.0226081 0)
(-0.00839573 0.0318979 0)
(-0.0182659 0.0207483 0)
(-0.0193571 0.00919923 0)
(-0.0237251 0.00613297 0)
(-0.0186465 0.0021475 0)
(-0.0257331 0.00320976 0)
(-0.0201517 0.0011487 0)
(-0.024776 0.00272906 0)
(-0.0230475 0.00124041 0)
(-0.0235206 0.0020327 0)
(-0.0241304 0.000938144 0)
(-0.0233137 0.00133791 0)
(-0.022559 0.000359272 0)
(-0.0255285 0.000434465 0)
(-0.0223585 0.000252872 0)
(-0.0286164 -0.00157634 0)
(-0.0242314 -0.0018227 0)
(-0.0223191 -0.0131168 0)
(-0.0339033 -0.0213144 0)
(-0.0012929 -0.0446287 0)
(-0.00584409 0.036448 0)
(-0.00795609 0.0234342 0)
(-0.00652949 0.00976099 0)
(-0.00736509 0.00417435 0)
(-0.0039776 0.00126897 0)
(-0.00820645 0.00242164 0)
(-0.00380131 0.00136085 0)
(-0.00890119 0.00155736 0)
(-0.005135 0.00167193 0)
(-0.00933289 0.000468176 0)
(-0.00767786 0.000727248 0)
(-0.0106153 -0.00137038 0)
(-0.0104398 0.000631083 0)
(-0.0101493 -0.000668687 0)
(-0.01294 0.00183832 0)
(-0.00533825 -0.000986721 0)
(-0.0152652 -0.00311903 0)
(0.00396041 -0.001445 0)
(-0.0130383 -0.0118677 0)
(0.00186567 -0.0544333 0)
(-0.0020307 0.0428532 0)
(-0.0043842 0.0256478 0)
(-0.0010738 0.00688805 0)
(-0.00220749 0.00482193 0)
(-0.000444346 0.00277093 0)
(-0.00453114 0.00303399 0)
(-0.00188695 0.00266085 0)
(-0.00564938 0.00327741 0)
(-0.00300895 0.00243649 0)
(-0.00552913 0.00337222 0)
(-0.00378715 0.00297872 0)
(-0.00470499 0.00283351 0)
(-0.00617823 0.00119261 0)
(-0.00309652 0.000769294 0)
(-0.00790434 -0.00239406 0)
(-0.000446194 -0.00304919 0)
(-0.00912639 -0.00999076 0)
(-0.00333267 -0.0183807 0)
(-0.0130052 -0.0224736 0)
(0.00389177 -0.0604797 0)
(-0.00282123 0.0432422 0)
(-0.000501582 0.0233888 0)
(-0.00119239 0.00678015 0)
(-0.00115128 0.00334801 0)
(-0.00107553 0.00316391 0)
(-0.00284947 0.00327825 0)
(-0.00243358 0.00269751 0)
(-0.00349795 0.0023308 0)
(-0.00335482 0.00183117 0)
(-0.00264474 0.00122034 0)
(-0.00275043 0.00023716 0)
(-0.0014133 0.000667764 0)
(-0.00508154 -0.000258999 0)
(5.78941e-05 0.000309359 0)
(-0.00787623 0.000188375 0)
(-0.00190918 0.000354355 0)
(-0.00978117 0.00215231 0)
(0.00256142 -0.00139735 0)
(-0.00559981 -0.0105191 0)
(0.0034256 -0.0627079 0)
(0.000257482 0.0447053 0)
(-0.00116436 0.0246786 0)
(-0.000654571 0.00619424 0)
(-0.00169891 0.00508351 0)
(-0.00291391 0.00406046 0)
(-0.00333698 0.00453445 0)
(-0.00398519 0.00342011 0)
(-0.00401541 0.00352648 0)
(-0.00445382 0.00233236 0)
(-0.00310865 0.00193826 0)
(-0.00321446 0.00261245 0)
(-0.00181226 0.00434469 0)
(-0.00566969 0.000368764 0)
(-5.55342e-05 0.00287849 0)
(-0.00733435 0.000403006 0)
(0.000317435 -0.00320717 0)
(-0.00779386 -0.0141578 0)
(-0.00183372 -0.0222114 0)
(-0.00728774 -0.0283494 0)
(0.0029256 -0.066478 0)
(-0.00190618 0.0439667 0)
(0.00171572 0.02274 0)
(-0.00107976 0.00823358 0)
(-0.000614204 0.00517182 0)
(-0.00174685 0.00522337 0)
(-0.00191733 0.0044287 0)
(-0.00338939 0.00399471 0)
(-0.00386248 0.00268672 0)
(-0.00303512 0.00116769 0)
(0.000893515 -0.000472087 0)
(-0.00255251 -0.000775383 0)
(-0.00210358 0.00302693 0)
(-0.00586491 -0.0014159 0)
(0.00151245 0.000875765 0)
(-0.00764518 0.000937735 0)
(0.00289491 1.38576e-05 0)
(-0.0073732 0.00644617 0)
(0.00184804 -0.00341539 0)
(-0.00250953 -0.00999062 0)
(0.00333668 -0.0645442 0)
(-8.09178e-05 0.0450277 0)
(-0.000692998 0.0259572 0)
(-0.00119227 0.00756598 0)
(-0.00149595 0.00696993 0)
(-0.00347878 0.00439158 0)
(-0.00443776 0.00634548 0)
(-0.00417378 0.00496209 0)
(-0.00438791 0.00238328 0)
(-0.00296095 -0.00166721 0)
(-0.000669788 0.00119681 0)
(-0.00410326 0.00643845 0)
(-0.00887568 0.00582335 0)
(-0.00854669 -0.00253368 0)
(-0.00421987 0.00501869 0)
(-0.0078532 -0.000498474 0)
(-0.0057263 -0.00387401 0)
(-0.00792737 -0.012235 0)
(0.00112819 -0.0275017 0)
(-0.0065693 -0.0331944 0)
(0.00297734 -0.0695544 0)
(-0.00106608 0.0430811 0)
(0.000895214 0.0222925 0)
(-0.00103263 0.00853584 0)
(-0.00104374 0.00632028 0)
(-0.00146752 0.00858184 0)
(-0.00472582 0.00499764 0)
(-0.00290042 0.00440506 0)
(-0.00213579 0.00111304 0)
(-0.00216317 -0.00277029 0)
(-0.00527623 0.000277375 0)
(-0.0073483 0.00781064 0)
(-0.00882876 0.00873326 0)
(-0.00530638 -0.00666834 0)
(-0.00109256 -0.00110214 0)
(-0.00662026 0.00297476 0)
(0.000124463 -0.00192895 0)
(-0.00330943 -0.000974508 0)
(0.00562104 -0.00601254 0)
(-0.00384068 -0.0114804 0)
(0.00418165 -0.0643136 0)
(0.000474572 0.0464466 0)
(-0.00109864 0.0276945 0)
(-0.000929439 0.0103677 0)
(-0.000449119 0.00908725 0)
(-0.0047649 0.00857043 0)
(-0.005646 0.0080668 0)
(-0.0090879 0.00318964 0)
(-0.00787639 0.00146627 0)
(-0.0124178 0.0023127 0)
(-0.0121322 0.00668432 0)
(-0.0109772 0.00978388 0)
(-0.016359 0.00195198 0)
(-0.00492841 -0.0109525 0)
(-0.00518544 0.00727708 0)
(-0.00369332 0.000272623 0)
(0.00120019 -0.00670293 0)
(-0.00562749 -0.0146867 0)
(0.00717189 -0.0253076 0)
(-0.00498135 -0.0286971 0)
(0.00541868 -0.0698498 0)
(-0.00129353 0.0423727 0)
(0.000149006 0.0222174 0)
(-0.000293657 0.00615282 0)
(-0.00469845 0.00862629 0)
(-0.00763511 0.0125489 0)
(-0.00562159 0.00809836 0)
(-0.0104087 0.00585793 0)
(-0.0160877 0.00308926 0)
(-0.0175031 0.0014477 0)
(-0.0150566 0.000818162 0)
(-0.00765072 0.0120005 0)
(-0.00635791 0.00494312 0)
(-0.00090709 -0.0181471 0)
(0.00478037 -0.00529685 0)
(0.00199776 -0.00259834 0)
(0.00369951 -0.00330675 0)
(-0.00789558 -0.00829376 0)
(-0.00380996 -0.0106691 0)
(-0.00646412 -0.0109263 0)
(0.00602927 -0.066429 0)
(0.00101119 0.0480546 0)
(-1.12019e-05 0.0291432 0)
(0.00082571 0.0163763 0)
(-0.00356132 0.0179991 0)
(-0.000837523 0.0118951 0)
(-0.000289113 0.011475 0)
(-0.007279 0.0140781 0)
(-0.0138188 0.00837072 0)
(-0.0186922 0.00296814 0)
(-0.0175925 -0.00445898 0)
(-0.0155741 -0.000758549 0)
(-0.00236402 -0.00355116 0)
(-0.00375002 -0.0198879 0)
(0.00289139 0.00378752 0)
(-0.000463565 0.00331635 0)
(0.0109877 0.00315479 0)
(0.00128421 -0.003339 0)
(0.000852087 -0.0264197 0)
(-0.00740161 -0.0369622 0)
(0.00684862 -0.0711054 0)
(-0.00139557 0.0425404 0)
(0.000706519 0.0203023 0)
(-0.0018057 0.00882422 0)
(0.00217848 0.00815445 0)
(0.00665361 0.00861258 0)
(0.0022557 0.0121857 0)
(0.00018623 0.018198 0)
(-0.000325247 0.0114843 0)
(-0.00777541 0.00771876 0)
(-0.00218026 -0.00341347 0)
(-0.00754281 -0.00479159 0)
(-0.00262507 -0.00870916 0)
(-0.000224787 -0.0269592 0)
(0.000274965 -0.00985435 0)
(-0.000809975 -0.0103956 0)
(0.00820043 -0.00741432 0)
(-0.0031835 0.00241501 0)
(0.00867036 -0.00655744 0)
(-0.00743721 -0.0164685 0)
(0.0076481 -0.0663144 0)
(0.00113449 0.045946 0)
(0.00230259 0.0297554 0)
(0.00150816 0.0153057 0)
(0.00521741 0.0107991 0)
(0.00242822 0.013129 0)
(0.00897344 0.0180348 0)
(0.00718989 0.0200134 0)
(0.0135306 0.0157935 0)
(0.00493414 0.0089928 0)
(0.0129137 -0.00411421 0)
(0.00371716 -0.00202926 0)
(0.00646046 -0.00925135 0)
(0.00884836 -0.0169721 0)
(-0.00556619 0.00446445 0)
(0.0050507 -0.00075172 0)
(-0.00695461 0.0037269 0)
(-0.00078864 -0.00134137 0)
(0.0143256 -0.019397 0)
(-0.00596714 -0.0328482 0)
(0.00947585 -0.0688121 0)
(0.000190703 0.0417902 0)
(0.00073458 0.022646 0)
(0.00191185 0.00660248 0)
(0.00156242 0.00572864 0)
(0.00764975 0.00740908 0)
(0.0104506 0.00585466 0)
(0.0154418 0.0145197 0)
(0.0265537 0.0131855 0)
(0.0137856 0.00971824 0)
(0.0330246 -0.00229814 0)
(0.0142269 -0.0017599 0)
(0.0267984 -0.0077821 0)
(0.0205003 -0.0211734 0)
(0.0195195 -0.00595084 0)
(0.0248279 -0.0105014 0)
(0.0190144 -0.00400689 0)
(0.0157463 -0.0172391 0)
(0.0189189 -0.00922791 0)
(-0.00922507 -0.0114117 0)
(0.00994794 -0.0655474 0)
(0.00102081 0.0421405 0)
(0.00293797 0.0258128 0)
(0.00168664 0.0133273 0)
(0.00602232 0.0044051 0)
(-0.0015537 0.00470924 0)
(0.0200854 0.00626013 0)
(0.00721496 0.00760121 0)
(0.0331898 0.012158 0)
(0.0147074 0.00888167 0)
(0.0393117 -0.0034202 0)
(0.0165267 6.77353e-05 0)
(0.0407666 -0.0114291 0)
(0.0152499 -0.0170425 0)
(0.0234989 -0.000689778 0)
(0.016147 0.00658304 0)
(0.00972458 0.00792168 0)
(-0.00488493 0.00678477 0)
(0.00543075 0.0054952 0)
(-0.00777539 -0.0199675 0)
(0.010295 -0.0691122 0)
(0.00291109 0.0386944 0)
(0.00280402 0.0225212 0)
(0.00401123 0.00510912 0)
(0.00978956 0.00696805 0)
(0.00448143 -0.00369659 0)
(0.0114008 -0.00613645 0)
(0.0138561 0.0038071 0)
(0.0186799 0.0042535 0)
(0.0255577 0.000789345 0)
(0.0290135 -0.00160366 0)
(0.0286984 -0.00517437 0)
(0.0323781 0.000731154 0)
(-0.00109854 -0.00432694 0)
(-0.0167356 -0.00533079 0)
(-0.00808936 0.00396769 0)
(-0.000235112 0.011253 0)
(-0.00377998 -0.0151867 0)
(0.0192675 -0.00774862 0)
(-0.0062433 -0.0230394 0)
(0.0080364 -0.0655643 0)
(0.00214903 0.0352553 0)
(0.0097953 0.024522 0)
(0.0106472 0.00827793 0)
(0.00816068 0.00220846 0)
(0.0186352 0.00455334 0)
(0.00808886 -0.0056047 0)
(0.0185349 0.00037265 0)
(0.0166313 -0.000763756 0)
(0.0231684 -0.00153902 0)
(0.0229009 -0.00853854 0)
(0.0250776 0.00215833 0)
(0.029584 0.0114378 0)
(0.0279342 0.022378 0)
(0.0241191 0.0159037 0)
(0.0167687 -0.0119595 0)
(0.019547 0.00635969 0)
(0.0234586 -0.00810561 0)
(0.00431512 0.00694341 0)
(0.00819584 0.00128136 0)
(0.0124593 -0.0594898 0)
(0.00650973 0.0274205 0)
(0.00993667 0.0163542 0)
(0.0205318 0.00558458 0)
(0.0141927 -0.000387295 0)
(0.0118636 -0.00390378 0)
(0.0104352 -0.00434489 0)
(-0.00385496 -0.00272385 0)
(0.00110659 1.81718e-05 0)
(-0.011476 -0.00643242 0)
(-0.0143408 -0.00769774 0)
(-0.029423 -0.00885132 0)
(-0.0116493 0.000627464 0)
(-0.0197525 0.00220835 0)
(0.0092652 0.00573264 0)
(-0.00186909 0.00252276 0)
(-0.00597905 0.0073456 0)
(0.0134473 -0.00227263 0)
(-0.0182751 0.00328886 0)
(0.031537 -0.0384659 0)
(0.0111415 -0.0593319 0)
(0.00799947 0.0188309 0)
(0.0337408 0.0125901 0)
(0.0335337 0.00972056 0)
(0.0520466 0.00755888 0)
(0.0425485 0.0090868 0)
(0.0554346 0.00728124 0)
(0.0483381 0.0093 0)
(0.0578615 0.00631552 0)
(0.0555996 0.0104563 0)
(0.0633774 0.0087119 0)
(0.0598045 0.00968919 0)
(0.0641302 -0.000265179 0)
(0.0589093 0.00233239 0)
(0.0638701 -0.00452222 0)
(0.062939 0.00245552 0)
(0.0651676 -0.00407042 0)
(0.0668979 -0.000623712 0)
(0.0627443 -0.0043175 0)
(0.0589001 -0.0108637 0)
(0.0248179 -0.00257731 0)
)
;

boundaryField
{
    movingWall
    {
        type            fixedValue;
        value           uniform (1 0 0);
    }
    fixedWalls
    {
        type            noSlip;
    }
    frontAndBack
    {
        type            empty;
    }
}


// ************************************************************************* //
