/*--------------------------------*- C++ -*----------------------------------*\
| =========                 |                                                 |
| \\      /  F ield         | OpenFOAM: The Open Source CFD Toolbox           |
|  \\    /   O peration     | Version:  5.x                                   |
|   \\  /    A nd           | Web:      www.OpenFOAM.org                      |
|    \\/     M anipulation  |                                                 |
\*---------------------------------------------------------------------------*/
FoamFile
{
    version     2.0;
    format      ascii;
    class       volScalarField;
    location    "6.5";
    object      p;
}
// * * * * * * * * * * * * * * * * * * * * * * * * * * * * * * * * * * * * * //

dimensions      [0 2 -2 0 0 0 0];

internalField   nonuniform List<scalar> 
400
(
7.10094e-11
1.95501e-05
5.89347e-05
0.000106467
0.000100616
-8.10445e-05
-0.000373267
-0.00061742
-0.00084897
-0.00102437
-0.00100196
-0.000919855
-0.000849939
-0.000664609
-0.000430662
-0.000280431
-0.000176571
1.77547e-05
0.00033277
0.000980405
-4.01354e-05
-3.39609e-05
-2.58177e-05
-3.09249e-05
-9.90211e-05
-0.000284239
-0.00045276
-0.000571081
-0.000833277
-0.00114456
-0.00116214
-0.00101527
-0.000928074
-0.000761021
-0.00051106
-0.000339412
-0.000297759
-0.000215038
-5.20185e-05
0.000397521
-9.22725e-05
-9.34462e-05
-9.97501e-05
-0.00012255
-0.000180832
-0.000298739
-0.000467408
-0.000674912
-0.000991771
-0.00112849
-0.00109509
-0.000993625
-0.000879506
-0.000706114
-0.000525503
-0.000390378
-0.000353724
-0.00029788
-0.00024347
4.96316e-07
-0.000146341
-0.000151809
-0.00016545
-0.000193873
-0.000247144
-0.000338198
-0.000466302
-0.000616579
-0.000765756
-0.000864684
-0.000900065
-0.000868988
-0.000786819
-0.000660149
-0.000541159
-0.000427976
-0.000404755
-0.000357443
-0.000365311
-0.000242634
-0.000195394
-0.000202709
-0.000219031
-0.000247459
-0.000295196
-0.000365375
-0.000456002
-0.000556132
-0.000654314
-0.000732512
-0.000765608
-0.000747298
-0.000687414
-0.000600678
-0.000532533
-0.000446987
-0.000444565
-0.00038484
-0.000428707
-0.000340826
-0.000236809
-0.00024447
-0.00026072
-0.00028738
-0.000326954
-0.000379962
-0.000444135
-0.00051269
-0.000578236
-0.000625852
-0.00064396
-0.000626347
-0.000606845
-0.000553472
-0.000518779
-0.000448203
-0.000455876
-0.000386337
-0.000433357
-0.000356519
-0.000270482
-0.000277858
-0.000292952
-0.000316399
-0.000348644
-0.00038911
-0.000435709
-0.000483788
-0.000528837
-0.000562012
-0.000580484
-0.000577465
-0.000563639
-0.000523992
-0.000510167
-0.00045027
-0.000468714
-0.000397768
-0.000435913
-0.000388623
-0.000296955
-0.000303937
-0.00031754
-0.000337544
-0.00036364
-0.000394789
-0.000429515
-0.000464099
-0.00049614
-0.000519164
-0.000533799
-0.000529411
-0.000525656
-0.000494168
-0.000496068
-0.000442072
-0.000470967
-0.000400771
-0.00046931
-0.000396403
-0.000316837
-0.0003237
-0.000336259
-0.00035368
-0.000375181
-0.000399751
-0.000426146
-0.000451875
-0.0004756
-0.000493118
-0.000505865
-0.000506401
-0.000507903
-0.000485369
-0.000493571
-0.0004479
-0.000483318
-0.000411348
-0.000488598
-0.000411486
-0.000330969
-0.000338889
-0.00035084
-0.000366028
-0.000383695
-0.000402764
-0.000423054
-0.000442086
-0.000460024
-0.000471962
-0.000482967
-0.000478559
-0.00048708
-0.000460868
-0.000481109
-0.000432919
-0.000475737
-0.000407897
-0.000472339
-0.00040988
-0.000339262
-0.000348738
-0.000361812
-0.000376424
-0.000391963
-0.000408173
-0.000424313
-0.000439386
-0.00045323
-0.00046319
-0.000473007
-0.00047388
-0.000481729
-0.000470425
-0.000482598
-0.000452185
-0.000481812
-0.000429416
-0.000487837
-0.000418537
-0.000342595
-0.000359686
-0.000372695
-0.000386623
-0.00039852
-0.000409614
-0.000422078
-0.000432021
-0.000443035
-0.000448489
-0.000457359
-0.000452667
-0.000463139
-0.000442791
-0.000465642
-0.000429272
-0.00047796
-0.000427539
-0.000511555
-0.000456994
-0.000340198
-0.000364226
-0.00038098
-0.000394069
-0.000407128
-0.00041945
-0.000428903
-0.000437591
-0.00044498
-0.00045106
-0.000457782
-0.00045893
-0.000467208
-0.000461612
-0.000477323
-0.000460183
-0.000483972
-0.000443579
-0.000515156
-0.000423881
-0.00035112
-0.000404021
-0.000395658
-0.000412158
-0.000415488
-0.000419891
-0.000425049
-0.000427474
-0.000434372
-0.000436103
-0.000443077
-0.000439506
-0.000446521
-0.000434103
-0.000440119
-0.000422567
-0.000456974
-0.000409467
-0.00044513
-0.00039713
-0.000402071
-0.000475422
-0.00041546
-0.00042162
-0.000433743
-0.000437862
-0.000434867
-0.000440564
-0.000440108
-0.00044836
-0.000448605
-0.000456167
-0.000454167
-0.000460373
-0.000475574
-0.000467829
-0.000499427
-0.00044019
-0.00052644
-0.000440112
-0.000542326
-0.000533311
-0.000443895
-0.000466519
-0.000443481
-0.00042851
-0.000426327
-0.000424687
-0.000430317
-0.000428824
-0.000436869
-0.000434636
-0.000444108
-0.000443982
-0.00042855
-0.000409024
-0.000407558
-0.000416045
-0.000419193
-0.000382125
-0.000321312
-0.000449119
-0.000467127
-0.000409075
-0.000429462
-0.000419067
-0.000419443
-0.000433172
-0.000430915
-0.000446607
-0.000445972
-0.000456441
-0.000445948
-0.000480618
-0.000446637
-0.000471845
-0.000551113
-0.000428054
-0.000532307
-0.00034612
-0.000344934
-0.000545428
-0.000454354
-0.00040627
-0.00042943
-0.000405525
-0.000419581
-0.000414513
-0.000431254
-0.000430244
-0.000437284
-0.000440027
-0.000442563
-0.000443741
-0.000441143
-0.000525468
-0.000441631
-0.000331435
-0.000305299
-0.000155256
-0.000303697
-0.000439437
-0.000465127
-0.000450932
-0.000418541
-0.000407134
-0.000410523
-0.000411466
-0.000428433
-0.000426647
-0.000450758
-0.000431084
-0.000490062
-0.000424996
-0.000457803
-0.000513268
-0.00040219
-0.000506268
-0.000384078
0.00011953
-0.000465192
-0.000423873
-0.000374258
-0.00043797
-0.000398856
-0.00039969
-0.000402822
-0.000406367
-0.000406262
-0.000412173
-0.000415899
-0.000411459
-0.000407064
-0.000403898
-0.000433306
-0.000440952
-0.000402028
-0.000180919
0.000217031
0.00148253
)
;

boundaryField
{
    movingWall
    {
        type            zeroGradient;
    }
    fixedWalls
    {
        type            zeroGradient;
    }
    frontAndBack
    {
        type            empty;
    }
}


// ************************************************************************* //
