/*--------------------------------*- C++ -*----------------------------------*\
| =========                 |                                                 |
| \\      /  F ield         | OpenFOAM: The Open Source CFD Toolbox           |
|  \\    /   O peration     | Version:  5.x                                   |
|   \\  /    A nd           | Web:      www.OpenFOAM.org                      |
|    \\/     M anipulation  |                                                 |
\*---------------------------------------------------------------------------*/
FoamFile
{
    version     2.0;
    format      ascii;
    class       volScalarField;
    location    "4.1";
    object      p;
}
// * * * * * * * * * * * * * * * * * * * * * * * * * * * * * * * * * * * * * //

dimensions      [0 2 -2 0 0 0 0];

internalField   nonuniform List<scalar> 
400
(
-1.74851e-10
2.28195e-07
7.83476e-07
1.67994e-06
3.0006e-06
4.85488e-06
7.40389e-06
1.08774e-05
1.56058e-05
2.20678e-05
3.09648e-05
4.33437e-05
6.08006e-05
8.58309e-05
0.000122476
0.000177557
0.000261929
0.000388587
0.000578916
0.000904372
-4.63868e-07
-2.65908e-07
2.23971e-07
1.0145e-06
2.17767e-06
3.80556e-06
6.03262e-06
9.04783e-06
1.31186e-05
1.86269e-05
2.61284e-05
3.64464e-05
5.08319e-05
7.12356e-05
0.000100832
0.000145564
0.000216686
0.00032701
0.000500916
0.000907719
-1.45895e-06
-1.32027e-06
-9.57064e-07
-3.70575e-07
4.90155e-07
1.68465e-06
3.29707e-06
5.4401e-06
8.26577e-06
1.19808e-05
1.68705e-05
2.33364e-05
3.19627e-05
4.36077e-05
5.94446e-05
8.18305e-05
0.000120333
0.000179658
0.000197998
0.000663298
-2.88657e-06
-2.83076e-06
-2.64393e-06
-2.33967e-06
-1.89412e-06
-1.28973e-06
-5.07263e-07
4.6746e-07
1.63741e-06
2.98214e-06
4.43543e-06
5.84283e-06
6.88512e-06
6.89033e-06
3.96125e-06
-7.48703e-06
-3.03383e-05
-3.4109e-05
-0.00041323
0.000103569
-4.63919e-06
-4.68298e-06
-4.70614e-06
-4.73424e-06
-4.77169e-06
-4.84516e-06
-5.00418e-06
-5.33875e-06
-6.00297e-06
-7.25519e-06
-9.52692e-06
-1.35454e-05
-2.05431e-05
-3.26287e-05
-5.35555e-05
-9.32269e-05
-0.000178852
-0.000174331
-0.0005416
-0.000345274
-6.5809e-06
-6.73473e-06
-6.98524e-06
-7.36648e-06
-7.90708e-06
-8.67202e-06
-9.77202e-06
-1.13887e-05
-1.38116e-05
-1.74975e-05
-2.3169e-05
-3.19846e-05
-4.58057e-05
-6.76905e-05
-0.00010221
-0.000149214
-0.000265679
-0.000309756
-0.000404786
-0.000461583
-8.56292e-06
-8.83564e-06
-9.31819e-06
-1.00496e-05
-1.10708e-05
-1.24739e-05
-1.44135e-05
-1.71384e-05
-2.10338e-05
-2.66904e-05
-3.50033e-05
-4.7368e-05
-6.59524e-05
-9.34245e-05
-0.000139512
-0.000186572
-0.000322094
-0.000428901
-0.000528193
-0.000583813
-1.04301e-05
-1.0833e-05
-1.15454e-05
-1.2606e-05
-1.40556e-05
-1.59914e-05
-1.85909e-05
-2.21314e-05
-2.70376e-05
-3.39423e-05
-4.37583e-05
-5.77173e-05
-7.91748e-05
-0.000103825
-0.000161163
-0.000198211
-0.00033659
-0.000437782
-0.000594992
-0.000580459
-1.20189e-05
-1.26086e-05
-1.35485e-05
-1.49508e-05
-1.67552e-05
-1.90936e-05
-2.21186e-05
-2.61243e-05
-3.15188e-05
-3.89074e-05
-4.92776e-05
-6.21513e-05
-8.66869e-05
-0.00010217
-0.000164184
-0.000185609
-0.000299486
-0.000363406
-0.000423502
-0.000401663
-1.31601e-05
-1.39957e-05
-1.51548e-05
-1.6888e-05
-1.89752e-05
-2.15592e-05
-2.47714e-05
-2.88727e-05
-3.424e-05
-4.11939e-05
-5.18156e-05
-6.0147e-05
-8.70857e-05
-9.39759e-05
-0.000147602
-0.000164468
-0.000239617
-0.000266705
-0.000305432
-0.000282615
-1.36154e-05
-1.50561e-05
-1.64492e-05
-1.90352e-05
-2.11713e-05
-2.40823e-05
-2.70551e-05
-3.09008e-05
-3.57758e-05
-4.09512e-05
-5.24436e-05
-5.59118e-05
-8.05447e-05
-8.50412e-05
-0.000125622
-0.000134149
-0.00019148
-0.00020524
-0.00026881
-0.000229689
-1.32019e-05
-1.54925e-05
-1.71676e-05
-1.96011e-05
-2.19409e-05
-2.44682e-05
-2.74231e-05
-3.07128e-05
-3.53324e-05
-3.83581e-05
-4.94977e-05
-4.97509e-05
-6.89724e-05
-6.90517e-05
-0.000100391
-9.28285e-05
-0.000139012
-0.000110218
-0.000155442
-0.00010554
-1.08429e-05
-1.44968e-05
-1.79249e-05
-2.22766e-05
-2.48219e-05
-2.86015e-05
-3.01022e-05
-3.29933e-05
-3.59506e-05
-3.74919e-05
-4.51212e-05
-4.44817e-05
-5.87638e-05
-5.4117e-05
-7.78591e-05
-6.22539e-05
-9.30818e-05
-4.45957e-05
-5.91179e-05
4.20799e-06
-7.83311e-06
-1.87714e-05
-1.88553e-05
-2.26358e-05
-2.44204e-05
-2.59938e-05
-2.76346e-05
-2.88389e-05
-3.13515e-05
-3.20092e-05
-3.71337e-05
-3.50642e-05
-4.57526e-05
-3.5282e-05
-5.58378e-05
-2.30645e-05
-5.99394e-05
8.62271e-06
-4.4758e-05
3.78169e-05
1.8378e-06
-9.42174e-06
-1.74135e-05
-2.69959e-05
-3.06654e-05
-3.47994e-05
-3.34559e-05
-3.4591e-05
-3.41032e-05
-3.33047e-05
-3.53972e-05
-3.11614e-05
-3.91179e-05
-2.66924e-05
-4.31448e-05
-1.67359e-05
-4.4883e-05
1.47481e-05
-6.51706e-05
6.11282e-05
3.16702e-06
-3.71419e-05
-2.48438e-05
-3.15592e-05
-3.06573e-05
-2.84642e-05
-2.72433e-05
-2.59865e-05
-2.51922e-05
-2.40328e-05
-2.45762e-05
-2.01567e-05
-2.43817e-05
-9.89646e-06
-2.04356e-05
1.9536e-05
-3.97699e-06
5.81768e-05
1.34963e-05
0.000114073
2.30632e-05
-3.6661e-05
-2.78415e-05
-4.77397e-05
-4.59006e-05
-4.76015e-05
-3.81594e-05
-3.55311e-05
-3.29565e-05
-3.08636e-05
-2.7009e-05
-2.29609e-05
-2.52864e-05
-1.36838e-05
-1.92701e-05
8.27777e-07
-2.92468e-05
4.41572e-05
-1.06497e-05
0.000155938
-1.46557e-05
-0.000159392
-6.66239e-05
-4.57499e-05
-4.0395e-05
-3.22472e-05
-2.63605e-05
-2.36749e-05
-1.748e-05
-1.5499e-05
-1.16952e-05
-8.43272e-06
-6.13172e-06
1.39522e-07
-8.04839e-06
1.03543e-05
5.4121e-05
5.2078e-05
0.000136161
0.000297199
4.74682e-05
-8.88735e-05
-5.36572e-05
-3.23401e-05
-2.4887e-05
-3.20943e-05
-3.13022e-05
-2.69737e-05
-2.87244e-05
-3.78317e-05
-1.93415e-05
-1.98068e-05
-2.19679e-05
-1.35885e-05
-1.02606e-05
-4.41392e-05
-5.9428e-06
4.79289e-05
3.25341e-06
0.000592057
-8.60398e-05
-5.91925e-05
4.34605e-06
-3.46032e-05
-6.47805e-06
-1.44286e-05
-7.71133e-06
3.41871e-06
-9.55579e-06
-8.7066e-06
-6.91523e-07
-1.14828e-06
4.91664e-06
1.56332e-05
3.11159e-05
5.01028e-05
3.81331e-05
0.000314876
0.000710906
0.00193311
)
;

boundaryField
{
    movingWall
    {
        type            zeroGradient;
    }
    fixedWalls
    {
        type            zeroGradient;
    }
    frontAndBack
    {
        type            empty;
    }
}


// ************************************************************************* //
