/*--------------------------------*- C++ -*----------------------------------*\
| =========                 |                                                 |
| \\      /  F ield         | OpenFOAM: The Open Source CFD Toolbox           |
|  \\    /   O peration     | Version:  5.x                                   |
|   \\  /    A nd           | Web:      www.OpenFOAM.org                      |
|    \\/     M anipulation  |                                                 |
\*---------------------------------------------------------------------------*/
FoamFile
{
    version     2.0;
    format      ascii;
    class       volVectorField;
    location    "9.8";
    object      U;
}
// * * * * * * * * * * * * * * * * * * * * * * * * * * * * * * * * * * * * * //

dimensions      [0 1 -1 0 0 0 0];

internalField   nonuniform List<vector> 
400
(
(-0.0118373 0.00589934 0)
(-0.0272658 0.00464662 0)
(-0.0380019 0.0013028 0)
(-0.0409455 -0.00274429 0)
(-0.0426855 -0.000955695 0)
(-0.0448979 -0.000803415 0)
(-0.0461121 -0.00126028 0)
(-0.048464 -0.00267317 0)
(-0.0466577 -0.00266456 0)
(-0.0458968 2.72461e-05 0)
(-0.0502671 -0.000777202 0)
(-0.0473405 -0.00400969 0)
(-0.0449133 -7.48738e-05 0)
(-0.0509994 -0.0012351 0)
(-0.0457578 -0.0032858 0)
(-0.0467114 -0.00120005 0)
(-0.047083 -0.00271689 0)
(-0.03826 -0.0054258 0)
(-0.0413271 -0.0083981 0)
(-0.00145663 -0.0151399 0)
(-0.00684339 0.0272155 0)
(-0.0124206 0.0200054 0)
(-0.016041 0.0126396 0)
(-0.0167267 0.00760899 0)
(-0.0188275 0.00456375 0)
(-0.0188209 0.00378341 0)
(-0.0184653 0.00327764 0)
(-0.0198443 0.00301654 0)
(-0.0194605 0.00182272 0)
(-0.0199641 0.00182223 0)
(-0.0204348 0.00199863 0)
(-0.0188564 0.000519698 0)
(-0.0209566 0.00227376 0)
(-0.017795 0.000393188 0)
(-0.0211742 0.0014052 0)
(-0.0157442 -0.000794835 0)
(-0.0233231 -0.00165235 0)
(-0.0164213 -0.0100056 0)
(-0.0285238 -0.0203732 0)
(-0.00362124 -0.0388391 0)
(-0.00496905 0.02962 0)
(-0.00968428 0.018447 0)
(-0.0119749 0.00914402 0)
(-0.0126499 0.00353633 0)
(-0.0111073 0.000555435 0)
(-0.0107108 -8.33257e-05 0)
(-0.00881475 -0.000771457 0)
(-0.00768107 -0.00112352 0)
(-0.00659725 -0.00140855 0)
(-0.00464054 -0.00107365 0)
(-0.00601655 -0.00107942 0)
(-0.00170009 -0.00228615 0)
(-0.00670178 -0.00131312 0)
(0.000710985 -0.0025502 0)
(-0.00723599 -0.00190631 0)
(0.00225981 -0.00279336 0)
(-0.00749526 0.000631353 0)
(0.00215912 5.01058e-05 0)
(-0.0076937 -0.00804257 0)
(0.000586903 -0.0440341 0)
(-0.00368975 0.0377153 0)
(-0.00763874 0.0256247 0)
(-0.0118316 0.0143719 0)
(-0.0131134 0.00628793 0)
(-0.010643 0.00159515 0)
(-0.0103963 0.00135124 0)
(-0.00763202 -0.000183195 0)
(-0.00596838 -0.00030147 0)
(-0.00530169 -0.000192711 0)
(-0.00274566 -5.09593e-05 0)
(-0.00369206 0.000171397 0)
(-0.000759162 3.30609e-05 0)
(-0.00335432 0.000665163 0)
(-0.000411443 0.000266101 0)
(-0.00390007 0.000763771 0)
(-0.00180134 -0.000788294 0)
(-0.0055849 -0.00122007 0)
(-0.0015254 -0.0112389 0)
(-0.00881411 -0.0204098 0)
(0.00206778 -0.0503256 0)
(-0.00254662 0.0405109 0)
(-0.00942239 0.0267762 0)
(-0.0138264 0.0149836 0)
(-0.0152396 0.00383768 0)
(-0.012929 -0.00228647 0)
(-0.0112899 -0.00315683 0)
(-0.00822604 -0.00419988 0)
(-0.00642159 -0.00388404 0)
(-0.00567679 -0.00356812 0)
(-0.00288906 -0.00330977 0)
(-0.00400005 -0.00249904 0)
(-0.000109292 -0.00297226 0)
(-0.00289719 -0.00133574 0)
(0.00204769 -0.0028983 0)
(-0.00154989 4.2881e-05 0)
(0.00386595 -0.0028666 0)
(-0.00026885 0.00125162 0)
(0.00434172 0.000432057 0)
(-0.00272714 -0.00735025 0)
(0.00267665 -0.0488973 0)
(-0.00217986 0.0479018 0)
(-0.00882427 0.0360628 0)
(-0.0138293 0.0203682 0)
(-0.0155208 0.0055494 0)
(-0.013549 -0.0032249 0)
(-0.0104715 -0.00479414 0)
(-0.00760977 -0.00495565 0)
(-0.00442849 -0.00423163 0)
(-0.00430969 -0.00329765 0)
(-0.00111896 -0.00280052 0)
(-0.00286001 -0.00174772 0)
(0.000359071 -0.00161449 0)
(-0.00245317 -0.000772387 0)
(0.0010077 -0.00103527 0)
(-0.00279292 -0.000315785 0)
(0.00179485 -0.00199359 0)
(-0.00429812 -0.000683153 0)
(0.0033866 -0.00792385 0)
(-0.0043886 -0.0181633 0)
(0.00390127 -0.0523968 0)
(-0.00418435 0.0510152 0)
(-0.00689534 0.0373428 0)
(-0.0120767 0.0218908 0)
(-0.0143066 0.00415984 0)
(-0.0122765 -0.0076827 0)
(-0.00950545 -0.0100534 0)
(-0.00673606 -0.00919002 0)
(-0.00382599 -0.00765617 0)
(-0.0036445 -0.00617483 0)
(-0.00056363 -0.00532559 0)
(-0.00225737 -0.00383572 0)
(0.00153779 -0.00405188 0)
(-0.00154913 -0.00202989 0)
(0.002956 -0.00344466 0)
(-0.00130249 -0.000600461 0)
(0.00391886 -0.00272356 0)
(-0.00145955 -7.50986e-05 0)
(0.00398188 -0.00156216 0)
(-0.0036393 -0.00979719 0)
(0.00325866 -0.0500356 0)
(-0.00035009 0.0582833 0)
(-0.00234657 0.0444958 0)
(-0.00669093 0.0293095 0)
(-0.00861912 0.00732201 0)
(-0.00832614 -0.0083956 0)
(-0.00620415 -0.0120268 0)
(-0.00431681 -0.0101838 0)
(-0.00173375 -0.00761852 0)
(-0.00244052 -0.00580123 0)
(0.000334629 -0.00406793 0)
(-0.00196896 -0.00305114 0)
(0.00151153 -0.00200344 0)
(-0.00218737 -0.00142185 0)
(0.0024054 -0.00122109 0)
(-0.00276713 -0.000310438 0)
(0.00347839 -0.00178917 0)
(-0.00378273 0.000238696 0)
(0.0042404 -0.00486094 0)
(-0.0036403 -0.0143333 0)
(0.00492273 -0.0521633 0)
(0.00291143 0.054223 0)
(-0.000900765 0.0435807 0)
(-0.000719434 0.0284206 0)
(-0.00207205 0.00604462 0)
(-0.00236376 -0.0100996 0)
(-0.00102396 -0.0148513 0)
(-0.000213267 -0.0131144 0)
(0.00179288 -0.0103733 0)
(0.000894889 -0.00838625 0)
(0.00279059 -0.00682011 0)
(0.000304459 -0.005362 0)
(0.00338147 -0.00467245 0)
(-0.000479652 -0.00328919 0)
(0.00412811 -0.00368983 0)
(-0.00163954 -0.00178317 0)
(0.00463409 -0.00269076 0)
(-0.00263999 -0.000770517 0)
(0.00476531 -0.00336127 0)
(-0.00493645 -0.0128627 0)
(0.00371788 -0.0510204 0)
(0.00268942 0.0563559 0)
(0.00497588 0.0482084 0)
(0.00705289 0.0316962 0)
(0.00789295 0.0101041 0)
(0.00807527 -0.00834336 0)
(0.00673663 -0.0142284 0)
(0.00325431 -0.0122096 0)
(0.00286191 -0.00809899 0)
(0.000595163 -0.00543097 0)
(0.00281125 -0.00317068 0)
(-0.000240195 -0.00229428 0)
(0.00312294 -0.00115513 0)
(-0.00170885 -0.000867753 0)
(0.00394439 -0.000134908 0)
(-0.00321692 0.00030745 0)
(0.00593912 -0.000999737 0)
(-0.00323618 0.00109259 0)
(0.0055639 -0.00194732 0)
(-0.00419195 -0.0101044 0)
(0.00592933 -0.0516713 0)
(0.00147896 0.0494576 0)
(0.0153219 0.0406428 0)
(0.0149503 0.0292786 0)
(0.0179685 0.0073512 0)
(0.0152698 -0.0083842 0)
(0.0133221 -0.0119792 0)
(0.0129254 -0.00909765 0)
(0.0122837 -0.00800065 0)
(0.0075771 -0.00811309 0)
(0.00637677 -0.00738744 0)
(0.00203491 -0.00581738 0)
(0.00511207 -0.00448992 0)
(3.84195e-05 -0.00420573 0)
(0.0052619 -0.00335305 0)
(-0.00142632 -0.00355328 0)
(0.00468505 -0.00397894 0)
(-0.00446114 0.000198893 0)
(0.00572133 -0.00401745 0)
(-0.0063048 -0.0150737 0)
(0.00437193 -0.0522017 0)
(0.0121416 0.0377116 0)
(0.0236725 0.0362791 0)
(0.0234006 0.0293729 0)
(0.0260934 0.0119975 0)
(0.0212774 -0.00487563 0)
(0.0143432 -0.0131172 0)
(0.0108218 -0.0113227 0)
(0.0120928 -0.00327462 0)
(0.00912985 0.000885461 0)
(0.00788825 0.00259949 0)
(0.00393606 0.000313296 0)
(0.00420685 0.000848746 0)
(0.000471175 0.000521393 0)
(0.00200786 0.00111903 0)
(-0.00415392 0.00212363 0)
(0.00614822 0.00165021 0)
(-0.00708344 0.00079888 0)
(0.00806925 1.72252e-05 0)
(-0.00541589 -0.0060479 0)
(0.00657873 -0.0508448 0)
(0.00957984 0.00719228 0)
(0.0248048 0.0275299 0)
(0.0286494 0.0269411 0)
(0.0332552 0.0123302 0)
(0.0329288 0.00331744 0)
(0.0201117 -0.00333145 0)
(0.00791813 -0.0058447 0)
(0.00168019 -0.00627551 0)
(0.00123888 -0.00332998 0)
(0.0010253 -0.00345027 0)
(0.000892803 -0.00188844 0)
(0.00328069 -0.0022023 0)
(-0.00303235 -0.00207828 0)
(0.00770979 0.000167048 0)
(-0.00488789 -0.00788727 0)
(0.00794884 -0.00150765 0)
(-0.00646688 -0.00124244 0)
(0.0100538 -0.00728756 0)
(-0.00631326 -0.0143215 0)
(0.00587369 -0.0524996 0)
(0.000307171 -0.000286056 0)
(0.0165776 0.0192406 0)
(0.0211854 0.018759 0)
(0.0255802 0.0107631 0)
(0.0261995 0.0072474 0)
(0.0244814 0.00852348 0)
(0.0189915 0.00626125 0)
(0.0203923 0.00474466 0)
(0.0132367 0.00134305 0)
(0.017438 0.00361302 0)
(0.00905793 -0.00205415 0)
(0.0144418 0.00557622 0)
(0.00705017 -0.00279811 0)
(0.00788148 0.00291803 0)
(0.00337692 0.00402134 0)
(-0.00821503 0.00217264 0)
(-0.0091458 -0.00023352 0)
(0.00228189 0.000135058 0)
(-0.00685388 0.000850484 0)
(0.00776679 -0.0514595 0)
(-0.0049268 -0.0100319 0)
(0.0158228 0.0139705 0)
(0.0136351 0.0111354 0)
(0.01574 0.0069839 0)
(0.00991635 0.00526224 0)
(0.0111642 0.00253801 0)
(0.00618207 -5.51498e-05 0)
(0.00605459 -0.00082963 0)
(0.00252021 -0.000568663 0)
(-0.000406235 0.000139969 0)
(0.000673051 0.000109908 0)
(-0.00717759 -0.000417257 0)
(0.0013458 0.00370819 0)
(-0.00955261 0.00289312 0)
(0.000174484 0.00554656 0)
(0.000398984 0.00970384 0)
(0.00463236 -0.0108844 0)
(-0.0016346 -0.0136967 0)
(-0.00916591 -0.0217221 0)
(0.00646697 -0.0548311 0)
(-0.00290038 -0.0154559 0)
(0.00645789 0.00274693 0)
(0.00530073 0.0163436 0)
(0.0115057 0.0148412 0)
(0.0113066 0.0126449 0)
(0.0126905 0.0103623 0)
(0.0121219 0.0106309 0)
(0.0129126 0.00703402 0)
(0.00895736 0.00836759 0)
(0.01247 0.00575997 0)
(0.00617064 0.00479533 0)
(0.0124891 0.00758953 0)
(0.00150339 -0.00188676 0)
(0.0136004 0.00800172 0)
(0.000413886 -0.00582851 0)
(0.0102411 -0.000841417 0)
(0.00724418 0.00513399 0)
(0.00768969 0.0134901 0)
(-0.00537851 -0.00125216 0)
(0.00902144 -0.0513456 0)
(0.00222568 -0.00849795 0)
(-0.0124868 0.00679733 0)
(-0.00580567 0.00705867 0)
(-0.00390544 0.00284191 0)
(-0.00323808 0.00683397 0)
(-0.00107345 0.000714359 0)
(-0.00262368 0.00357263 0)
(0.00233557 0.00164389 0)
(-0.00490006 0.0013139 0)
(0.00604653 0.00186071 0)
(-0.0060715 2.75797e-05 0)
(0.00635073 0.00277794 0)
(-0.00158071 0.00106214 0)
(0.000184497 0.00342148 0)
(0.00233236 0.0078553 0)
(-0.00441295 0.00170266 0)
(-0.00949345 -0.0108319 0)
(0.0149501 -0.00215475 0)
(-0.00499895 -0.027003 0)
(0.00788289 -0.0539985 0)
(-0.00487639 -0.00983821 0)
(0.00118701 0.0114087 0)
(0.00880481 0.00737124 0)
(0.00375364 0.00972913 0)
(0.00989738 0.00989695 0)
(0.00812221 0.00858442 0)
(0.0114823 0.00630182 0)
(0.0105017 0.00757651 0)
(0.0131786 0.00582266 0)
(0.0118225 0.00584612 0)
(0.0137051 0.00575924 0)
(0.0122809 0.00451485 0)
(0.0114569 0.00447522 0)
(0.015692 0.00671419 0)
(0.00655849 -0.00255476 0)
(0.0206915 0.0107882 0)
(0.00549973 -0.00925229 0)
(0.0123239 0.00816608 0)
(-0.00215957 0.0132542 0)
(0.0139836 -0.0463455 0)
(-0.0197533 -0.00319604 0)
(-0.0115018 -0.00380121 0)
(-0.0209736 0.0025443 0)
(-0.0115905 0.00153473 0)
(-0.0162257 0.0024918 0)
(-0.00862643 -0.000141093 0)
(-0.0146351 0.00175072 0)
(-0.00590889 0.000676254 0)
(-0.0134444 0.000428133 0)
(-0.00349525 0.00057794 0)
(-0.0135423 0.000547904 0)
(0.00110473 0.00147329 0)
(-0.013405 -0.00122072 0)
(0.00493192 0.00666951 0)
(-0.00778023 -1.3154e-05 0)
(-0.000139077 0.0060491 0)
(0.0040593 -0.00286551 0)
(-0.0146872 -0.0013296 0)
(0.0187765 -0.0303026 0)
(0.0131807 -0.0526821 0)
(0.00048701 0.0168728 0)
(0.0150618 0.0142267 0)
(0.0120869 0.00870981 0)
(0.0232075 0.00625567 0)
(0.0217111 0.00569765 0)
(0.0289547 0.00642164 0)
(0.0309719 0.00472291 0)
(0.0325385 0.00464752 0)
(0.0381439 0.00493 0)
(0.0376896 0.00420221 0)
(0.0423266 0.00414679 0)
(0.0421276 0.00308046 0)
(0.0466407 0.00376419 0)
(0.0460878 0.00101399 0)
(0.0497541 0.00310653 0)
(0.0513936 -6.55526e-05 0)
(0.0519619 0.00233878 0)
(0.0521524 -0.000454909 0)
(0.0454176 -0.00509651 0)
(0.0251653 -0.000619634 0)
)
;

boundaryField
{
    movingWall
    {
        type            fixedValue;
        value           uniform (1 0 0);
    }
    fixedWalls
    {
        type            noSlip;
    }
    frontAndBack
    {
        type            empty;
    }
}


// ************************************************************************* //
