/*--------------------------------*- C++ -*----------------------------------*\
| =========                 |                                                 |
| \\      /  F ield         | OpenFOAM: The Open Source CFD Toolbox           |
|  \\    /   O peration     | Version:  5.x                                   |
|   \\  /    A nd           | Web:      www.OpenFOAM.org                      |
|    \\/     M anipulation  |                                                 |
\*---------------------------------------------------------------------------*/
FoamFile
{
    version     2.0;
    format      ascii;
    class       surfaceScalarField;
    location    "12.5";
    object      phi;
}
// * * * * * * * * * * * * * * * * * * * * * * * * * * * * * * * * * * * * * //

dimensions      [0 3 -1 0 0 0 0];

internalField   nonuniform List<scalar> 
760
(
-1.0624e-06
1.0624e-06
-1.77077e-06
7.08372e-07
-2.08315e-06
3.12374e-07
-2.27509e-06
1.91944e-07
-2.3125e-06
3.74094e-08
-2.37146e-06
5.89618e-08
-2.37726e-06
5.79864e-09
-2.42973e-06
5.24652e-08
-2.41759e-06
-1.21401e-08
-2.43152e-06
1.39288e-08
-2.43642e-06
4.90423e-09
-2.41343e-06
-2.2987e-08
-2.42429e-06
1.08577e-08
-2.4125e-06
-1.17873e-08
-2.4177e-06
5.19674e-09
-2.34794e-06
-6.97578e-08
-2.24848e-06
-9.94624e-08
-1.88546e-06
-3.63024e-07
-1.20839e-06
-6.77061e-07
-1.20839e-06
-5.23384e-07
1.58579e-06
-9.50351e-07
1.13534e-06
-1.02883e-06
3.90855e-07
-1.07843e-06
2.41547e-07
-1.07943e-06
3.84045e-08
-1.05539e-06
3.4927e-08
-1.04104e-06
-8.55756e-09
-1.00023e-06
1.16586e-08
-9.90824e-07
-2.15481e-08
-9.66685e-07
-1.02101e-08
-9.64967e-07
3.18633e-09
-9.54353e-07
-3.36008e-08
-9.70215e-07
2.67193e-08
-9.75233e-07
-6.76883e-09
-1.03741e-06
6.73702e-08
-1.04489e-06
-6.22738e-08
-1.02825e-06
-1.161e-07
-1.03349e-06
-3.57785e-07
-9.49955e-07
-7.60598e-07
-2.15835e-06
-3.50954e-07
1.93674e-06
-4.11842e-07
1.19623e-06
-3.94559e-07
3.73573e-07
-3.56061e-07
2.03048e-07
-3.25792e-07
8.1357e-09
-3.1806e-07
2.71949e-08
-2.8566e-07
-4.0957e-08
-2.84823e-07
1.08218e-08
-2.5684e-07
-4.95314e-08
-2.53475e-07
-1.3575e-08
-2.29771e-07
-2.05176e-08
-2.44354e-07
-1.90179e-08
-2.47146e-07
2.95113e-08
-2.81484e-07
2.75691e-08
-3.00789e-07
8.66754e-08
-3.01761e-07
-6.13023e-08
-2.29869e-07
-1.87992e-07
-1.1677e-07
-4.70884e-07
-2.04856e-07
-6.72512e-07
-2.36321e-06
-1.62174e-07
2.09891e-06
-1.78475e-07
1.21253e-06
-1.56452e-07
3.51549e-07
-1.33571e-07
1.80168e-07
-1.72495e-07
4.70597e-08
-1.91904e-07
4.66042e-08
-2.18485e-07
-1.43765e-08
-2.28678e-07
2.1015e-08
-2.4167e-07
-3.65397e-08
-2.42029e-07
-1.32154e-08
-2.41631e-07
-2.0916e-08
-2.43149e-07
-1.74998e-08
-2.27898e-07
1.42608e-08
-1.81908e-07
-1.84209e-08
-1.41604e-07
4.63712e-08
-2.94962e-08
-1.7341e-07
-9.08489e-08
-1.2664e-07
-2.5551e-07
-3.06223e-07
-2.18976e-07
-7.09046e-07
-2.58218e-06
-5.83254e-08
2.15724e-06
-3.75658e-08
1.19177e-06
-2.20454e-08
3.36029e-07
-7.06016e-08
2.28724e-07
-1.55479e-07
1.31938e-07
-2.03555e-07
9.468e-08
-2.35891e-07
1.7959e-08
-2.35103e-07
2.02275e-08
-2.17918e-07
-5.37253e-08
-2.03738e-07
-2.73949e-08
-1.64162e-07
-6.04922e-08
-1.27491e-07
-5.41712e-08
-7.45942e-08
-3.86356e-08
-1.21151e-08
-8.09e-08
4.61513e-08
-1.18952e-08
1.06199e-07
-2.33458e-07
9.80417e-08
-1.18483e-07
9.04972e-08
-2.98679e-07
4.88152e-08
-6.67364e-07
-2.53337e-06
-6.73486e-08
2.22459e-06
-4.35867e-08
1.16801e-06
-7.9829e-08
3.72271e-07
-1.26165e-07
2.7506e-07
-1.99328e-07
2.05101e-07
-2.397e-07
1.35052e-07
-2.67798e-07
4.60562e-08
-2.67678e-07
2.0108e-08
-2.49915e-07
-7.14884e-08
-2.38113e-07
-3.91966e-08
-2.07451e-07
-9.1155e-08
-1.77823e-07
-8.37993e-08
-1.5211e-07
-6.43485e-08
-1.08392e-07
-1.24617e-07
-9.76023e-08
-2.26851e-08
-1.25238e-07
-2.05822e-07
-6.17492e-08
-1.81971e-07
-3.83303e-08
-3.22098e-07
-7.72762e-08
-6.28418e-07
-2.61064e-06
-3.78567e-08
2.26244e-06
-7.57468e-08
1.2059e-06
-1.36582e-07
4.33106e-07
-1.63781e-07
3.02259e-07
-2.35552e-07
2.76871e-07
-2.92961e-07
1.92461e-07
-3.14983e-07
6.8079e-08
-3.03217e-07
8.34135e-09
-2.55849e-07
-1.18856e-07
-2.37053e-07
-5.79925e-08
-1.7236e-07
-1.55848e-07
-1.29951e-07
-1.26209e-07
-6.26125e-08
-1.31687e-07
-5.59094e-09
-1.81639e-07
5.0158e-08
-7.8434e-08
1.25299e-07
-2.80963e-07
9.58254e-08
-1.52498e-07
8.16703e-08
-3.07943e-07
4.33649e-08
-5.90113e-07
-2.56728e-06
-2.82656e-08
2.29071e-06
-7.12123e-09
1.18475e-06
-7.67674e-08
5.02752e-07
-2.31839e-07
4.57331e-07
-3.30082e-07
3.75114e-07
-3.83014e-07
2.45393e-07
-4.01287e-07
8.63522e-08
-3.81788e-07
-1.11579e-08
-3.15458e-07
-1.85186e-07
-3.01954e-07
-7.14969e-08
-2.39322e-07
-2.18479e-07
-2.03274e-07
-1.62256e-07
-1.64657e-07
-1.70304e-07
-1.63239e-07
-1.83056e-07
-9.3826e-08
-1.47847e-07
-7.81952e-08
-2.96594e-07
-8.54686e-08
-1.45224e-07
-1.83949e-08
-3.75016e-07
-1.32144e-08
-5.95293e-07
-2.58049e-06
2.95553e-08
2.26115e-06
4.57016e-09
1.20974e-06
-1.73899e-07
6.81222e-07
-2.80351e-07
5.63783e-07
-3.93482e-07
4.88244e-07
-4.92923e-07
3.44834e-07
-4.82611e-07
7.60401e-08
-3.83841e-07
-1.09928e-07
-3.09579e-07
-2.59448e-07
-3.15298e-07
-6.57781e-08
-1.92927e-07
-3.40851e-07
-1.66269e-07
-1.88914e-07
-1.17491e-07
-2.19082e-07
-1.25479e-07
-1.75068e-07
-1.85047e-09
-2.71476e-07
1.09561e-07
-4.08005e-07
7.68552e-08
-1.12519e-07
5.48946e-08
-3.53056e-07
-1.46674e-08
-5.25731e-07
-2.59516e-06
-4.79075e-08
2.30906e-06
-2.44173e-08
1.18625e-06
-1.39956e-07
7.9676e-07
-4.07639e-07
8.31466e-07
-6.74187e-07
7.54792e-07
-7.7941e-07
4.50057e-07
-7.35861e-07
3.24911e-08
-5.1958e-07
-3.26209e-07
-4.06952e-07
-3.72076e-07
-3.46464e-07
-1.26266e-07
-2.11787e-07
-4.75528e-07
-1.92081e-07
-2.08621e-07
-1.7924e-07
-2.31923e-07
-2.29792e-07
-1.24517e-07
-1.79359e-07
-3.21908e-07
-1.87362e-07
-4.00003e-07
-1.37006e-07
-1.62874e-07
-1.58233e-08
-4.74239e-07
1.7303e-08
-5.58857e-07
-2.57786e-06
2.40072e-08
2.28505e-06
-8.76303e-08
1.29788e-06
-3.00554e-07
1.00968e-06
-6.07426e-07
1.13834e-06
-8.70457e-07
1.01782e-06
-9.95047e-07
5.74647e-07
-9.73597e-07
1.10406e-08
-7.90571e-07
-5.09235e-07
-5.09706e-07
-6.5294e-07
-2.12179e-07
-4.23793e-07
-5.08395e-08
-6.36867e-07
-7.37831e-08
-1.85677e-07
-1.31434e-07
-1.74272e-07
-2.25342e-07
-3.06086e-08
-2.11207e-07
-3.36044e-07
-2.50317e-07
-3.60892e-07
-9.30568e-08
-3.20135e-07
2.03954e-08
-5.87691e-07
-3.1832e-08
-5.0663e-07
-2.60969e-06
5.32225e-08
2.23183e-06
-2.32283e-08
1.37434e-06
-2.84785e-07
1.27124e-06
-5.88878e-07
1.44243e-06
-7.57226e-07
1.18617e-06
-8.80541e-07
6.97963e-07
-9.06736e-07
3.72352e-08
-8.01851e-07
-6.1412e-07
-4.99835e-07
-9.54956e-07
-1.15472e-07
-8.08156e-07
3.65685e-08
-7.88908e-07
2.58434e-08
-1.74952e-07
3.76098e-09
-1.5219e-07
-7.17386e-08
4.4891e-08
-1.74377e-07
-2.33406e-07
-1.91618e-07
-3.4365e-07
-2.10843e-07
-3.0091e-07
-2.46007e-07
-5.52527e-07
1.7579e-08
-7.70216e-07
-2.59211e-06
-3.04753e-09
2.23488e-06
-4.9539e-08
1.42083e-06
-1.89221e-07
1.41092e-06
-2.21976e-07
1.47519e-06
-2.7054e-07
1.23473e-06
-2.76552e-07
7.03975e-07
-2.24725e-07
-1.45917e-08
-1.18087e-07
-7.20758e-07
4.61484e-08
-1.11919e-06
1.84787e-07
-9.46794e-07
2.68857e-07
-8.72978e-07
4.0665e-07
-3.12746e-07
4.62852e-07
-2.08391e-07
4.98407e-07
9.33556e-09
4.4202e-07
-1.77019e-07
3.44112e-07
-2.45743e-07
1.60207e-07
-1.17004e-07
-3.17572e-08
-3.60563e-07
-3.37874e-08
-7.68186e-07
-2.6259e-06
7.02802e-08
2.1646e-06
1.20554e-07
1.37055e-06
1.5897e-07
1.37251e-06
2.4667e-07
1.38749e-06
3.37576e-07
1.14383e-06
4.90037e-07
5.51514e-07
4.87903e-07
-1.24577e-08
4.94733e-07
-7.27589e-07
5.944e-07
-1.21886e-06
6.96345e-07
-1.04874e-06
3.04963e-07
-4.81595e-07
1.49461e-07
-1.57244e-07
1.15965e-07
-1.74894e-07
1.82053e-07
-5.67523e-08
3.5916e-07
-3.54126e-07
2.37966e-07
-1.24549e-07
2.20286e-07
-9.93233e-08
1.73251e-07
-3.13529e-07
1.12772e-07
-7.07707e-07
-2.51312e-06
1.99478e-07
1.96512e-06
3.09851e-07
1.26018e-06
4.5261e-07
1.22975e-06
6.55118e-07
1.18498e-06
8.96934e-07
9.02014e-07
1.01713e-06
4.31321e-07
1.04681e-06
-4.21373e-08
1.12775e-06
-8.08531e-07
9.56995e-07
-1.0481e-06
8.9732e-07
-9.89065e-07
7.02647e-07
-2.86923e-07
3.81631e-07
1.63772e-07
1.63269e-07
4.34673e-08
-1.40285e-07
2.46802e-07
-7.25178e-08
-4.21893e-07
-6.78043e-08
-1.29263e-07
2.35699e-07
-4.02826e-07
2.85086e-07
-3.62916e-07
-2.51354e-08
-3.97485e-07
-2.53826e-06
2.69618e-07
1.6955e-06
4.24869e-07
1.10493e-06
7.18399e-07
9.36218e-07
8.31006e-07
1.07237e-06
1.14396e-06
5.8906e-07
1.27451e-06
3.00766e-07
1.40542e-06
-1.73044e-07
1.37183e-06
-7.74937e-07
1.06555e-06
-7.41829e-07
6.27815e-07
-5.51327e-07
8.01842e-07
-4.6095e-07
1.20661e-06
-2.41e-07
1.45627e-06
-2.06184e-07
1.47726e-06
2.25805e-07
9.24743e-07
1.30626e-07
3.39144e-07
4.56336e-07
1.24775e-07
-1.88457e-07
-1.61615e-08
-2.2198e-07
9.34194e-08
-5.07066e-07
-2.44484e-06
5.90415e-07
1.10509e-06
8.72179e-07
8.23164e-07
9.48515e-07
8.59882e-07
1.14865e-06
8.72232e-07
1.26499e-06
4.72727e-07
1.50285e-06
6.2903e-08
1.60768e-06
-2.7787e-07
1.08953e-06
-2.56791e-07
4.18749e-07
-7.10477e-08
-4.02869e-08
-9.2291e-08
-2.865e-07
-2.14737e-07
-1.71108e-07
-3.56392e-07
-2.38575e-07
-1.38717e-07
-9.94282e-08
8.66585e-08
-2.45925e-08
5.57905e-08
-1.89041e-07
6.20785e-07
4.85439e-08
-4.26042e-07
-6.02357e-08
-1.132e-07
-1.15812e-07
-4.5149e-07
-2.56065e-06
7.09797e-07
3.95292e-07
1.17111e-06
3.61851e-07
1.35386e-06
6.77131e-07
1.61052e-06
6.15574e-07
1.80006e-06
2.83187e-07
1.88976e-06
-2.68007e-08
1.8297e-06
-2.1781e-07
1.78403e-06
-2.11115e-07
1.80124e-06
-8.82602e-08
1.79674e-06
-8.77896e-08
1.56798e-06
1.40176e-08
1.22162e-06
-1.00305e-08
8.35225e-07
2.47679e-07
5.34991e-07
3.86892e-07
6.6871e-07
-7.7929e-08
7.11429e-07
5.78066e-07
6.46782e-07
-3.61395e-07
4.5776e-07
7.58219e-08
2.92587e-07
-2.86317e-07
-2.26806e-06
-8.73781e-08
4.8267e-07
1.62122e-07
1.12351e-07
4.4054e-07
3.98713e-07
5.83582e-07
4.72531e-07
5.16252e-07
3.50517e-07
2.09865e-07
2.79586e-07
-1.84909e-07
1.76964e-07
-4.23107e-07
2.70832e-08
-5.06357e-07
-5.01071e-09
-6.07321e-07
1.31751e-08
-6.28307e-07
3.50033e-08
-6.77883e-07
3.95458e-08
-4.61467e-07
3.12626e-08
-1.63523e-07
8.89488e-08
-3.15897e-07
7.44446e-08
1.17057e-07
1.45113e-07
-2.34799e-07
-9.53982e-09
1.44745e-08
-1.73451e-07
7.42896e-07
-1.01474e-06
-1.52517e-06
4.8267e-07
5.95021e-07
9.93734e-07
1.46627e-06
1.81678e-06
2.09637e-06
2.27333e-06
2.30042e-06
2.29541e-06
2.30858e-06
2.34358e-06
2.38313e-06
2.41439e-06
2.50334e-06
2.57779e-06
2.7229e-06
2.71336e-06
2.53991e-06
1.52517e-06
)
;

boundaryField
{
    movingWall
    {
        type            calculated;
        value           uniform 0;
    }
    fixedWalls
    {
        type            calculated;
        value           uniform 0;
    }
    frontAndBack
    {
        type            empty;
        value           nonuniform 0();
    }
}


// ************************************************************************* //
