/*--------------------------------*- C++ -*----------------------------------*\
| =========                 |                                                 |
| \\      /  F ield         | OpenFOAM: The Open Source CFD Toolbox           |
|  \\    /   O peration     | Version:  5.x                                   |
|   \\  /    A nd           | Web:      www.OpenFOAM.org                      |
|    \\/     M anipulation  |                                                 |
\*---------------------------------------------------------------------------*/
FoamFile
{
    version     2.0;
    format      ascii;
    class       volVectorField;
    location    "12.5";
    object      U;
}
// * * * * * * * * * * * * * * * * * * * * * * * * * * * * * * * * * * * * * //

dimensions      [0 1 -1 0 0 0 0];

internalField   nonuniform List<vector> 
400
(
(-0.013133 0.0071532 0)
(-0.0329347 0.00471939 0)
(-0.0381675 0.00246411 0)
(-0.0453196 0.000108633 0)
(-0.0437916 -0.000680252 0)
(-0.0482561 0.000241883 0)
(-0.0454292 -0.00110954 0)
(-0.0497308 0.000928657 0)
(-0.0469119 -0.00200418 0)
(-0.049956 -0.000149424 0)
(-0.0475083 -0.00132866 0)
(-0.0497221 -0.00107362 0)
(-0.0470294 -0.000543672 0)
(-0.048712 3.99041e-05 0)
(-0.0498899 -0.000519442 0)
(-0.048167 -0.00173219 0)
(-0.0471901 -0.00266635 0)
(-0.0394107 -0.00584879 0)
(-0.0417836 -0.008312 0)
(-0.00013016 -0.0139269 0)
(-0.00347789 0.0314778 0)
(-0.0197484 0.0208112 0)
(-0.016934 0.0086035 0)
(-0.0248098 0.00664443 0)
(-0.01687 0.00195562 0)
(-0.0262416 0.00187597 0)
(-0.01601 0.0013242 0)
(-0.0248826 0.00119947 0)
(-0.016349 0.00142336 0)
(-0.0218128 0.000815051 0)
(-0.0183011 0.00146435 0)
(-0.0190696 0.000280111 0)
(-0.0200132 0.000967405 0)
(-0.0176288 -0.000489052 0)
(-0.0226906 0.000643918 0)
(-0.0182788 -0.00150037 0)
(-0.0249717 -0.00216178 0)
(-0.014101 -0.0107256 0)
(-0.0310364 -0.0221534 0)
(-0.00208919 -0.0394065 0)
(-0.00445745 0.0334774 0)
(-0.0112262 0.0258146 0)
(-0.00432946 0.00773165 0)
(-0.0110223 0.00365515 0)
(-0.00354868 -0.000441007 0)
(-0.00888233 -0.000334795 0)
(-0.00433356 -0.00171008 0)
(-0.00663014 -0.000708672 0)
(-0.00528344 -0.0021688 0)
(-0.00445223 -0.0013037 0)
(-0.00622686 -0.00129715 0)
(-0.00245888 -0.00176553 0)
(-0.00780387 -1.48803e-06 0)
(-0.00150926 0.000165351 0)
(-0.0104384 0.00216207 0)
(-0.00106173 -0.000650511 0)
(-0.0116257 -0.00183519 0)
(0.00292632 -0.00229768 0)
(-0.0082642 -0.00548063 0)
(0.00142005 -0.044608 0)
(-0.00266686 0.044756 0)
(-0.00464436 0.0230695 0)
(-0.00213515 0.00714085 0)
(-0.00366968 0.00440535 0)
(-0.00199809 0.000819275 0)
(-0.00452665 0.00135354 0)
(-0.00350595 9.37481e-05 0)
(-0.00486509 0.00113742 0)
(-0.00468286 0.000141103 0)
(-0.00455859 0.000797151 0)
(-0.00555235 0.000516513 0)
(-0.0036516 0.00106437 0)
(-0.00657676 0.00128158 0)
(-0.00195566 0.00105257 0)
(-0.00586091 0.00141668 0)
(0.000480032 -0.00194992 0)
(-0.00166367 -0.0054171 0)
(-0.00162131 -0.0167635 0)
(-0.00975999 -0.0234628 0)
(0.00224049 -0.0510929 0)
(-0.00181958 0.0402289 0)
(-0.00094664 0.0260752 0)
(-0.000305866 0.00766658 0)
(-0.000636156 0.00301487 0)
(-0.0021712 0.00123423 0)
(-0.00390048 0.000603936 0)
(-0.00448018 -0.00060913 0)
(-0.00467317 -0.000273201 0)
(-0.005069 -0.00163338 0)
(-0.00325689 -0.0012886 0)
(-0.00531445 -0.00142392 0)
(-0.00082588 -0.00173884 0)
(-0.0046631 -0.00076834 0)
(0.00198601 -0.00187534 0)
(-0.0025887 0.000344739 0)
(0.00461238 -0.00518677 0)
(-0.000616587 4.91947e-05 0)
(0.00473907 0.0042725 0)
(-0.00137809 -0.00293293 0)
(0.00361808 -0.049075 0)
(-0.00152742 0.0462542 0)
(-0.00114715 0.0229567 0)
(-0.000746068 0.00547268 0)
(-0.00222805 0.00623457 0)
(-0.00307451 0.0037868 0)
(-0.00460806 0.00309438 0)
(-0.00528452 0.00126879 0)
(-0.00513956 0.00106127 0)
(-0.00583908 -0.000469338 0)
(-0.00387792 0.000142863 0)
(-0.00593602 -0.000869583 0)
(-0.00202185 -0.000476218 0)
(-0.0054547 -0.000657225 0)
(-0.000254632 -0.00117972 0)
(-0.00441012 -0.000747954 0)
(0.000830596 -0.00370262 0)
(-0.00628526 -0.00456567 0)
(0.00419407 -0.0155579 0)
(-0.00605114 -0.0249341 0)
(0.00335938 -0.0535042 0)
(-0.00154403 0.0445674 0)
(-0.000144336 0.0228723 0)
(-0.00272055 0.00945221 0)
(-0.00259121 0.00452548 0)
(-0.00407071 0.00471071 0)
(-0.00545885 0.0024585 0)
(-0.00644367 0.000689091 0)
(-0.00595304 -0.000202155 0)
(-0.00638891 -0.00234711 0)
(-0.00358761 -0.00165748 0)
(-0.00618346 -0.00293365 0)
(-0.000374395 -0.00293589 0)
(-0.00515432 -0.00208593 0)
(0.00288731 -0.0040496 0)
(-0.00317971 -0.000279947 0)
(0.00536352 -0.00504643 0)
(-0.000637559 -0.00290186 0)
(0.00478096 0.0019468 0)
(-0.00187077 5.88318e-05 0)
(0.00387462 -0.0493674 0)
(-0.000483129 0.0444622 0)
(-0.000825059 0.0246375 0)
(0.000605672 0.00757077 0)
(-0.00353285 0.0077568 0)
(-0.00606741 0.00607768 0)
(-0.00708028 0.00513269 0)
(-0.00840526 0.00193806 0)
(-0.00752767 0.000508675 0)
(-0.00756672 -0.00230407 0)
(-0.00504643 -0.000591588 0)
(-0.00706605 -0.00309333 0)
(-0.00228824 -0.00198011 0)
(-0.00614655 -0.00290696 0)
(-0.000103174 -0.00291666 0)
(-0.00685189 -0.00264661 0)
(0.00348253 -0.00551817 0)
(-0.00701862 -0.00294617 0)
(0.00403864 -0.0135442 0)
(-0.00494205 -0.0226629 0)
(0.0045154 -0.0539259 0)
(-0.000448813 0.0478128 0)
(0.00186303 0.0243748 0)
(-0.00176538 0.0130786 0)
(-0.00492513 0.0108243 0)
(-0.00641588 0.0094044 0)
(-0.00960545 0.0050688 0)
(-0.0103202 0.00175383 0)
(-0.00864313 -0.000885478 0)
(-0.00663817 -0.00506123 0)
(-0.00591122 -0.00234487 0)
(-0.00639429 -0.00587816 0)
(-0.00119292 -0.00476181 0)
(-0.00579257 -0.00425151 0)
(0.00142851 -0.00469126 0)
(-0.00678605 -0.00353533 0)
(0.00674166 -0.00705605 0)
(-0.00273893 -0.0031757 0)
(0.00625138 -0.00222241 0)
(-0.0044919 -0.00247881 0)
(0.00412079 -0.0489116 0)
(-0.00284975 0.0440122 0)
(0.000793947 0.0229267 0)
(-0.00164677 0.0142241 0)
(-0.0040205 0.0124051 0)
(-0.0127915 0.0107444 0)
(-0.014656 0.00935417 0)
(-0.0166301 0.00155606 0)
(-0.0120698 -0.00316118 0)
(-0.00844572 -0.00494584 0)
(-0.00828687 -0.000314767 0)
(-0.00504741 -0.00746695 0)
(-0.00330796 -0.00245552 0)
(-0.00475875 -0.00405879 0)
(-0.00202158 -0.0019114 0)
(-0.00769058 -0.00686576 0)
(0.00101591 -0.00855151 0)
(-0.00915685 -0.00106187 0)
(0.00429707 -0.0110708 0)
(-0.00509092 -0.0171848 0)
(0.00587818 -0.0540648 0)
(-0.000490771 0.0461728 0)
(0.00137681 0.0243188 0)
(-0.00455964 0.0169745 0)
(-0.00775509 0.0200815 0)
(-0.0172806 0.0190496 0)
(-0.0185569 0.00908828 0)
(-0.0208272 -0.000101268 0)
(-0.0173697 -0.00932961 0)
(-0.0132141 -0.00976879 0)
(-0.00761013 -0.00475721 0)
(-0.000666391 -0.0120835 0)
(-0.00129114 -0.00628039 0)
(-0.00194826 -0.00577062 0)
(-0.00301848 -0.00354101 0)
(-0.00651559 -0.00647688 0)
(-0.0012836 -0.00809054 0)
(-0.00943799 -0.00590646 0)
(0.0061185 -0.0089846 0)
(-0.00551179 -0.00656846 0)
(0.00446397 -0.0498492 0)
(-0.000350769 0.0465551 0)
(0.00256945 0.0285345 0)
(-0.00332936 0.0239241 0)
(-0.00828239 0.0257886 0)
(-0.0161097 0.0205907 0)
(-0.015678 0.0125152 0)
(-0.0189652 0.000399158 0)
(-0.0168481 -0.0125185 0)
(-0.0133773 -0.0173346 0)
(-0.00695974 -0.0118597 0)
(0.00227671 -0.0124523 0)
(-0.000959338 -0.000707839 0)
(0.00182777 -0.000663768 0)
(-0.00160547 0.0026144 0)
(-0.00179948 -0.00663209 0)
(-0.00434258 -0.00560669 0)
(-0.00386159 -0.00581878 0)
(-0.00426491 -0.0132861 0)
(-0.00560539 -0.0121897 0)
(0.00619289 -0.054705 0)
(-0.00198794 0.0420383 0)
(0.00177591 0.0250531 0)
(-0.00332443 0.0257137 0)
(-0.00495313 0.0294402 0)
(-0.00411057 0.0249195 0)
(-0.0075965 0.013741 0)
(-0.0042772 0.0006749 0)
(-0.00397669 -0.0130055 0)
(-3.38343e-05 -0.0219197 0)
(0.00205386 -0.0214071 0)
(0.00480579 -0.0203034 0)
(0.00583205 -0.00661573 0)
(0.0100149 -0.00573904 0)
(0.00807391 -0.00126347 0)
(0.0108656 -0.00343294 0)
(0.00828104 -0.00913092 0)
(0.00417204 -0.00764796 0)
(0.00313276 -0.0102876 0)
(-0.00486946 -0.0211638 0)
(0.00394379 -0.0509572 0)
(-0.000874928 0.0454275 0)
(0.00336894 0.0310735 0)
(0.00197248 0.029502 0)
(0.00419159 0.0311142 0)
(0.00469523 0.0249743 0)
(0.00921122 0.0157342 0)
(0.00909248 -0.000967275 0)
(0.0112097 -0.0159342 0)
(0.0101609 -0.0224407 0)
(0.0144 -0.0155115 0)
(0.0125675 -0.0150432 0)
(-0.000786376 -0.006536 0)
(0.00601049 -0.00341877 0)
(-0.000583569 0.00188303 0)
(0.00685587 -0.00262276 0)
(0.00883654 0.000168781 0)
(-0.000158112 0.00399859 0)
(0.00955313 -0.00274004 0)
(-0.00299915 -0.00655432 0)
(0.00771051 -0.0514398 0)
(0.000112904 0.0425666 0)
(0.00721007 0.025051 0)
(0.00612284 0.0271198 0)
(0.0111939 0.0245898 0)
(0.0138925 0.02243 0)
(0.0222895 0.00708095 0)
(0.0159982 0.000260855 0)
(0.0277062 -0.0122727 0)
(0.0197424 -0.0250914 0)
(0.0170346 -0.0266914 0)
(0.0203376 -0.00309677 0)
(0.00671997 0.00117627 0)
(0.00952665 -0.00224457 0)
(-0.00392184 -0.00465142 0)
(-0.00242598 -0.0132621 0)
(0.000507127 -0.00583213 0)
(-0.00413926 -0.00910067 0)
(0.0150712 -0.011331 0)
(-0.00535021 -0.0247894 0)
(0.00483055 -0.0505688 0)
(0.00366167 0.0364712 0)
(0.00622115 0.0258147 0)
(0.0117066 0.0211207 0)
(0.0166081 0.0237313 0)
(0.0154612 0.0146585 0)
(0.0299991 0.0111382 0)
(0.0212749 -0.00131648 0)
(0.0346733 -0.0192623 0)
(0.0223527 -0.0179903 0)
(0.0204653 -0.0131821 0)
(0.00544241 -0.00882551 0)
(0.025186 0.00424579 0)
(0.0237557 0.00323687 0)
(0.0330617 0.0133576 0)
(0.0269212 -0.0026139 0)
(0.0129745 0.00180503 0)
(-0.000934793 -0.00428139 0)
(0.00653069 -0.00114626 0)
(-0.0074337 0.0114249 0)
(0.0117237 -0.0485475 0)
(0.000642774 0.0337316 0)
(0.0210471 0.0198731 0)
(0.0157142 0.0178439 0)
(0.0212067 0.0189788 0)
(0.0236905 0.00814308 0)
(0.0259205 0.000131662 0)
(0.034487 -0.0064237 0)
(0.032073 -0.00970102 0)
(0.011823 -0.00939547 0)
(0.00458705 -0.00787677 0)
(-0.00684887 -0.0113788 0)
(-0.00300973 -0.0131567 0)
(-0.00460869 -0.0106065 0)
(-0.00536199 -0.0031117 0)
(0.00228426 0.00883288 0)
(-0.00374558 0.0139607 0)
(-0.0039532 -0.00501318 0)
(0.00656089 -0.0092882 0)
(-0.00993536 -0.034854 0)
(0.00657368 -0.0537071 0)
(0.00290714 0.012203 0)
(0.0230431 0.0133427 0)
(0.0258698 0.0155273 0)
(0.0293877 0.0171224 0)
(0.0333851 0.0114908 0)
(0.0388693 0.00267815 0)
(0.0365976 -0.00380016 0)
(0.0362748 -0.00148351 0)
(0.0359056 0.00582669 0)
(0.0347945 0.00343172 0)
(0.0369832 0.00398471 0)
(0.0278914 0.000208439 0)
(0.0199186 0.00622543 0)
(0.0145651 0.00712695 0)
(0.0070504 -0.00708045 0)
(0.0182957 0.0127342 0)
(0.0091348 -0.0107964 0)
(0.0187587 0.00588126 0)
(-0.00237438 0.0191376 0)
(0.015803 -0.0442049 0)
(-0.00827194 0.00218505 0)
(0.00390023 -0.000217991 0)
(0.00356964 0.0122882 0)
(0.0133473 0.00893485 0)
(0.00999788 0.00122986 0)
(0.0108642 -0.00330303 0)
(-0.00340524 -0.00539822 0)
(-0.00401416 -0.00737089 0)
(-0.0115952 -0.00899425 0)
(-0.00955183 -0.00705419 0)
(-0.0152465 -0.00369269 0)
(-0.00854344 -0.000899803 0)
(-0.021161 0.00150109 0)
(0.00543745 0.00725839 0)
(-0.013294 0.0033703 0)
(0.00122752 0.010918 0)
(0.00446485 -0.00196382 0)
(-0.0161395 -0.00408627 0)
(0.0172362 -0.032193 0)
(0.0134199 -0.0546209 0)
(0.00381065 0.0164482 0)
(0.0156671 0.00538906 0)
(0.00990275 0.00415511 0)
(0.0275398 0.00834203 0)
(0.0325157 0.0109163 0)
(0.0389098 0.0127407 0)
(0.0436654 0.0117341 0)
(0.0471408 0.00855483 0)
(0.0469409 0.0088661 0)
(0.0453073 0.00784994 0)
(0.0464541 0.00562015 0)
(0.0466795 0.00310049 0)
(0.0491896 0.000475525 0)
(0.0491374 -0.00365646 0)
(0.0502483 0.000256654 0)
(0.0516349 -0.00490809 0)
(0.0530857 0.0012886 0)
(0.0534511 -0.00102545 0)
(0.0447379 -0.00419657 0)
(0.0238099 0.00295452 0)
)
;

boundaryField
{
    movingWall
    {
        type            fixedValue;
        value           uniform (1 0 0);
    }
    fixedWalls
    {
        type            noSlip;
    }
    frontAndBack
    {
        type            empty;
    }
}


// ************************************************************************* //
