/*--------------------------------*- C++ -*----------------------------------*\
| =========                 |                                                 |
| \\      /  F ield         | OpenFOAM: The Open Source CFD Toolbox           |
|  \\    /   O peration     | Version:  5.x                                   |
|   \\  /    A nd           | Web:      www.OpenFOAM.org                      |
|    \\/     M anipulation  |                                                 |
\*---------------------------------------------------------------------------*/
FoamFile
{
    version     2.0;
    format      ascii;
    class       volScalarField;
    location    "3.7";
    object      p;
}
// * * * * * * * * * * * * * * * * * * * * * * * * * * * * * * * * * * * * * //

dimensions      [0 2 -2 0 0 0 0];

internalField   nonuniform List<scalar> 
400
(
1.08856e-10
5.5327e-07
1.76007e-06
3.65764e-06
6.35202e-06
9.9865e-06
1.47602e-05
2.09412e-05
2.88876e-05
3.90736e-05
5.21235e-05
6.88481e-05
9.02774e-05
0.00011766
0.000152386
0.000195766
0.000248385
0.000309214
0.000371224
0.000423721
-7.39273e-07
-2.20915e-07
9.13305e-07
2.69608e-06
5.22631e-06
8.63654e-06
1.31111e-05
1.88988e-05
2.63333e-05
3.58614e-05
4.80799e-05
6.37826e-05
8.40173e-05
0.000110138
0.000143804
0.000186874
0.00024091
0.000306633
0.000378596
0.000451915
-2.26152e-06
-1.81129e-06
-8.18677e-07
7.40775e-07
2.95196e-06
5.9265e-06
9.81952e-06
1.48405e-05
2.12727e-05
2.95009e-05
4.00535e-05
5.36663e-05
7.1371e-05
9.46296e-05
0.000125511
0.000166863
0.000222176
0.000295508
0.000386639
0.000510941
-4.47462e-06
-4.1223e-06
-3.33297e-06
-2.09343e-06
-3.38532e-07
2.01335e-06
5.07473e-06
8.99653e-06
1.39834e-05
2.03182e-05
2.84013e-05
3.88189e-05
5.2459e-05
7.07009e-05
9.57626e-05
0.000131464
0.000184557
0.00025977
0.000369216
0.000587183
-7.26832e-06
-7.03858e-06
-6.50277e-06
-5.66071e-06
-4.47092e-06
-2.88873e-06
-8.55353e-07
1.70406e-06
4.88852e-06
8.83512e-06
1.37445e-05
1.99279e-05
2.78967e-05
3.8527e-05
5.33179e-05
7.52095e-05
0.000112381
0.000173192
0.000234206
0.000580784
-1.04995e-05
-1.04115e-05
-1.01663e-05
-9.77644e-06
-9.22545e-06
-8.50903e-06
-7.62911e-06
-6.59912e-06
-5.44677e-06
-4.21697e-06
-2.97448e-06
-1.80491e-06
-8.09823e-07
-9.5963e-08
2.43902e-08
-1.98099e-06
-4.44989e-06
6.18834e-06
-0.000168804
0.000242186
-1.40026e-05
-1.40719e-05
-1.41409e-05
-1.4234e-05
-1.43561e-05
-1.45426e-05
-1.48567e-05
-1.54038e-05
-1.63465e-05
-1.79286e-05
-2.05159e-05
-2.46669e-05
-3.12587e-05
-4.17175e-05
-5.86034e-05
-8.92962e-05
-0.000155979
-0.00014768
-0.000588014
-0.000245691
-1.75961e-05
-1.78375e-05
-1.82333e-05
-1.88173e-05
-1.96083e-05
-2.06731e-05
-2.21308e-05
-2.41694e-05
-2.70736e-05
-3.12652e-05
-3.73729e-05
-4.63592e-05
-5.97355e-05
-7.99944e-05
-0.000110962
-0.000150288
-0.000263743
-0.000253484
-0.00051218
-0.000450248
-2.10818e-05
-2.15349e-05
-2.22617e-05
-2.33419e-05
-2.47602e-05
-2.66233e-05
-2.90853e-05
-3.24057e-05
-3.69652e-05
-4.33233e-05
-5.22987e-05
-6.51314e-05
-8.37035e-05
-0.000110333
-0.00015446
-0.000190133
-0.000323178
-0.000362729
-0.000468311
-0.000505353
-2.42539e-05
-2.4967e-05
-2.60164e-05
-2.75777e-05
-2.956e-05
-3.20945e-05
-3.53609e-05
-3.96509e-05
-4.53999e-05
-5.322e-05
-6.39821e-05
-7.88419e-05
-0.000100898
-0.00012558
-0.000185244
-0.00021252
-0.000360236
-0.000426771
-0.000586083
-0.000585849
-2.68447e-05
-2.81468e-05
-2.94306e-05
-3.1809e-05
-3.41525e-05
-3.72701e-05
-4.09851e-05
-4.58414e-05
-5.22252e-05
-6.07819e-05
-7.24579e-05
-8.68914e-05
-0.000112955
-0.000128834
-0.000200189
-0.000215275
-0.000360819
-0.000399965
-0.000519706
-0.000507165
-2.86771e-05
-3.0522e-05
-3.21588e-05
-3.46324e-05
-3.74237e-05
-4.07742e-05
-4.49456e-05
-5.01206e-05
-5.67735e-05
-6.51897e-05
-7.73442e-05
-8.78921e-05
-0.000116574
-0.00012323
-0.000187795
-0.00020649
-0.000302635
-0.000331636
-0.000377909
-0.000361603
-2.88646e-05
-3.24979e-05
-3.49363e-05
-3.95586e-05
-4.20236e-05
-4.66801e-05
-4.99735e-05
-5.50009e-05
-6.08766e-05
-6.77713e-05
-8.05456e-05
-8.75698e-05
-0.000111785
-0.000120546
-0.000168519
-0.000184472
-0.000252275
-0.000276569
-0.000343689
-0.000297827
-2.84744e-05
-3.65197e-05
-3.67865e-05
-4.0607e-05
-4.31336e-05
-4.59492e-05
-4.97088e-05
-5.3803e-05
-6.00684e-05
-6.4986e-05
-7.59673e-05
-8.25738e-05
-0.000101029
-0.000108612
-0.000142065
-0.00014551
-0.000200236
-0.000187189
-0.000266878
-0.000195107
-2.06903e-05
-2.9943e-05
-3.82005e-05
-4.66144e-05
-5.01549e-05
-5.53363e-05
-5.61949e-05
-6.06413e-05
-6.31206e-05
-6.76175e-05
-7.45914e-05
-7.91514e-05
-9.26956e-05
-9.60368e-05
-0.000118646
-0.00011662
-0.000147921
-0.000116198
-0.00014963
-5.25621e-05
-2.04796e-05
-5.42518e-05
-4.5418e-05
-4.99557e-05
-5.00799e-05
-4.97411e-05
-5.05686e-05
-5.26856e-05
-5.56589e-05
-5.90366e-05
-6.49673e-05
-6.90309e-05
-7.8178e-05
-7.80754e-05
-9.21908e-05
-7.13713e-05
-9.04657e-05
-4.07407e-05
-6.48934e-05
3.96921e-05
3.44914e-06
-3.41901e-05
-4.24489e-05
-6.36771e-05
-6.42434e-05
-6.56826e-05
-6.10629e-05
-6.43625e-05
-6.17776e-05
-6.36057e-05
-6.68385e-05
-6.81572e-05
-7.40213e-05
-7.30321e-05
-8.25828e-05
-7.23979e-05
-9.66758e-05
-3.29754e-05
-9.1878e-05
0.000105281
-2.23739e-05
-0.000149802
-8.65159e-05
-6.5864e-05
-5.8093e-05
-5.14921e-05
-4.58352e-05
-4.7493e-05
-4.60574e-05
-4.7824e-05
-5.03716e-05
-5.36359e-05
-5.58586e-05
-5.59181e-05
-6.01009e-05
-4.19594e-05
-5.95952e-06
-6.28324e-06
7.46041e-05
0.000285095
2.32451e-05
-0.000102696
-7.62339e-05
-5.94296e-05
-5.48464e-05
-5.3296e-05
-4.75179e-05
-6.7825e-05
-5.87027e-05
-5.62786e-05
-6.04036e-05
-6.9036e-05
-6.24932e-05
-6.32933e-05
-7.23972e-05
-8.84989e-05
-6.41571e-05
5.82598e-07
-2.90996e-05
0.000595491
-0.000113852
-7.05807e-05
-2.01734e-05
-4.66889e-05
-3.71865e-05
-2.99011e-05
-2.23181e-05
-4.28905e-05
-3.78237e-05
-2.81711e-05
-4.75612e-05
-4.56463e-05
-3.68275e-05
-4.16178e-05
-3.05649e-05
-1.18175e-05
-2.23906e-06
0.00028114
0.000704681
0.00197572
)
;

boundaryField
{
    movingWall
    {
        type            zeroGradient;
    }
    fixedWalls
    {
        type            zeroGradient;
    }
    frontAndBack
    {
        type            empty;
    }
}


// ************************************************************************* //
