/*--------------------------------*- C++ -*----------------------------------*\
| =========                 |                                                 |
| \\      /  F ield         | OpenFOAM: The Open Source CFD Toolbox           |
|  \\    /   O peration     | Version:  5.x                                   |
|   \\  /    A nd           | Web:      www.OpenFOAM.org                      |
|    \\/     M anipulation  |                                                 |
\*---------------------------------------------------------------------------*/
FoamFile
{
    version     2.0;
    format      ascii;
    class       surfaceScalarField;
    location    "3.7";
    object      phi;
}
// * * * * * * * * * * * * * * * * * * * * * * * * * * * * * * * * * * * * * //

dimensions      [0 3 -1 0 0 0 0];

internalField   nonuniform List<scalar> 
760
(
-1.45683e-08
1.45683e-08
-2.99696e-08
1.54013e-08
-4.57779e-08
1.58083e-08
-6.21993e-08
1.64214e-08
-7.94288e-08
1.72295e-08
-9.76512e-08
1.82224e-08
-1.17031e-07
1.93797e-08
-1.37693e-07
2.06625e-08
-1.59692e-07
2.19989e-08
-1.82953e-07
2.32609e-08
-2.07183e-07
2.42298e-08
-2.31727e-07
2.45438e-08
-2.55349e-07
2.36224e-08
-2.75922e-07
2.05723e-08
-2.90022e-07
1.41007e-08
-2.92585e-07
2.56247e-09
-2.7513e-07
-1.74549e-08
-2.27431e-07
-4.76987e-08
-1.39787e-07
-8.76442e-08
-1.39787e-07
-1.51128e-08
2.96811e-08
-3.10789e-08
3.13674e-08
-4.74451e-08
3.21745e-08
-6.44129e-08
3.33892e-08
-8.21748e-08
3.49914e-08
-1.00917e-07
3.69647e-08
-1.20813e-07
3.92758e-08
-1.4201e-07
4.18596e-08
-1.64604e-07
4.45924e-08
-1.88593e-07
4.72502e-08
-2.13808e-07
4.94447e-08
-2.39789e-07
5.05247e-08
-2.65593e-07
4.94262e-08
-2.89485e-07
4.4465e-08
-3.0847e-07
3.30851e-08
-3.17665e-07
1.17574e-08
-3.08661e-07
-2.64588e-08
-2.68748e-07
-8.76115e-08
-1.80044e-07
-1.76348e-07
-3.19831e-07
-1.47372e-08
4.44182e-08
-3.03373e-08
4.69675e-08
-4.6342e-08
4.81793e-08
-6.29569e-08
5.00041e-08
-8.03824e-08
5.24169e-08
-9.88225e-08
5.54047e-08
-1.18484e-07
5.89376e-08
-1.39575e-07
6.29508e-08
-1.62295e-07
6.73119e-08
-1.86812e-07
7.17675e-08
-2.13229e-07
7.58614e-08
-2.41509e-07
7.88046e-08
-2.7135e-07
7.92677e-08
-3.01945e-07
7.50594e-08
-3.31494e-07
6.26342e-08
-3.56101e-07
3.63648e-08
-3.6864e-07
-1.39196e-08
-3.54067e-07
-1.02185e-07
-2.79428e-07
-2.50987e-07
-5.99259e-07
-1.41249e-08
5.85431e-08
-2.91258e-08
6.19684e-08
-4.45391e-08
6.35927e-08
-6.05736e-08
6.60385e-08
-7.74366e-08
6.92799e-08
-9.53499e-08
7.33181e-08
-1.14559e-07
7.81466e-08
-1.35343e-07
8.37353e-08
-1.58029e-07
8.99978e-08
-1.83002e-07
9.67397e-08
-2.10717e-07
1.03577e-07
-2.41714e-07
1.09802e-07
-2.76606e-07
1.1416e-07
-3.16024e-07
1.14478e-07
-3.60422e-07
1.07032e-07
-4.09155e-07
8.50984e-08
-4.59238e-07
3.61629e-08
-4.98694e-07
-6.27295e-08
-4.88649e-07
-2.61031e-07
-1.08791e-06
-1.33013e-08
7.18445e-08
-2.74975e-08
7.61646e-08
-4.21151e-08
7.82102e-08
-5.73604e-08
8.12838e-08
-7.34397e-08
8.53593e-08
-9.05836e-08
9.0462e-08
-1.09066e-07
9.66291e-08
-1.2923e-07
1.03899e-07
-1.51518e-07
1.12286e-07
-1.76522e-07
1.21744e-07
-2.05051e-07
1.32106e-07
-2.38248e-07
1.42999e-07
-2.77765e-07
1.53677e-07
-3.26052e-07
1.62764e-07
-3.86971e-07
1.67951e-07
-4.67048e-07
1.65175e-07
-5.71505e-07
1.4062e-07
-6.94497e-07
6.0262e-08
-7.91694e-07
-1.63834e-07
-1.8796e-06
-1.22607e-08
8.41052e-08
-2.54468e-08
8.93507e-08
-3.90666e-08
9.183e-08
-5.33145e-08
9.55317e-08
-6.83795e-08
1.00424e-07
-8.44811e-08
1.06564e-07
-1.01898e-07
1.14046e-07
-1.21003e-07
1.23004e-07
-1.42316e-07
1.33598e-07
-1.66569e-07
1.45996e-07
-1.94828e-07
1.60365e-07
-2.28689e-07
1.76859e-07
-2.70627e-07
1.95615e-07
-3.24632e-07
2.16769e-07
-3.97452e-07
2.40771e-07
-5.02611e-07
2.70334e-07
-6.62844e-07
3.00854e-07
-7.93856e-07
1.91274e-07
-7.99805e-07
-1.57885e-07
-2.67941e-06
-1.09882e-08
9.50934e-08
-2.29626e-08
1.01325e-07
-3.53923e-08
1.0426e-07
-4.84498e-08
1.08589e-07
-6.22781e-08
1.14253e-07
-7.70561e-08
1.21342e-07
-9.30298e-08
1.30019e-07
-1.10555e-07
1.4053e-07
-1.30149e-07
1.53192e-07
-1.52562e-07
1.6841e-07
-1.78902e-07
1.86705e-07
-2.10838e-07
2.08796e-07
-2.50962e-07
2.35739e-07
-3.03477e-07
2.69284e-07
-3.7409e-07
3.11384e-07
-4.64656e-07
3.609e-07
-5.96781e-07
4.32979e-07
-6.38873e-07
2.33367e-07
-3.42373e-07
-4.54386e-07
-3.02178e-06
-9.45799e-09
1.04551e-07
-2.00264e-08
1.11893e-07
-3.10972e-08
1.15331e-07
-4.28065e-08
1.20298e-07
-5.52144e-08
1.2666e-07
-6.84171e-08
1.34544e-07
-8.25876e-08
1.4419e-07
-9.80121e-08
1.55954e-07
-1.15137e-07
1.70317e-07
-1.34627e-07
1.87899e-07
-1.5745e-07
2.09528e-07
-1.85023e-07
2.36369e-07
-2.19318e-07
2.70034e-07
-2.63065e-07
3.13032e-07
-3.22231e-07
3.70549e-07
-3.77425e-07
4.16094e-07
-4.3656e-07
4.92113e-07
-4.44367e-07
2.41174e-07
-8.81365e-08
-8.10616e-07
-3.10992e-06
-7.56138e-09
1.12113e-07
-1.65983e-08
1.2093e-07
-2.61468e-08
1.24879e-07
-3.64687e-08
1.3062e-07
-4.73418e-08
1.37534e-07
-5.87953e-08
1.45998e-07
-7.0856e-08
1.5625e-07
-8.36973e-08
1.68796e-07
-9.76054e-08
1.84225e-07
-1.12997e-07
2.03291e-07
-1.30425e-07
2.26956e-07
-1.50644e-07
2.56588e-07
-1.75048e-07
2.94437e-07
-2.00846e-07
3.3883e-07
-2.44281e-07
4.13984e-07
-2.77239e-07
4.49052e-07
-3.0834e-07
5.23214e-07
-2.98529e-07
2.31363e-07
-1.60372e-07
-9.48772e-07
-3.27029e-06
-5.31553e-09
1.17428e-07
-1.26777e-08
1.28293e-07
-2.06023e-08
1.32804e-07
-2.9504e-08
1.39522e-07
-3.88339e-08
1.46863e-07
-4.84674e-08
1.55631e-07
-5.82758e-08
1.66059e-07
-6.82945e-08
1.78814e-07
-7.86971e-08
1.94628e-07
-8.97363e-08
2.1433e-07
-1.01769e-07
2.38989e-07
-1.14233e-07
2.69052e-07
-1.31101e-07
3.11305e-07
-1.38259e-07
3.45989e-07
-1.61232e-07
4.36956e-07
-1.64662e-07
4.52483e-07
-1.64484e-07
5.23037e-07
-1.09723e-07
1.76601e-07
-3.56676e-08
-1.02283e-06
-3.30596e-06
-1.64815e-09
1.19076e-07
-7.54777e-09
1.34192e-07
-1.35983e-08
1.38854e-07
-2.23761e-08
1.483e-07
-3.01283e-08
1.54616e-07
-3.83688e-08
1.63872e-07
-4.56519e-08
1.73342e-07
-5.24283e-08
1.85591e-07
-5.85619e-08
2.00762e-07
-6.39032e-08
2.19672e-07
-6.87773e-08
2.43863e-07
-6.87546e-08
2.69029e-07
-7.37537e-08
3.16304e-07
-6.78815e-08
3.40116e-07
-6.30809e-08
4.32155e-07
-5.06808e-08
4.40082e-07
-1.03823e-09
4.73394e-07
4.26707e-08
1.32893e-07
1.39637e-07
-1.11979e-06
-3.16632e-06
9.49694e-10
1.18127e-07
-3.05956e-09
1.38201e-07
-8.4e-09
1.44195e-07
-1.43577e-08
1.54258e-07
-2.06209e-08
1.60879e-07
-2.66683e-08
1.69919e-07
-3.20234e-08
1.78697e-07
-3.63881e-08
1.89955e-07
-3.95313e-08
2.03905e-07
-4.06327e-08
2.20773e-07
-4.23686e-08
2.45599e-07
-3.80778e-08
2.64738e-07
-3.38564e-08
3.12083e-07
-2.70124e-08
3.33272e-07
5.30614e-09
3.99837e-07
1.97989e-08
4.2559e-07
8.3811e-08
4.09382e-07
1.1443e-07
1.02274e-07
8.34337e-08
-1.0888e-06
-3.08289e-06
1.63359e-08
1.01791e-07
1.18397e-08
1.42698e-07
6.88914e-09
1.49145e-07
-5.24447e-09
1.66391e-07
-1.37656e-08
1.694e-07
-2.17e-08
1.77854e-07
-2.44696e-08
1.81467e-07
-2.53464e-08
1.90832e-07
-2.2675e-08
2.01233e-07
-1.67393e-08
2.14837e-07
-7.2965e-09
2.36156e-07
1.75448e-09
2.55687e-07
2.53553e-08
2.88482e-07
4.38737e-08
3.14754e-07
8.14723e-08
3.62238e-07
1.17222e-07
3.8984e-07
1.60277e-07
3.66327e-07
1.56706e-07
1.05844e-07
5.86009e-08
-9.90693e-07
-3.02428e-06
1.11314e-08
9.06594e-08
4.91724e-09
1.48912e-07
2.23308e-10
1.53839e-07
-1.19417e-09
1.67809e-07
-3.78373e-09
1.7199e-07
-5.49484e-09
1.79565e-07
-6.05843e-09
1.8203e-07
-5.31741e-09
1.90091e-07
-2.17604e-09
1.98092e-07
1.48777e-09
2.11174e-07
1.06393e-08
2.27005e-07
1.904e-08
2.47286e-07
3.68539e-08
2.70668e-07
5.01162e-08
3.01492e-07
9.04865e-08
3.21868e-07
1.15993e-07
3.64334e-07
1.93791e-07
2.88529e-07
2.29177e-07
7.04583e-08
1.66918e-07
-9.28435e-07
-2.85737e-06
7.89425e-08
1.1717e-08
7.22268e-08
1.55627e-07
4.67024e-08
1.79364e-07
1.13222e-08
2.03189e-07
-9.05208e-09
1.92364e-07
-2.01737e-08
1.90686e-07
-1.94461e-08
1.81303e-07
-1.41405e-08
1.84786e-07
-1.8455e-09
1.85797e-07
1.21047e-08
1.97223e-07
3.23452e-08
2.06764e-07
5.41588e-08
2.25473e-07
8.64851e-08
2.38342e-07
1.20709e-07
2.67268e-07
1.71451e-07
2.71126e-07
2.19168e-07
3.16617e-07
2.69871e-07
2.37826e-07
2.03766e-07
1.36563e-07
1.23378e-07
-8.48046e-07
-2.73399e-06
8.11042e-08
-6.93873e-08
3.93063e-08
1.97425e-07
4.04594e-08
1.7821e-07
3.86125e-08
2.05036e-07
3.10864e-08
1.9989e-07
2.61689e-08
1.95604e-07
2.83935e-08
1.79078e-07
3.08284e-08
1.82351e-07
3.80888e-08
1.78537e-07
4.80354e-08
1.87277e-07
5.92725e-08
1.95527e-07
7.53216e-08
2.09424e-07
9.31386e-08
2.20525e-07
1.05007e-07
2.554e-07
1.33601e-07
2.42532e-07
1.20726e-07
3.29492e-07
2.26239e-07
1.32313e-07
2.17775e-07
1.45026e-07
8.68591e-08
-7.1713e-07
-2.64713e-06
1.79506e-07
-2.48893e-07
2.15341e-08
3.55397e-07
-1.21385e-07
3.21129e-07
-1.70362e-07
2.54013e-07
-1.67445e-07
1.96973e-07
-1.45932e-07
1.74091e-07
-1.12553e-07
1.45699e-07
-8.87369e-08
1.58535e-07
-5.4334e-08
1.44134e-07
-2.69213e-08
1.59864e-07
3.98696e-09
1.64619e-07
3.32597e-08
1.80151e-07
6.98375e-08
1.83947e-07
1.08961e-07
2.16276e-07
1.73596e-07
1.77896e-07
1.84066e-07
3.19023e-07
2.8102e-07
3.53585e-08
1.90738e-07
2.35309e-07
8.13844e-08
-6.07776e-07
-2.56574e-06
1.3897e-07
-3.87863e-07
3.9657e-07
9.77977e-08
4.54148e-07
2.63551e-07
4.48289e-07
2.59872e-07
4.62143e-07
1.83119e-07
4.25604e-07
2.1063e-07
4.17695e-07
1.53608e-07
3.72093e-07
2.04137e-07
3.61039e-07
1.55188e-07
3.32768e-07
1.88135e-07
3.23924e-07
1.73463e-07
3.15995e-07
1.8808e-07
3.19745e-07
1.80197e-07
3.33132e-07
2.02889e-07
3.23293e-07
1.87735e-07
2.52881e-07
3.89436e-07
2.9848e-07
-1.02406e-08
1.9701e-07
3.36778e-07
2.77965e-07
-6.88731e-07
-2.28778e-06
-7.86813e-07
3.9895e-07
-9.17728e-07
2.28713e-07
-8.71027e-07
2.16851e-07
-8.23067e-07
2.11912e-07
-8.06117e-07
1.66168e-07
-7.60171e-07
1.64684e-07
-7.43603e-07
1.37039e-07
-7.02613e-07
1.63147e-07
-6.62393e-07
1.14968e-07
-5.96931e-07
1.22673e-07
-5.55769e-07
1.32302e-07
-4.81066e-07
1.13377e-07
-4.00599e-07
9.97299e-08
-3.09765e-07
1.12055e-07
-2.28446e-07
1.06417e-07
2.0615e-08
1.40374e-07
1.1289e-07
-1.02516e-07
4.31326e-07
1.83419e-08
6.63586e-07
-9.2099e-07
-1.62419e-06
3.9895e-07
6.27662e-07
8.44513e-07
1.05642e-06
1.22259e-06
1.38728e-06
1.52432e-06
1.68746e-06
1.80243e-06
1.9251e-06
2.05741e-06
2.17078e-06
2.27051e-06
2.38257e-06
2.48898e-06
2.62936e-06
2.52684e-06
2.54518e-06
1.62419e-06
)
;

boundaryField
{
    movingWall
    {
        type            calculated;
        value           uniform 0;
    }
    fixedWalls
    {
        type            calculated;
        value           uniform 0;
    }
    frontAndBack
    {
        type            empty;
        value           nonuniform 0();
    }
}


// ************************************************************************* //
