/*--------------------------------*- C++ -*----------------------------------*\
| =========                 |                                                 |
| \\      /  F ield         | OpenFOAM: The Open Source CFD Toolbox           |
|  \\    /   O peration     | Version:  5.x                                   |
|   \\  /    A nd           | Web:      www.OpenFOAM.org                      |
|    \\/     M anipulation  |                                                 |
\*---------------------------------------------------------------------------*/
FoamFile
{
    version     2.0;
    format      ascii;
    class       surfaceScalarField;
    location    "9.5";
    object      phi;
}
// * * * * * * * * * * * * * * * * * * * * * * * * * * * * * * * * * * * * * //

dimensions      [0 3 -1 0 0 0 0];

internalField   nonuniform List<scalar> 
760
(
-8.77009e-07
8.77009e-07
-1.46999e-06
5.9298e-07
-1.9093e-06
4.39314e-07
-2.15091e-06
2.41603e-07
-2.24145e-06
9.05439e-08
-2.26602e-06
2.45722e-08
-2.27188e-06
5.8562e-09
-2.35473e-06
8.28479e-08
-2.40901e-06
5.42863e-08
-2.33139e-06
-7.76205e-08
-2.38151e-06
5.01171e-08
-2.41733e-06
3.58207e-08
-2.36267e-06
-5.4664e-08
-2.35408e-06
-8.58293e-09
-2.36116e-06
7.07785e-09
-2.27595e-06
-8.52073e-08
-2.2167e-06
-5.92504e-08
-1.87368e-06
-3.43025e-07
-1.21346e-06
-6.60215e-07
-1.21346e-06
-5.40655e-07
1.41766e-06
-8.85615e-07
9.3794e-07
-9.73767e-07
5.27466e-07
-9.93941e-07
2.61777e-07
-9.92352e-07
8.8955e-08
-9.96372e-07
2.8592e-08
-9.9087e-07
3.54098e-10
-9.54899e-07
4.68771e-08
-9.33841e-07
3.32278e-08
-1.00922e-06
-2.23937e-09
-9.94447e-07
3.53419e-08
-9.50569e-07
-8.05745e-09
-1.00696e-06
1.72617e-09
-9.61566e-07
-5.39761e-08
-9.66855e-07
1.23669e-08
-9.43716e-07
-1.08345e-07
-9.75817e-07
-2.71501e-08
-1.04001e-06
-2.78828e-07
-9.11499e-07
-7.8873e-07
-2.12496e-06
-4.32727e-07
1.85039e-06
-7.45001e-07
1.25021e-06
-8.74283e-07
6.56748e-07
-8.4094e-07
2.28434e-07
-7.09211e-07
-4.2774e-08
-6.04686e-07
-7.59331e-08
-5.05625e-07
-9.87065e-08
-3.90171e-07
-6.85766e-08
-3.0693e-07
-5.0013e-08
-2.62206e-07
-4.69637e-08
-2.00998e-07
-2.5866e-08
-1.78143e-07
-3.09129e-08
-1.56042e-07
-2.0374e-08
-1.49439e-07
-6.05793e-08
-1.23056e-07
-1.40168e-08
-1.09839e-07
-1.21562e-07
-1.06757e-07
-3.02323e-08
-1.09689e-07
-2.75896e-07
-2.16163e-07
-6.82257e-07
-2.34112e-06
-3.38612e-07
2.189e-06
-6.43065e-07
1.55467e-06
-8.29348e-07
8.43031e-07
-7.96204e-07
1.9529e-07
-6.57412e-07
-1.81566e-07
-5.21224e-07
-2.12121e-07
-3.98654e-07
-2.21276e-07
-2.88973e-07
-1.78258e-07
-2.0873e-07
-1.30256e-07
-1.46681e-07
-1.09013e-07
-1.08952e-07
-6.35948e-08
-7.43941e-08
-6.54707e-08
-7.92838e-08
-1.54843e-08
-7.77725e-08
-6.20906e-08
-1.19143e-07
2.73542e-08
-1.52658e-07
-8.80475e-08
-1.87215e-07
4.3249e-09
-2.23082e-07
-2.40029e-07
-1.85807e-07
-7.19532e-07
-2.52693e-06
-3.22229e-07
2.51123e-06
-6.15778e-07
1.84822e-06
-8.075e-07
1.03475e-06
-7.87092e-07
1.74881e-07
-6.59571e-07
-3.09086e-07
-5.05898e-07
-3.65793e-07
-3.86894e-07
-3.4028e-07
-2.91375e-07
-2.73777e-07
-2.1607e-07
-2.0556e-07
-1.53858e-07
-1.71226e-07
-1.00946e-07
-1.16507e-07
-5.42685e-08
-1.12148e-07
-1.42436e-08
-5.55091e-08
2.1888e-08
-9.82222e-08
5.09126e-08
-1.67043e-09
8.75942e-08
-1.24729e-07
7.82646e-08
1.36545e-08
3.98128e-08
-2.01577e-07
-1.59215e-08
-6.63797e-07
-2.54285e-06
-2.2028e-07
2.73151e-06
-4.45599e-07
2.07353e-06
-6.4536e-07
1.23451e-06
-6.6851e-07
1.98032e-07
-5.46267e-07
-4.3133e-07
-3.78289e-07
-5.33772e-07
-2.50532e-07
-4.68037e-07
-1.59343e-07
-3.64966e-07
-9.79299e-08
-2.66973e-07
-5.90979e-08
-2.10058e-07
-3.73439e-08
-1.38261e-07
-2.33678e-08
-1.26124e-07
-1.63494e-08
-6.25276e-08
-2.15708e-08
-9.30009e-08
-9.23905e-09
-1.40021e-08
-3.77903e-08
-9.61778e-08
-1.60503e-08
-8.08557e-09
-1.55072e-08
-2.02121e-07
-1.92293e-08
-6.60075e-07
-2.56208e-06
-1.0475e-07
2.83626e-06
-2.91291e-07
2.26008e-06
-4.23766e-07
1.36699e-06
-4.39208e-07
2.13474e-07
-3.42206e-07
-5.28332e-07
-2.21511e-07
-6.54467e-07
-1.39683e-07
-5.49865e-07
-8.50817e-08
-4.19567e-07
-4.09195e-08
-3.11135e-07
-1.56807e-08
-2.35297e-07
1.48032e-08
-1.68745e-07
3.0294e-08
-1.41615e-07
4.69049e-08
-7.91385e-08
5.94218e-08
-1.05518e-07
5.94377e-08
-1.40181e-08
6.41648e-08
-1.00905e-07
4.43196e-08
1.17596e-08
4.63365e-09
-1.62435e-07
-2.09224e-08
-6.34519e-07
-2.583e-06
-1.63978e-08
2.85266e-06
-6.76485e-08
2.31133e-06
-7.37106e-08
1.37305e-06
-5.90797e-08
1.98843e-07
-2.85268e-08
-5.58885e-07
-4.29486e-09
-6.78699e-07
1.14191e-08
-5.65579e-07
8.87966e-09
-4.17028e-07
1.83202e-08
-3.20576e-07
1.66997e-08
-2.33676e-07
2.27242e-08
-1.74769e-07
1.68156e-08
-1.35706e-07
2.3573e-08
-8.58958e-08
1.35872e-08
-9.5532e-08
2.75592e-08
-2.79901e-08
1.26364e-08
-8.59821e-08
1.98162e-08
4.57976e-09
2.90305e-08
-1.71649e-07
3.09215e-08
-6.3641e-07
-2.55208e-06
1.25733e-07
2.72693e-06
2.64892e-07
2.17217e-06
2.87347e-07
1.3506e-06
3.05736e-07
1.80454e-07
2.82563e-07
-5.35712e-07
2.7759e-07
-6.73726e-07
2.48488e-07
-5.36477e-07
2.14514e-07
-3.83054e-07
1.70716e-07
-2.76778e-07
1.42373e-07
-2.05333e-07
1.20039e-07
-1.52435e-07
1.08429e-07
-1.24097e-07
1.00187e-07
-7.76535e-08
8.54677e-08
-8.08126e-08
6.97723e-08
-1.22946e-08
5.7247e-08
-7.34568e-08
4.01194e-08
2.17074e-08
-2.89247e-09
-1.28637e-07
-3.43652e-08
-6.04937e-07
-2.58645e-06
5.39401e-07
2.18753e-06
7.20109e-07
1.99146e-06
7.74162e-07
1.29654e-06
7.83697e-07
1.70919e-07
6.4451e-07
-3.96526e-07
4.27264e-07
-4.5648e-07
2.5739e-07
-3.66602e-07
1.80739e-07
-3.06404e-07
1.45188e-07
-2.41226e-07
1.20877e-07
-1.81023e-07
9.7741e-08
-1.29299e-07
6.76354e-08
-9.39911e-08
6.56666e-08
-7.56847e-08
3.81609e-08
-5.33068e-08
6.75084e-08
-4.16422e-08
8.68983e-08
-9.28467e-08
5.90853e-08
4.95203e-08
5.47706e-08
-1.24322e-07
4.03182e-08
-5.90485e-07
-2.54613e-06
6.99154e-07
1.48837e-06
9.16166e-07
1.77445e-06
1.05934e-06
1.15337e-06
1.04229e-06
1.8796e-07
9.31864e-07
-2.86096e-07
7.97653e-07
-3.22268e-07
6.35933e-07
-2.04883e-07
4.50914e-07
-1.21385e-07
3.08203e-07
-9.85154e-08
2.10784e-07
-8.36039e-08
1.75287e-07
-9.38016e-08
1.46856e-07
-6.55596e-08
1.35308e-07
-6.41372e-08
1.20629e-07
-3.86274e-08
7.82247e-08
7.61756e-10
2.00695e-08
-3.46915e-08
2.96111e-08
3.99788e-08
-9.18326e-09
-8.5528e-08
-4.86987e-08
-5.5097e-07
-2.59483e-06
7.97028e-07
6.91343e-07
1.11483e-06
1.45664e-06
1.26403e-06
1.00418e-06
1.09591e-06
3.56078e-07
8.50326e-07
-4.0512e-08
7.39138e-07
-2.1108e-07
6.61628e-07
-1.27373e-07
5.58439e-07
-1.81956e-08
4.07169e-07
5.27551e-08
2.94905e-07
2.86602e-08
1.93035e-07
8.06747e-09
1.29324e-07
-1.84844e-09
6.7204e-08
-2.01703e-09
-3.20528e-08
6.06295e-08
4.76113e-08
-7.89023e-08
-1.01297e-08
2.30495e-08
2.13643e-08
8.48478e-09
7.00383e-08
-1.34202e-07
2.16884e-08
-5.0262e-07
-2.57314e-06
6.88198e-07
3.14511e-09
1.20476e-06
9.40082e-07
1.45214e-06
7.56803e-07
1.26729e-06
5.40926e-07
8.22925e-07
4.03852e-07
3.87554e-07
2.24291e-07
1.54893e-07
1.05288e-07
6.88331e-08
6.78641e-08
8.30561e-08
3.8532e-08
6.09353e-08
5.07811e-08
1.15612e-07
-4.66088e-08
1.92364e-08
9.45267e-08
1.17004e-07
-9.97845e-08
9.26787e-08
8.49546e-08
7.70718e-08
-6.32954e-08
5.99543e-08
4.0167e-08
8.86655e-08
-2.02263e-08
1.16038e-07
-1.61575e-07
-1.73876e-08
-3.69194e-07
-2.59053e-06
3.60239e-07
-3.57094e-07
7.11043e-07
5.89278e-07
9.25019e-07
5.42827e-07
9.77747e-07
4.88197e-07
9.63694e-07
4.17906e-07
8.78077e-07
3.09908e-07
8.02567e-07
1.80799e-07
7.13417e-07
1.57013e-07
6.54134e-07
9.78156e-08
5.59014e-07
1.45901e-07
5.07115e-07
5.28993e-09
4.36017e-07
1.65625e-07
2.88764e-07
4.74685e-08
2.02144e-07
1.71575e-07
-1.32626e-07
2.71474e-07
-4.14315e-07
3.21856e-07
-1.82778e-07
-2.51763e-07
-6.69037e-08
-2.77449e-07
2.05761e-08
-4.56674e-07
-2.56995e-06
2.81676e-07
-6.3877e-07
5.13946e-07
3.57008e-07
4.49669e-07
6.07104e-07
3.9008e-07
5.47786e-07
3.35829e-07
4.72156e-07
3.15726e-07
3.30011e-07
1.9113e-07
3.05394e-07
1.40124e-07
2.08019e-07
2.34467e-10
2.37705e-07
-2.65184e-08
1.72654e-07
-1.58547e-07
1.37319e-07
-1.82104e-07
1.89181e-07
-1.93866e-07
5.92308e-08
-2.85518e-07
2.63226e-07
5.34779e-09
-1.93913e-08
1.27603e-07
1.99601e-07
3.4547e-08
-1.58707e-07
-2.34428e-07
-8.474e-09
-8.81997e-08
-6.02902e-07
-2.65815e-06
3.32975e-08
-6.72067e-07
1.61906e-07
2.284e-07
2.62421e-07
5.06588e-07
4.4088e-07
3.69328e-07
4.55897e-07
4.5714e-07
5.21553e-07
2.64354e-07
4.98197e-07
3.2875e-07
4.81299e-07
2.24918e-07
4.72664e-07
2.4634e-07
4.52379e-07
1.92939e-07
4.52249e-07
1.3745e-07
3.51638e-07
2.89792e-07
4.2625e-07
-1.53813e-08
3.53079e-07
3.36398e-07
2.9569e-07
3.79975e-08
4.3413e-07
6.11607e-08
3.2668e-07
-5.12565e-08
4.60778e-08
2.72128e-07
7.52718e-08
-6.32096e-07
-2.58288e-06
-2.75937e-07
-3.9613e-07
-5.29517e-07
4.81981e-07
-3.20745e-07
2.97815e-07
-2.45103e-07
2.93686e-07
-1.90007e-07
4.02043e-07
-1.51831e-07
2.26178e-07
-7.85083e-08
2.55428e-07
-1.05767e-07
2.52177e-07
-2.88238e-08
1.69397e-07
-4.08481e-08
2.04963e-07
-3.42854e-08
1.30887e-07
8.33813e-08
1.72125e-07
-5.27435e-08
1.20744e-07
3.26044e-08
2.5105e-07
-5.8758e-08
1.2936e-07
-3.09291e-07
3.11693e-07
1.32482e-07
-4.9303e-07
2.85029e-07
1.19581e-07
4.8536e-08
-3.95603e-07
-2.53434e-06
-5.20208e-08
-3.4411e-07
2.4928e-07
1.8068e-07
3.10511e-07
2.36584e-07
3.21821e-07
2.82377e-07
4.13873e-07
3.09991e-07
4.51561e-07
1.8849e-07
5.03728e-07
2.0326e-07
5.58533e-07
1.97372e-07
5.67382e-07
1.60548e-07
6.20773e-07
1.51571e-07
5.74219e-07
1.77441e-07
5.91527e-07
1.54818e-07
6.18553e-07
9.37171e-08
5.12007e-07
3.57595e-07
7.02339e-07
-6.09719e-08
5.94037e-07
4.19996e-07
4.12727e-07
-3.1172e-07
2.94624e-07
2.37685e-07
2.52694e-07
-3.53673e-07
-2.28165e-06
-7.36697e-07
3.92588e-07
-8.48877e-07
2.92859e-07
-8.48828e-07
2.36536e-07
-7.45542e-07
1.79091e-07
-6.49655e-07
2.14104e-07
-5.97294e-07
1.36129e-07
-5.46543e-07
1.52509e-07
-5.03547e-07
1.54377e-07
-4.61231e-07
1.18232e-07
-4.23356e-07
1.13696e-07
-3.57351e-07
1.11436e-07
-2.96796e-07
9.42623e-08
-2.57111e-07
5.40322e-08
-7.82778e-08
1.78763e-07
-2.03134e-07
6.38838e-08
6.8264e-08
1.48598e-07
-2.23709e-07
-1.9747e-08
8.74894e-08
-7.3514e-08
7.29777e-07
-9.95961e-07
-1.55187e-06
3.92588e-07
6.85447e-07
9.21983e-07
1.10107e-06
1.31518e-06
1.45131e-06
1.60382e-06
1.75819e-06
1.87642e-06
1.99012e-06
2.10156e-06
2.19582e-06
2.24985e-06
2.42861e-06
2.4925e-06
2.64109e-06
2.62135e-06
2.54783e-06
1.55187e-06
)
;

boundaryField
{
    movingWall
    {
        type            calculated;
        value           uniform 0;
    }
    fixedWalls
    {
        type            calculated;
        value           uniform 0;
    }
    frontAndBack
    {
        type            empty;
        value           nonuniform 0();
    }
}


// ************************************************************************* //
