/*--------------------------------*- C++ -*----------------------------------*\
| =========                 |                                                 |
| \\      /  F ield         | OpenFOAM: The Open Source CFD Toolbox           |
|  \\    /   O peration     | Version:  5.x                                   |
|   \\  /    A nd           | Web:      www.OpenFOAM.org                      |
|    \\/     M anipulation  |                                                 |
\*---------------------------------------------------------------------------*/
FoamFile
{
    version     2.0;
    format      ascii;
    class       volVectorField;
    location    "9.5";
    object      U;
}
// * * * * * * * * * * * * * * * * * * * * * * * * * * * * * * * * * * * * * //

dimensions      [0 1 -1 0 0 0 0];

internalField   nonuniform List<vector> 
400
(
(-0.012061 0.00587329 0)
(-0.0256038 0.00354457 0)
(-0.0342924 0.00462134 0)
(-0.0413249 0.000998791 0)
(-0.0437891 -0.00178703 0)
(-0.0450578 -0.00261572 0)
(-0.0447592 -0.00228938 0)
(-0.0450216 -0.000408238 0)
(-0.0493495 -0.000957819 0)
(-0.0482481 -0.00488436 0)
(-0.0434827 -0.000319801 0)
(-0.0517988 0.000223821 0)
(-0.0463051 -0.00407262 0)
(-0.0460953 -0.000910193 0)
(-0.0506201 -0.00154919 0)
(-0.0444348 -0.00301704 0)
(-0.0474436 -0.0020392 0)
(-0.0396223 -0.00600349 0)
(-0.0400434 -0.00935656 0)
(-0.00250389 -0.0148963 0)
(-0.00725197 0.0262844 0)
(-0.0160454 0.0182076 0)
(-0.0199403 0.0116146 0)
(-0.0194936 0.00770629 0)
(-0.0194444 0.00491442 0)
(-0.0199244 0.00341274 0)
(-0.0191863 0.00248521 0)
(-0.0196288 0.00363471 0)
(-0.0189493 0.00308481 0)
(-0.0191304 0.00162049 0)
(-0.0200859 0.00244136 0)
(-0.019365 0.00126243 0)
(-0.0201756 0.00156339 0)
(-0.0180312 0.000514872 0)
(-0.0222364 0.00174278 0)
(-0.0152522 -0.000748983 0)
(-0.0233828 -0.000906871 0)
(-0.0161194 -0.00972259 0)
(-0.0284271 -0.0203187 0)
(-0.00361734 -0.0386268 0)
(-0.00501363 0.0322727 0)
(-0.013604 0.0206279 0)
(-0.0170778 0.0102584 0)
(-0.0177897 0.0035831 0)
(-0.0148356 -0.000852207 0)
(-0.0132871 -0.00203891 0)
(-0.0107642 -0.00243791 0)
(-0.00896743 -0.00161049 0)
(-0.00719355 -0.00156766 0)
(-0.00468282 -0.00167492 0)
(-0.00611482 -0.0011887 0)
(-0.00155597 -0.00152725 0)
(-0.00608302 -0.00144036 0)
(0.00045119 -0.00262095 0)
(-0.00702505 -0.00120304 0)
(0.00249977 -0.00342552 0)
(-0.00711031 7.77683e-05 0)
(0.00256215 -0.00026193 0)
(-0.00752815 -0.00874989 0)
(0.000305616 -0.0437941 0)
(-0.00357016 0.0407885 0)
(-0.0109625 0.0286792 0)
(-0.015647 0.015672 0)
(-0.0172946 0.00517487 0)
(-0.0136012 -0.00112368 0)
(-0.0121992 -0.00134254 0)
(-0.00894203 -0.00186614 0)
(-0.00654117 -0.00135658 0)
(-0.00545085 -0.00062511 0)
(-0.00259329 -0.000380958 0)
(-0.00354391 0.000204302 0)
(-0.000512426 0.000261104 0)
(-0.00277921 0.000552772 0)
(-4.11937e-05 0.000201113 0)
(-0.00339082 0.000745162 0)
(-0.00102951 -0.00108664 0)
(-0.00544137 -0.00111785 0)
(-0.00155024 -0.010159 0)
(-0.00831383 -0.0196962 0)
(0.00190442 -0.0496473 0)
(-0.00334333 0.0455814 0)
(-0.010401 0.0324456 0)
(-0.0152317 0.0173883 0)
(-0.0167437 0.00248482 0)
(-0.0136772 -0.00595674 0)
(-0.0119953 -0.00677298 0)
(-0.00869127 -0.00661506 0)
(-0.00647161 -0.00550991 0)
(-0.00557509 -0.00438432 0)
(-0.00275507 -0.00381138 0)
(-0.00373345 -0.00267647 0)
(1.44334e-05 -0.0028814 0)
(-0.00245928 -0.0012423 0)
(0.00204233 -0.00280897 0)
(-0.00136456 0.000152338 0)
(0.00369094 -0.00277691 0)
(-0.000548119 0.00120094 0)
(0.00396695 -0.000193223 0)
(-0.00266239 -0.0083068 0)
(0.0022551 -0.04885 0)
(-0.00235902 0.0534464 0)
(-0.00713449 0.0400731 0)
(-0.0116525 0.0230094 0)
(-0.0138414 0.00404514 0)
(-0.0118486 -0.00709235 0)
(-0.00912764 -0.00852019 0)
(-0.00645241 -0.0075035 0)
(-0.0033684 -0.00580259 0)
(-0.00331032 -0.00410699 0)
(-0.000407709 -0.00322337 0)
(-0.00215578 -0.00193829 0)
(0.000830044 -0.00151844 0)
(-0.00191397 -0.000792568 0)
(0.00138637 -0.000909694 0)
(-0.00239927 -0.000171069 0)
(0.002132 -0.00179986 0)
(-0.00388538 -0.000480859 0)
(0.00342872 -0.00708527 0)
(-0.00424825 -0.0171972 0)
(0.00367174 -0.0518268 0)
(0.000934393 0.0547771 0)
(-0.00554873 0.0419775 0)
(-0.00716819 0.025106 0)
(-0.00921583 0.00344185 0)
(-0.00744431 -0.0105884 0)
(-0.00542064 -0.0128986 0)
(-0.00384917 -0.0111743 0)
(-0.00164988 -0.00878441 0)
(-0.00198903 -0.00666812 0)
(0.000483799 -0.00537815 0)
(-0.00122748 -0.0038262 0)
(0.00196022 -0.00372006 0)
(-0.000971464 -0.00193935 0)
(0.00313152 -0.0030495 0)
(-0.00108387 -0.000528575 0)
(0.00380078 -0.00239587 0)
(-0.00160112 3.30865e-05 0)
(0.00369692 -0.00173646 0)
(-0.0036311 -0.010471 0)
(0.00304543 -0.0504714 0)
(0.000939619 0.0575808 0)
(-0.00174253 0.0477433 0)
(-0.0015489 0.0286384 0)
(-0.00117167 0.00475112 0)
(-0.000921023 -0.0108533 0)
(6.09983e-06 -0.013372 0)
(-0.00023528 -0.0108883 0)
(0.000828774 -0.00777903 0)
(-0.000613709 -0.00563367 0)
(0.00150138 -0.00371042 0)
(-0.00100093 -0.00266881 0)
(0.00209839 -0.00166198 0)
(-0.00160009 -0.000987121 0)
(0.00275118 -0.000874538 0)
(-0.00237466 9.02378e-05 0)
(0.00372148 -0.00129505 0)
(-0.00339403 0.000580174 0)
(0.00442349 -0.00416181 0)
(-0.00354435 -0.0136081 0)
(0.00501076 -0.0518771 0)
(-0.00056085 0.0577107 0)
(0.00493241 0.0446855 0)
(0.00441987 0.0266028 0)
(0.00717425 0.00269081 0)
(0.00628814 -0.0112217 0)
(0.00578102 -0.0136362 0)
(0.00475729 -0.011465 0)
(0.00506378 -0.00918827 0)
(0.00309061 -0.00740295 0)
(0.00404612 -0.00602036 0)
(0.00127337 -0.00459856 0)
(0.00388165 -0.00409246 0)
(7.4787e-05 -0.00269162 0)
(0.00432166 -0.00324788 0)
(-0.00130019 -0.00136388 0)
(0.00449199 -0.00242812 0)
(-0.00260457 -0.000482492 0)
(0.00457633 -0.00324399 0)
(-0.00479997 -0.0131082 0)
(0.00376092 -0.0510543 0)
(0.00559593 0.054167 0)
(0.0142056 0.0445198 0)
(0.013089 0.0291683 0)
(0.017655 0.00501126 0)
(0.0156744 -0.00949123 0)
(0.01096 -0.0125813 0)
(0.00557867 -0.00951201 0)
(0.00468668 -0.00572402 0)
(0.00219963 -0.0033344 0)
(0.00388502 -0.00180258 0)
(0.000616218 -0.00118505 0)
(0.00360693 -0.000531416 0)
(-0.00119871 -0.000156785 0)
(0.0041474 0.000306566 0)
(-0.00289524 0.000968989 0)
(0.00598172 -0.00028977 0)
(-0.0029883 0.00152206 0)
(0.0057904 -0.00148786 0)
(-0.00402415 -0.00990437 0)
(0.00593672 -0.0512926 0)
(0.00998073 0.0356907 0)
(0.0158906 0.0375866 0)
(0.019338 0.0245368 0)
(0.0235486 0.00247558 0)
(0.0200886 -0.00565036 0)
(0.0177521 -0.00566605 0)
(0.0142467 -0.00498182 0)
(0.0112192 -0.00649992 0)
(0.0064816 -0.00648573 0)
(0.00602342 -0.00580568 0)
(0.00212025 -0.00430726 0)
(0.00521597 -0.00355512 0)
(0.00028342 -0.00317303 0)
(0.0055441 -0.00269529 0)
(-0.0011794 -0.00283804 0)
(0.00475011 -0.00362564 0)
(-0.00420464 0.000239685 0)
(0.00573141 -0.00381013 0)
(-0.00629758 -0.0147627 0)
(0.00474627 -0.0519458 0)
(0.0117391 0.0254428 0)
(0.0178939 0.034685 0)
(0.0254901 0.0222093 0)
(0.0259288 0.00537986 0)
(0.0193615 -0.00554027 0)
(0.0153679 -0.0067505 0)
(0.0134887 -0.00300104 0)
(0.0132619 0.00183295 0)
(0.00891708 0.00276553 0)
(0.00772404 0.0028033 0)
(0.00370745 0.000900305 0)
(0.00430198 0.00126675 0)
(0.000604187 0.000960099 0)
(0.00231875 0.00139802 0)
(-0.00379139 0.00291189 0)
(0.00597953 0.00231008 0)
(-0.00655544 0.00148574 0)
(0.00769481 0.000596587 0)
(-0.00542743 -0.00641356 0)
(0.00656757 -0.0504329 0)
(0.00494671 0.00182006 0)
(0.0205791 0.02296 0)
(0.0282713 0.017503 0)
(0.0301371 0.00895881 0)
(0.022011 0.00416596 0)
(0.0104699 -0.00165018 0)
(0.00457803 -0.00228351 0)
(0.00152434 -0.00267812 0)
(0.00146674 -0.000918275 0)
(0.00165723 -0.00190755 0)
(0.000966508 -0.000694308 0)
(0.00348172 -0.00139536 0)
(-0.0028109 -0.00110139 0)
(0.00786755 0.000678879 0)
(-0.0046057 -0.00653338 0)
(0.00818533 -0.00126823 0)
(-0.00624532 -0.00110607 0)
(0.0103527 -0.00639463 0)
(-0.00642874 -0.0145135 0)
(0.0060029 -0.0519024 0)
(-0.000623035 -0.0018265 0)
(0.0137458 0.0129413 0)
(0.016269 0.0131041 0)
(0.0195169 0.0121222 0)
(0.0200957 0.0111427 0)
(0.0189604 0.0102481 0)
(0.0154792 0.00667884 0)
(0.0170879 0.00571924 0)
(0.0113654 0.00270484 0)
(0.0150636 0.0042581 0)
(0.00721012 -0.000918225 0)
(0.012694 0.00562393 0)
(0.00490379 -0.00245101 0)
(0.00660472 0.00323353 0)
(0.00192871 0.00451661 0)
(-0.00763517 0.00277888 0)
(-0.0099094 0.000433534 0)
(0.00364895 0.000755032 0)
(-0.00693921 0.000928399 0)
(0.00800346 -0.0510546 0)
(-0.0040293 -0.0113187 0)
(0.0142721 0.0109647 0)
(0.00748314 0.00757744 0)
(0.00999086 0.00720912 0)
(0.00538562 0.00602663 0)
(0.00843669 0.00260641 0)
(0.0038343 0.00101832 0)
(0.00398879 0.0006165 0)
(0.00137378 0.000980454 0)
(-0.00134432 0.00119425 0)
(0.000352536 0.00103952 0)
(-0.00720387 0.00034336 0)
(0.000698275 0.00415631 0)
(-0.00930013 0.00278411 0)
(-0.00131488 0.00523479 0)
(0.00155877 0.00930532 0)
(0.00291096 -0.0115389 0)
(-0.00109383 -0.0130518 0)
(-0.00958738 -0.0209857 0)
(0.0067939 -0.0541032 0)
(-0.00322473 -0.0167445 0)
(0.00481357 0.00271864 0)
(0.00165189 0.0159527 0)
(0.00853628 0.0137385 0)
(0.00873213 0.0120575 0)
(0.0102152 0.0100146 0)
(0.00964415 0.0103286 0)
(0.0111886 0.00725789 0)
(0.00729066 0.00831323 0)
(0.0122876 0.00591977 0)
(0.00527357 0.00489931 0)
(0.0132033 0.00791863 0)
(0.00129301 -0.001632 0)
(0.0148872 0.00865719 0)
(2.18359e-06 -0.00579091 0)
(0.0115273 -0.000376029 0)
(0.00579189 0.00628619 0)
(0.00737735 0.0128506 0)
(-0.00581389 -0.00102649 0)
(0.00927552 -0.0510227 0)
(0.00119482 -0.00738235 0)
(-0.0133843 0.00705305 0)
(-0.00666229 0.00499378 0)
(-0.00561103 0.00180849 0)
(-0.00471573 0.00676482 0)
(-0.00254068 0.000751202 0)
(-0.00385112 0.0035425 0)
(0.00102026 0.00219304 0)
(-0.0057309 0.00126713 0)
(0.00487892 0.00209561 0)
(-0.00689638 3.56459e-05 0)
(0.00582302 0.00293368 0)
(-0.00258181 0.00092068 0)
(9.99966e-05 0.00392672 0)
(0.00161578 0.00746591 0)
(-0.00448309 0.00231683 0)
(-0.00868227 -0.00899566 0)
(0.0150146 -0.00279775 0)
(-0.00543181 -0.0267685 0)
(0.00812412 -0.0538434 0)
(-0.00444416 -0.00969755 0)
(0.00180627 0.0113498 0)
(0.00908906 0.00677668 0)
(0.00357062 0.00955252 0)
(0.00913148 0.00951776 0)
(0.00741087 0.00807304 0)
(0.0104783 0.00630224 0)
(0.00962738 0.00741501 0)
(0.0124084 0.00580776 0)
(0.0107718 0.00569762 0)
(0.0131817 0.00576144 0)
(0.0109656 0.0045245 0)
(0.0115061 0.00426918 0)
(0.0142269 0.00685901 0)
(0.00688259 -0.00267741 0)
(0.0194357 0.010406 0)
(0.00501524 -0.00921449 0)
(0.0130262 0.00871499 0)
(-0.00266277 0.0130945 0)
(0.0140905 -0.0461943 0)
(-0.0195513 -0.00288581 0)
(-0.0117454 -0.00350541 0)
(-0.0211726 0.00209297 0)
(-0.0121493 0.00120149 0)
(-0.0170274 0.00259154 0)
(-0.00875203 -0.000263075 0)
(-0.0155282 0.00176656 0)
(-0.00628169 0.000818387 0)
(-0.0138995 0.000418083 0)
(-0.00382825 0.00058591 0)
(-0.0141646 0.000694711 0)
(0.00102959 0.00119229 0)
(-0.0140198 -0.00106297 0)
(0.00477747 0.00665066 0)
(-0.00833912 -5.62035e-05 0)
(-0.000410114 0.00650381 0)
(0.00382257 -0.00287351 0)
(-0.0144904 -0.00146051 0)
(0.0187056 -0.0296789 0)
(0.0133189 -0.0523224 0)
(0.000261323 0.0169715 0)
(0.0152031 0.014675 0)
(0.0132773 0.00817086 0)
(0.0224234 0.00651119 0)
(0.0223317 0.00623138 0)
(0.0297129 0.00552147 0)
(0.0290741 0.00454632 0)
(0.033926 0.00512282 0)
(0.0373604 0.00444015 0)
(0.0370659 0.00403961 0)
(0.0426929 0.0042332 0)
(0.0414202 0.00279667 0)
(0.0461261 0.00368303 0)
(0.0456467 0.00104738 0)
(0.049367 0.0030047 0)
(0.0508777 -1.63685e-05 0)
(0.0516439 0.00194231 0)
(0.0518669 -0.000247994 0)
(0.0449222 -0.00531568 0)
(0.0251245 -0.00068476 0)
)
;

boundaryField
{
    movingWall
    {
        type            fixedValue;
        value           uniform (1 0 0);
    }
    fixedWalls
    {
        type            noSlip;
    }
    frontAndBack
    {
        type            empty;
    }
}


// ************************************************************************* //
