/*--------------------------------*- C++ -*----------------------------------*\
| =========                 |                                                 |
| \\      /  F ield         | OpenFOAM: The Open Source CFD Toolbox           |
|  \\    /   O peration     | Version:  5.x                                   |
|   \\  /    A nd           | Web:      www.OpenFOAM.org                      |
|    \\/     M anipulation  |                                                 |
\*---------------------------------------------------------------------------*/
FoamFile
{
    version     2.0;
    format      ascii;
    class       volScalarField;
    location    "16.1";
    object      p;
}
// * * * * * * * * * * * * * * * * * * * * * * * * * * * * * * * * * * * * * //

dimensions      [0 2 -2 0 0 0 0];

internalField   nonuniform List<scalar> 
400
(
2.30176e-10
-0.000516952
-0.000911051
-0.00117531
-0.00130851
-0.00139639
-0.00143643
-0.00147542
-0.00148407
-0.00148654
-0.00147038
-0.00145189
-0.00144019
-0.00142771
-0.00141154
-0.00131602
-0.00110388
-0.000770226
-0.000480977
0.000966229
-0.000577835
-0.000931513
-0.00118122
-0.00131601
-0.00136922
-0.0014308
-0.00145724
-0.00147887
-0.00151043
-0.00149003
-0.00149735
-0.0014647
-0.00146126
-0.00145624
-0.00145558
-0.00143946
-0.00135789
-0.001228
-0.00113965
-0.000113247
-0.000939609
-0.00120864
-0.00130208
-0.00137883
-0.00139851
-0.00143079
-0.00145301
-0.00146627
-0.00148156
-0.00147245
-0.00147515
-0.00146138
-0.00146313
-0.00144707
-0.00146017
-0.0013959
-0.00139985
-0.00131246
-0.00124482
-0.000822843
-0.0011606
-0.00131662
-0.00135211
-0.00138632
-0.00140036
-0.00142485
-0.00144728
-0.00146065
-0.00147765
-0.00147784
-0.00148041
-0.00146859
-0.00146914
-0.00146207
-0.001472
-0.00146308
-0.00144809
-0.00138707
-0.00145754
-0.00125056
-0.00127825
-0.00135502
-0.00136191
-0.00139496
-0.00140133
-0.00142646
-0.00144472
-0.00145732
-0.0014745
-0.00147136
-0.00147876
-0.00146451
-0.00147028
-0.00146603
-0.00147765
-0.00145347
-0.00147889
-0.00144141
-0.00144908
-0.00139216
-0.00132656
-0.00136488
-0.00138056
-0.00139492
-0.0014109
-0.00142944
-0.0014487
-0.00146203
-0.00147736
-0.00147836
-0.00147961
-0.00147463
-0.0014715
-0.00147037
-0.00149327
-0.00147452
-0.00151925
-0.00145697
-0.00153099
-0.00145824
-0.00136261
-0.00138242
-0.00138507
-0.00140603
-0.00141154
-0.00143379
-0.00145086
-0.00146728
-0.00148725
-0.0014875
-0.00148456
-0.00145876
-0.00146616
-0.00148271
-0.00149304
-0.00148013
-0.00153466
-0.00147821
-0.00149172
-0.00148396
-0.00136662
-0.00137683
-0.00138149
-0.00139759
-0.00141439
-0.00143494
-0.00145935
-0.00148093
-0.00150257
-0.00150772
-0.00150946
-0.00149956
-0.00146501
-0.00147254
-0.00150287
-0.00148712
-0.00152449
-0.00150047
-0.0015611
-0.00149342
-0.00136693
-0.00138971
-0.00139058
-0.00141233
-0.00141938
-0.0014381
-0.00147006
-0.00149655
-0.00153935
-0.0015387
-0.00151996
-0.00150818
-0.0014846
-0.00150937
-0.00155184
-0.00151453
-0.00154808
-0.00149451
-0.00154186
-0.00145633
-0.00137454
-0.00137819
-0.00137419
-0.00139367
-0.00140382
-0.00141886
-0.00145913
-0.00150693
-0.00156431
-0.00158246
-0.0015892
-0.0015906
-0.00152659
-0.00149767
-0.00153709
-0.00149363
-0.00152028
-0.00147421
-0.00149193
-0.00149852
-0.00136854
-0.00139064
-0.00139345
-0.00140755
-0.00142838
-0.00143972
-0.00148193
-0.00154156
-0.00160145
-0.00161725
-0.00164524
-0.00164943
-0.00162298
-0.00154864
-0.00161682
-0.00154006
-0.00167692
-0.00157208
-0.00159129
-0.00155138
-0.00138197
-0.00138661
-0.00138566
-0.00139543
-0.00142618
-0.00141854
-0.00147709
-0.00157483
-0.00168092
-0.00167409
-0.00164657
-0.00168541
-0.00165835
-0.00149942
-0.00158425
-0.00151401
-0.00161366
-0.00152183
-0.00159745
-0.00151554
-0.00137337
-0.00136442
-0.00138332
-0.0013846
-0.00143443
-0.00141419
-0.00153711
-0.00164039
-0.00180612
-0.00178515
-0.00168457
-0.00182094
-0.00167073
-0.00149199
-0.0016101
-0.00148421
-0.00156127
-0.0014995
-0.00152151
-0.00142471
-0.00136649
-0.00138802
-0.00138808
-0.00136329
-0.00142604
-0.00139663
-0.00151687
-0.00164213
-0.0018171
-0.00184681
-0.00169994
-0.00186235
-0.0015862
-0.00147516
-0.00151208
-0.0014594
-0.0015353
-0.00135559
-0.00141365
-0.00134667
-0.00133363
-0.00135092
-0.00136815
-0.0013412
-0.001392
-0.00132796
-0.00147006
-0.00155113
-0.00174027
-0.00179247
-0.0016806
-0.00174498
-0.00154043
-0.00146864
-0.00158181
-0.00146795
-0.00150712
-0.00136265
-0.00130728
-0.00134789
-0.00125572
-0.0013038
-0.00134297
-0.00131254
-0.00139685
-0.00130342
-0.00140702
-0.00148764
-0.00155459
-0.00165513
-0.00162628
-0.0016668
-0.001538
-0.00152988
-0.00155432
-0.00133245
-0.00129383
-0.00134046
-0.00122834
-0.00133687
-0.0011508
-0.00124786
-0.00133502
-0.00132567
-0.00134928
-0.00133609
-0.00138686
-0.00142892
-0.00148475
-0.00155958
-0.00159852
-0.00146327
-0.00129811
-0.0018325
-0.00159348
-0.00151884
-0.00147441
-0.00140588
-0.0014493
-0.00114524
-0.000970992
-0.00115281
-0.00124293
-0.00129962
-0.00133993
-0.00133323
-0.00137792
-0.0014329
-0.00146164
-0.00155311
-0.00171235
-0.00179595
-0.00163411
-0.00149078
-0.00135448
-0.00140004
-0.00136392
-0.00113343
-0.000906376
-0.000708863
-0.000707174
-0.000931451
-0.00117514
-0.00122579
-0.00126656
-0.00125126
-0.00132977
-0.00143054
-0.00149308
-0.00169534
-0.00199336
-0.00188156
-0.00164417
-0.00122669
-0.00126029
-0.00145218
-0.00123492
-0.00154904
-0.00122323
-0.000261856
-0.000422538
-0.000661751
-0.000998678
-0.00122636
-0.00130778
-0.00134233
-0.00135876
-0.00144059
-0.00157852
-0.00167298
-0.00162093
-0.00147555
-0.00130153
-0.00125177
-0.00128352
-0.00133669
-0.00125485
-0.000908669
-0.000294074
0.00164024
)
;

boundaryField
{
    movingWall
    {
        type            zeroGradient;
    }
    fixedWalls
    {
        type            zeroGradient;
    }
    frontAndBack
    {
        type            empty;
    }
}


// ************************************************************************* //
