/*--------------------------------*- C++ -*----------------------------------*\
| =========                 |                                                 |
| \\      /  F ield         | OpenFOAM: The Open Source CFD Toolbox           |
|  \\    /   O peration     | Version:  5.x                                   |
|   \\  /    A nd           | Web:      www.OpenFOAM.org                      |
|    \\/     M anipulation  |                                                 |
\*---------------------------------------------------------------------------*/
FoamFile
{
    version     2.0;
    format      ascii;
    class       volScalarField;
    location    "10.1";
    object      p;
}
// * * * * * * * * * * * * * * * * * * * * * * * * * * * * * * * * * * * * * //

dimensions      [0 2 -2 0 0 0 0];

internalField   nonuniform List<scalar> 
400
(
-9.80802e-11
-0.000433132
-0.000753573
-0.00094155
-0.0010659
-0.00113716
-0.00117621
-0.00118918
-0.0012002
-0.00121671
-0.00119196
-0.00117494
-0.00120257
-0.00116765
-0.00114866
-0.00112806
-0.000993396
-0.000758294
-0.000599996
0.000328987
-0.000537259
-0.000776953
-0.000936614
-0.0010285
-0.00111742
-0.001168
-0.00117403
-0.00118903
-0.00120715
-0.00121847
-0.00120003
-0.00117925
-0.00121753
-0.00117692
-0.0011591
-0.0011546
-0.00114029
-0.00109431
-0.00103634
-0.000402231
-0.00070357
-0.000855903
-0.000967526
-0.00105119
-0.00111199
-0.00115567
-0.0011798
-0.00119377
-0.00120781
-0.00119803
-0.00120586
-0.00117922
-0.00120477
-0.00117862
-0.00118185
-0.001173
-0.00116702
-0.00112584
-0.00109505
-0.000807296
-0.000850009
-0.000934453
-0.00101148
-0.00108361
-0.00113611
-0.001176
-0.00119632
-0.00120159
-0.00121205
-0.00120422
-0.00120709
-0.00118729
-0.0011941
-0.00117395
-0.00117268
-0.00115379
-0.001164
-0.00114754
-0.00119027
-0.00105292
-0.000976655
-0.0010268
-0.00108164
-0.00114092
-0.00118065
-0.00120476
-0.00121759
-0.00121466
-0.00122046
-0.00120593
-0.00121091
-0.00118983
-0.00120185
-0.00118023
-0.00119586
-0.0011812
-0.00120104
-0.0011826
-0.0011883
-0.00110779
-0.00110858
-0.00114775
-0.00120039
-0.00125267
-0.00126993
-0.00126972
-0.00126536
-0.00124568
-0.00123838
-0.0012173
-0.00121263
-0.00119269
-0.00119177
-0.00117363
-0.00117583
-0.0011574
-0.00117301
-0.00113929
-0.00116913
-0.00114093
-0.00125315
-0.00131302
-0.00139286
-0.00143234
-0.00140906
-0.00135814
-0.00132089
-0.00128014
-0.00125769
-0.00122962
-0.00122176
-0.00119933
-0.00120375
-0.00118051
-0.00119633
-0.00117419
-0.00119659
-0.00117131
-0.00120542
-0.00114874
-0.0014503
-0.00151704
-0.00164213
-0.00166487
-0.00160005
-0.00148053
-0.00138908
-0.00131609
-0.00127453
-0.00123447
-0.00121968
-0.00119257
-0.00119152
-0.00116859
-0.0011772
-0.0011538
-0.00117313
-0.00113494
-0.00116237
-0.00114491
-0.00158226
-0.00170615
-0.00184765
-0.00192054
-0.00181112
-0.00160825
-0.00145122
-0.00134777
-0.0012935
-0.00124268
-0.00123148
-0.00119574
-0.00120192
-0.00117253
-0.00118972
-0.00115944
-0.0011897
-0.00115466
-0.00120398
-0.00114707
-0.00157762
-0.00175357
-0.00194842
-0.0020648
-0.00193347
-0.00168013
-0.00147495
-0.00134438
-0.00128885
-0.00122255
-0.00121422
-0.00117521
-0.00118543
-0.00115122
-0.00117586
-0.00114378
-0.00117195
-0.0011254
-0.00115984
-0.00113707
-0.00143037
-0.00165333
-0.00192932
-0.00205361
-0.00195488
-0.0016777
-0.00146637
-0.00133712
-0.00127132
-0.00122203
-0.00120531
-0.00118028
-0.00118667
-0.00115872
-0.00117342
-0.00114088
-0.00118286
-0.00113286
-0.00119604
-0.00113725
-0.00109311
-0.00141353
-0.00172859
-0.00190223
-0.00184353
-0.00159214
-0.00139411
-0.00128796
-0.00125103
-0.00120659
-0.00118041
-0.00115512
-0.00115468
-0.00113048
-0.00115204
-0.00112887
-0.00116986
-0.00111665
-0.00115727
-0.00109965
-0.000677866
-0.00110063
-0.00137939
-0.00152399
-0.00154145
-0.00138032
-0.00120595
-0.00118016
-0.001181
-0.00117917
-0.00114961
-0.00116009
-0.00116507
-0.00114622
-0.00116731
-0.00111155
-0.00115846
-0.00111905
-0.00115668
-0.00109647
-0.000667938
-0.00106127
-0.00111577
-0.00113403
-0.00117956
-0.00116567
-0.00113745
-0.00112661
-0.00111943
-0.00111733
-0.00111863
-0.00113011
-0.00112346
-0.00110491
-0.00108746
-0.00112372
-0.00115267
-0.00105487
-0.00114516
-0.00111263
-0.000892889
-0.00110132
-0.00103284
-0.00101692
-0.00106896
-0.00109151
-0.00109017
-0.0010698
-0.00109735
-0.00110302
-0.00112265
-0.001164
-0.00110845
-0.00119664
-0.00112906
-0.00117299
-0.0012089
-0.00115335
-0.00125772
-0.00115224
-0.00110858
-0.00112096
-0.00104664
-0.00101104
-0.00104018
-0.00105003
-0.00109272
-0.0010797
-0.00109453
-0.00108419
-0.00109168
-0.00109017
-0.00108651
-0.00111131
-0.00108981
-0.00108555
-0.00110724
-0.00114729
-0.00115525
-0.00110075
-0.00100178
-0.00111626
-0.00106014
-0.00099061
-0.00100839
-0.0010184
-0.00104129
-0.00103301
-0.00108584
-0.00106851
-0.00111708
-0.00111188
-0.0011025
-0.0011578
-0.001088
-0.00119733
-0.00129577
-0.00111952
-0.00123806
-0.000988604
-0.000951346
-0.00109196
-0.00102249
-0.0010086
-0.00100859
-0.00102523
-0.00104151
-0.00105557
-0.00107121
-0.00107716
-0.00109492
-0.00106337
-0.00109696
-0.00109759
-0.00110541
-0.00123603
-0.00116435
-0.000939116
-0.000981139
-0.000777376
-0.000909897
-0.00102336
-0.00103047
-0.00102609
-0.000990484
-0.000997634
-0.00103395
-0.00103704
-0.00106068
-0.00107289
-0.00110866
-0.00108086
-0.00114376
-0.0010907
-0.0011525
-0.00116706
-0.00108394
-0.00126749
-0.000983135
-0.000551226
-0.00105426
-0.00100541
-0.000949093
-0.00100815
-0.000985743
-0.00101239
-0.00102326
-0.00104006
-0.00105812
-0.00106972
-0.00106939
-0.00106912
-0.0010684
-0.00105205
-0.00110305
-0.00112103
-0.00108021
-0.000857252
-0.000379996
0.000941428
)
;

boundaryField
{
    movingWall
    {
        type            zeroGradient;
    }
    fixedWalls
    {
        type            zeroGradient;
    }
    frontAndBack
    {
        type            empty;
    }
}


// ************************************************************************* //
