/*--------------------------------*- C++ -*----------------------------------*\
| =========                 |                                                 |
| \\      /  F ield         | OpenFOAM: The Open Source CFD Toolbox           |
|  \\    /   O peration     | Version:  5.x                                   |
|   \\  /    A nd           | Web:      www.OpenFOAM.org                      |
|    \\/     M anipulation  |                                                 |
\*---------------------------------------------------------------------------*/
FoamFile
{
    version     2.0;
    format      ascii;
    class       surfaceScalarField;
    location    "10.1";
    object      phi;
}
// * * * * * * * * * * * * * * * * * * * * * * * * * * * * * * * * * * * * * //

dimensions      [0 3 -1 0 0 0 0];

internalField   nonuniform List<scalar> 
760
(
-1.01713e-06
1.01713e-06
-1.67884e-06
6.61712e-07
-1.98374e-06
3.04892e-07
-2.16806e-06
1.84328e-07
-2.28993e-06
1.21866e-07
-2.31914e-06
2.92114e-08
-2.33475e-06
1.56131e-08
-2.35957e-06
2.48194e-08
-2.39582e-06
3.62463e-08
-2.37702e-06
-1.87971e-08
-2.35528e-06
-2.17405e-08
-2.38157e-06
2.62909e-08
-2.40315e-06
2.15767e-08
-2.31712e-06
-8.60289e-08
-2.35836e-06
4.12384e-08
-2.27997e-06
-7.83882e-08
-2.18354e-06
-9.64269e-08
-1.90222e-06
-2.81328e-07
-1.21895e-06
-6.83269e-07
-1.21895e-06
-4.2064e-07
1.43777e-06
-6.75076e-07
9.16148e-07
-8.19357e-07
4.49173e-07
-8.78224e-07
2.43194e-07
-8.89153e-07
1.32795e-07
-9.53751e-07
9.38096e-08
-9.91691e-07
5.35527e-08
-1.00203e-06
3.51611e-08
-9.86734e-07
2.09478e-08
-1.00415e-06
-1.38149e-09
-1.02318e-06
-2.70972e-09
-9.71678e-07
-2.52114e-08
-9.63932e-07
1.38304e-08
-9.70437e-07
-7.95242e-08
-9.40451e-07
1.12528e-08
-9.38043e-07
-8.0796e-08
-1.01053e-06
-2.3937e-08
-1.02668e-06
-2.65183e-07
-9.28487e-07
-7.8146e-07
-2.14743e-06
-2.30371e-07
1.66814e-06
-3.53372e-07
1.03915e-06
-4.1944e-07
5.15241e-07
-4.36638e-07
2.60392e-07
-4.20907e-07
1.17064e-07
-4.0969e-07
8.25924e-08
-3.6356e-07
7.42292e-09
-3.16631e-07
-1.17675e-08
-2.7887e-07
-1.6813e-08
-2.52285e-07
-2.79675e-08
-2.16523e-07
-3.84715e-08
-1.98837e-07
-4.28976e-08
-1.6252e-07
-2.24865e-08
-1.65787e-07
-7.6257e-08
-1.40776e-07
-1.37582e-08
-1.40902e-07
-8.06695e-08
-1.60016e-07
-4.82335e-09
-1.20747e-07
-3.04451e-07
-2.01949e-07
-7.00258e-07
-2.34938e-06
-1.33917e-07
1.80206e-06
-2.6295e-07
1.16818e-06
-3.89528e-07
6.41819e-07
-4.13454e-07
2.84317e-07
-3.89434e-07
9.30444e-08
-3.5807e-07
5.12288e-08
-3.00849e-07
-4.97988e-08
-2.51956e-07
-6.066e-08
-2.00464e-07
-6.83047e-08
-1.5634e-07
-7.20923e-08
-1.37882e-07
-5.6929e-08
-1.13588e-07
-6.71917e-08
-1.22697e-07
-1.33774e-08
-1.31897e-07
-6.70572e-08
-1.81282e-07
3.56269e-08
-1.81765e-07
-8.01861e-08
-1.82676e-07
-3.91278e-09
-2.28474e-07
-2.58653e-07
-2.02358e-07
-7.26374e-07
-2.55174e-06
-2.16987e-07
2.01905e-06
-3.90949e-07
1.34214e-06
-5.47236e-07
7.98107e-07
-5.68427e-07
3.05508e-07
-5.04845e-07
2.94629e-08
-4.11552e-07
-4.20644e-08
-3.43029e-07
-1.18322e-07
-2.79293e-07
-1.24396e-07
-2.20693e-07
-1.26905e-07
-1.68184e-07
-1.24601e-07
-1.22588e-07
-1.02525e-07
-7.90425e-08
-1.10737e-07
-3.54317e-08
-5.69883e-08
7.08768e-09
-1.09577e-07
5.17829e-08
-9.06823e-09
1.11065e-07
-1.39469e-07
1.03879e-07
3.27347e-09
5.80965e-08
-2.12871e-07
2.90996e-09
-6.71187e-07
-2.54883e-06
-2.09978e-07
2.22902e-06
-4.65201e-07
1.59737e-06
-6.40953e-07
9.73858e-07
-6.75959e-07
3.40514e-07
-5.73263e-07
-7.32326e-08
-4.32016e-07
-1.83312e-07
-3.25872e-07
-2.24466e-07
-2.38011e-07
-2.12257e-07
-1.72925e-07
-1.9199e-07
-1.21445e-07
-1.76081e-07
-9.63056e-08
-1.27665e-07
-7.20014e-08
-1.35041e-07
-6.42134e-08
-6.47762e-08
-6.04999e-08
-1.1329e-07
-4.97671e-08
-1.9801e-08
-7.21724e-08
-1.17063e-07
-4.46671e-08
-2.42319e-08
-2.70537e-08
-2.30484e-07
-2.6562e-08
-6.71679e-07
-2.57539e-06
-2.54425e-07
2.48345e-06
-5.43823e-07
1.88677e-06
-7.34411e-07
1.16445e-06
-7.74728e-07
3.8083e-07
-6.54951e-07
-1.93009e-07
-4.7703e-07
-3.61233e-07
-3.44876e-07
-3.5662e-07
-2.44421e-07
-3.12712e-07
-1.64547e-07
-2.71864e-07
-1.07466e-07
-2.33162e-07
-5.55466e-08
-1.79585e-07
-2.34393e-08
-1.67149e-07
1.29495e-08
-1.01165e-07
3.7089e-08
-1.3743e-07
5.33328e-08
-3.60448e-08
7.50516e-08
-1.38782e-07
5.98102e-08
-8.99047e-09
1.54139e-08
-1.86088e-07
-1.86943e-08
-6.37571e-07
-2.59409e-06
-1.96858e-07
2.68031e-06
-4.31748e-07
2.12166e-06
-6.35577e-07
1.36828e-06
-7.04267e-07
4.4952e-07
-6.3141e-07
-2.65866e-07
-4.47558e-07
-5.45084e-07
-2.93859e-07
-5.10319e-07
-1.95066e-07
-4.11506e-07
-1.30364e-07
-3.36566e-07
-8.68311e-08
-2.76694e-07
-5.54251e-08
-2.10991e-07
-4.37393e-08
-1.78834e-07
-2.23315e-08
-1.22573e-07
-2.55097e-08
-1.34251e-07
-2.86553e-09
-5.8689e-08
-2.14816e-08
-1.20166e-07
-1.10181e-08
-1.9454e-08
7.7005e-09
-2.04806e-07
2.17515e-08
-6.51622e-07
-2.57234e-06
-1.49542e-07
2.82985e-06
-2.04387e-07
2.1765e-06
-3.7713e-07
1.54102e-06
-4.92814e-07
5.65204e-07
-4.65056e-07
-2.93623e-07
-3.07704e-07
-7.02437e-07
-1.59089e-07
-6.58934e-07
-7.11287e-08
-4.99466e-07
-1.14136e-08
-3.96281e-07
1.41166e-08
-3.02225e-07
4.11722e-08
-2.38046e-07
4.61503e-08
-1.83813e-07
6.04063e-08
-1.36829e-07
5.36052e-08
-1.2745e-07
5.91222e-08
-6.42059e-08
6.29008e-08
-1.23945e-07
4.86158e-08
-5.16907e-09
4.40815e-10
-1.56631e-07
-4.41551e-08
-6.07026e-07
-2.61649e-06
1.87063e-07
2.64279e-06
1.40034e-07
2.22353e-06
4.53006e-08
1.63575e-06
-4.19445e-08
6.5245e-07
-5.75733e-08
-2.77995e-07
-4.20208e-08
-7.1799e-07
7.56271e-09
-7.08518e-07
2.51748e-09
-4.9442e-07
1.37218e-08
-4.07485e-07
1.38254e-08
-3.02328e-07
2.71276e-08
-2.51348e-07
7.59448e-09
-1.64279e-07
2.72592e-08
-1.56494e-07
4.58812e-09
-1.04779e-07
4.81666e-08
-1.07784e-07
6.91329e-08
-1.44911e-07
3.49067e-08
2.90572e-08
3.20821e-08
-1.53807e-07
3.2838e-08
-6.07782e-07
-2.58365e-06
2.69763e-07
2.37302e-06
4.07847e-07
2.08545e-06
4.79843e-07
1.56376e-06
4.20777e-07
7.11515e-07
3.00342e-07
-1.5756e-07
2.99503e-07
-7.1715e-07
4.25509e-07
-8.34525e-07
4.65697e-07
-5.34608e-07
3.54273e-07
-2.96061e-07
2.19787e-07
-1.67842e-07
1.59648e-07
-1.91209e-07
1.25057e-07
-1.29689e-07
1.03972e-07
-1.35409e-07
8.50187e-08
-8.58255e-08
6.14553e-08
-8.4221e-08
1.68609e-10
-8.36244e-08
2.37091e-08
5.51664e-09
-1.0957e-09
-1.29002e-07
-5.8515e-08
-5.50362e-07
-2.64217e-06
5.99556e-07
1.77347e-06
9.18145e-07
1.76686e-06
1.04783e-06
1.43407e-06
1.00246e-06
7.5689e-07
7.82198e-07
6.26976e-08
5.18976e-07
-4.53928e-07
3.62984e-07
-6.78533e-07
3.70493e-07
-5.42117e-07
3.35027e-07
-2.60595e-07
2.6312e-07
-9.59356e-08
1.70973e-07
-9.90627e-08
1.01512e-07
-6.02273e-08
3.29403e-08
-6.68375e-08
-7.05103e-08
1.7625e-08
3.29778e-08
-1.87709e-07
-2.6509e-08
-2.41377e-08
1.61373e-08
-3.71296e-08
9.68563e-08
-2.09721e-07
2.74003e-08
-4.80906e-07
-2.61477e-06
1.0511e-06
7.22362e-07
1.51499e-06
1.30297e-06
1.65196e-06
1.2971e-06
1.65192e-06
7.56935e-07
1.57367e-06
1.40946e-07
1.17322e-06
-5.34845e-08
5.55406e-07
-6.07144e-08
1.36175e-07
-1.22886e-07
5.17296e-08
-1.76149e-07
3.21256e-08
-7.63316e-08
1.13494e-07
-1.80431e-07
5.48271e-09
4.7784e-08
1.02722e-07
-1.64077e-07
7.63133e-08
4.40338e-08
5.52768e-08
-1.66673e-07
3.32559e-08
-2.11671e-09
5.73584e-08
-6.12322e-08
9.09767e-08
-2.43339e-07
-2.3832e-08
-3.66098e-07
-2.6386e-06
7.99851e-07
-7.74888e-08
1.20988e-06
8.92937e-07
1.39551e-06
1.11147e-06
1.48769e-06
6.64756e-07
1.46431e-06
1.6433e-07
1.34648e-06
6.43389e-08
1.22587e-06
5.99025e-08
1.04852e-06
5.4465e-08
9.21226e-07
-4.88601e-08
7.92705e-07
5.21896e-08
7.08053e-07
-9.57793e-08
6.38864e-07
1.16974e-07
4.69542e-07
5.24495e-09
3.51501e-07
1.62074e-07
-6.79032e-08
2.52732e-07
-3.87074e-07
3.17054e-07
-2.0871e-07
-2.39596e-07
-1.19625e-07
-3.32424e-07
1.84018e-08
-5.04125e-07
-2.6202e-06
4.02501e-07
-4.79989e-07
8.50345e-07
4.45092e-07
1.04351e-06
9.18312e-07
1.0317e-06
6.76565e-07
7.77325e-07
4.18703e-07
5.69451e-07
2.72214e-07
3.79236e-07
2.50117e-07
3.0329e-07
1.30411e-07
9.89854e-08
1.55445e-07
3.64481e-08
1.14727e-07
-1.36565e-07
7.72341e-08
-1.4675e-07
1.27159e-07
-1.6279e-07
2.12848e-08
-2.24866e-07
2.2415e-07
3.46889e-08
-6.82293e-09
1.54946e-07
1.96797e-07
1.018e-07
-1.86451e-07
-2.17539e-07
-1.30847e-08
-7.80084e-08
-6.43656e-07
-2.69821e-06
1.74137e-07
-6.54127e-07
4.17483e-07
2.01747e-07
6.5201e-07
6.83785e-07
8.35048e-07
4.93526e-07
7.76438e-07
4.77312e-07
8.02198e-07
2.46454e-07
7.24799e-07
3.27515e-07
6.74298e-07
1.80913e-07
5.87609e-07
2.42134e-07
5.20609e-07
1.81726e-07
4.76064e-07
1.21779e-07
3.36358e-07
2.66865e-07
3.74268e-07
-1.6625e-08
3.11897e-07
2.8652e-07
2.39176e-07
6.58981e-08
4.17507e-07
1.84665e-08
4.19318e-07
-1.88261e-07
8.81478e-08
3.18085e-07
8.22637e-08
-6.37772e-07
-2.61594e-06
-1.82863e-07
-4.71264e-07
-4.34993e-07
4.53877e-07
-1.7222e-07
4.21012e-07
-5.38061e-08
3.75112e-07
-1.08328e-08
4.34339e-07
-1.29231e-08
2.48544e-07
5.2029e-08
2.62563e-07
-9.04172e-10
2.33846e-07
6.79508e-08
1.73279e-07
5.13041e-08
1.98373e-07
3.33026e-08
1.39781e-07
1.44212e-07
1.55956e-07
-1.20749e-08
1.39662e-07
5.5377e-08
2.19068e-07
-2.24908e-08
1.43766e-07
-3.24263e-07
3.20238e-07
8.22612e-08
-5.94785e-07
2.85933e-07
1.14413e-07
4.85569e-08
-4.00395e-07
-2.56739e-06
-1.08656e-07
-3.62608e-07
1.90237e-07
1.54984e-07
3.13396e-07
2.97853e-07
3.6895e-07
3.19558e-07
5.04628e-07
2.98662e-07
5.44149e-07
2.09023e-07
5.99157e-07
2.07555e-07
6.42025e-07
1.90978e-07
6.5951e-07
1.55795e-07
7.00157e-07
1.57726e-07
6.65619e-07
1.74319e-07
6.58962e-07
1.62613e-07
6.94906e-07
1.03718e-07
5.65131e-07
3.48843e-07
7.59655e-07
-5.07581e-08
6.91913e-07
3.87981e-07
4.11846e-07
-3.14718e-07
2.92465e-07
2.33795e-07
2.67297e-07
-3.75227e-07
-2.30009e-06
-7.36942e-07
3.74334e-07
-8.27955e-07
2.45997e-07
-8.00606e-07
2.70505e-07
-6.91566e-07
2.10517e-07
-5.76376e-07
1.83472e-07
-5.33055e-07
1.65702e-07
-5.02203e-07
1.76704e-07
-4.45065e-07
1.33839e-07
-4.18572e-07
1.29302e-07
-3.85769e-07
1.24923e-07
-3.1749e-07
1.06039e-07
-2.64197e-07
1.0932e-07
-2.17631e-07
5.71513e-08
-4.92402e-08
1.80453e-07
-1.77967e-07
7.79691e-08
8.83082e-08
1.21705e-07
-2.17075e-07
-9.33504e-09
8.62246e-08
-6.95049e-08
7.29808e-07
-1.01881e-06
-1.57028e-06
3.74334e-07
6.20331e-07
8.90836e-07
1.10135e-06
1.28482e-06
1.45053e-06
1.62723e-06
1.76107e-06
1.89037e-06
2.01529e-06
2.12133e-06
2.23065e-06
2.28781e-06
2.46826e-06
2.54623e-06
2.66793e-06
2.6586e-06
2.58909e-06
1.57028e-06
)
;

boundaryField
{
    movingWall
    {
        type            calculated;
        value           uniform 0;
    }
    fixedWalls
    {
        type            calculated;
        value           uniform 0;
    }
    frontAndBack
    {
        type            empty;
        value           nonuniform 0();
    }
}


// ************************************************************************* //
