/*--------------------------------*- C++ -*----------------------------------*\
| =========                 |                                                 |
| \\      /  F ield         | OpenFOAM: The Open Source CFD Toolbox           |
|  \\    /   O peration     | Version:  5.x                                   |
|   \\  /    A nd           | Web:      www.OpenFOAM.org                      |
|    \\/     M anipulation  |                                                 |
\*---------------------------------------------------------------------------*/
FoamFile
{
    version     2.0;
    format      ascii;
    class       volVectorField;
    location    "10.1";
    object      U;
}
// * * * * * * * * * * * * * * * * * * * * * * * * * * * * * * * * * * * * * //

dimensions      [0 1 -1 0 0 0 0];

internalField   nonuniform List<vector> 
400
(
(-0.0130932 0.00563253 0)
(-0.0308557 0.00205593 0)
(-0.037599 -0.000916889 0)
(-0.0404161 -9.79888e-05 0)
(-0.0451479 -5.78801e-05 0)
(-0.0455335 -0.00281696 0)
(-0.0467206 -0.00197081 0)
(-0.046736 -0.00114596 0)
(-0.0468469 -0.000272646 0)
(-0.0491359 -0.00216851 0)
(-0.0466873 -0.00244088 0)
(-0.0460156 -0.000133787 0)
(-0.0502432 -0.00142825 0)
(-0.0461941 -0.00358422 0)
(-0.0464944 -0.000176791 0)
(-0.0491774 -0.00203137 0)
(-0.0434621 -0.00248832 0)
(-0.0409127 -0.00341645 0)
(-0.0408483 -0.00984897 0)
(-0.00147942 -0.0150214 0)
(-0.00643011 0.0308068 0)
(-0.0120135 0.0215836 0)
(-0.0155159 0.0116825 0)
(-0.0163808 0.00673952 0)
(-0.0183294 0.00442082 0)
(-0.0178627 0.00376468 0)
(-0.0194695 0.00260147 0)
(-0.0203093 0.0021901 0)
(-0.0193729 0.00166973 0)
(-0.0202673 0.00133159 0)
(-0.0204319 0.00148201 0)
(-0.0191906 0.0011364 0)
(-0.0210375 0.00213952 0)
(-0.017046 -3.58562e-05 0)
(-0.0217823 0.00183723 0)
(-0.0153708 -0.00131455 0)
(-0.0231757 -0.00209474 0)
(-0.0164292 -0.00973504 0)
(-0.0280372 -0.020796 0)
(-0.00437776 -0.0388101 0)
(-0.00389328 0.0297965 0)
(-0.00626924 0.0172493 0)
(-0.00802643 0.00753597 0)
(-0.00880568 0.00359973 0)
(-0.00830591 0.00135578 0)
(-0.00865714 0.000373852 0)
(-0.00742663 -0.000346949 0)
(-0.00684592 -0.000771495 0)
(-0.00618515 -0.000814396 0)
(-0.00448286 -0.00135737 0)
(-0.00615309 -0.0015788 0)
(-0.00187815 -0.00206701 0)
(-0.00671363 -0.0014951 0)
(0.00069805 -0.00304197 0)
(-0.00765704 -0.00148329 0)
(0.00224068 -0.00214671 0)
(-0.00821387 0.00135014 0)
(0.00219667 0.000372518 0)
(-0.00782939 -0.00793795 0)
(0.00123475 -0.044406 0)
(-0.0024052 0.0365052 0)
(-0.00347037 0.0244236 0)
(-0.00724044 0.0129134 0)
(-0.00869497 0.00679975 0)
(-0.00748033 0.00323383 0)
(-0.00814887 0.00272495 0)
(-0.00624843 0.000614154 0)
(-0.00540967 0.000287009 0)
(-0.00501427 0.000167313 0)
(-0.00265348 0.000101999 0)
(-0.00393664 5.11617e-05 0)
(-0.00120831 0.000243896 0)
(-0.00367507 0.00068183 0)
(-0.000918493 0.000146317 0)
(-0.00465506 0.00107002 0)
(-0.00217539 -0.000708445 0)
(-0.00556182 -0.00145777 0)
(-0.00117281 -0.0121375 0)
(-0.00901352 -0.021423 0)
(0.00204838 -0.0504219 0)
(-0.00367819 0.0359332 0)
(-0.00547899 0.0223437 0)
(-0.0104469 0.0131029 0)
(-0.0118669 0.00497197 0)
(-0.0104571 0.000686617 0)
(-0.00945656 -0.00051831 0)
(-0.00726226 -0.00244417 0)
(-0.00604076 -0.00257554 0)
(-0.00553406 -0.00280203 0)
(-0.002877 -0.00284944 0)
(-0.0042408 -0.00240651 0)
(-0.000285703 -0.00284427 0)
(-0.00319635 -0.00131486 0)
(0.00199984 -0.00300834 0)
(-0.00181538 0.000126382 0)
(0.00414623 -0.00289392 0)
(-0.000108141 0.00121145 0)
(0.00462457 0.00109865 0)
(-0.00265762 -0.00657621 0)
(0.00287215 -0.0487817 0)
(-0.00182024 0.0442763 0)
(-0.00693334 0.0312497 0)
(-0.0121951 0.0189812 0)
(-0.0139332 0.00733492 0)
(-0.0125157 0.000507778 0)
(-0.00993559 -0.0012959 0)
(-0.00768835 -0.00253028 0)
(-0.00493015 -0.00261492 0)
(-0.00493792 -0.00243417 0)
(-0.00166424 -0.00228076 0)
(-0.00346641 -0.00156488 0)
(-0.000135651 -0.00149615 0)
(-0.00296698 -0.00075307 0)
(0.000612754 -0.00113583 0)
(-0.00325314 -0.000365391 0)
(0.0014946 -0.00218266 0)
(-0.00472696 -0.000992089 0)
(0.00325557 -0.00880487 0)
(-0.00459255 -0.0192789 0)
(0.00374144 -0.0526271 0)
(-0.00153255 0.0442876 0)
(-0.00909909 0.0316102 0)
(-0.0135743 0.0189917 0)
(-0.0160497 0.00584661 0)
(-0.0141108 -0.00355766 0)
(-0.0113132 -0.00608378 0)
(-0.00819405 -0.00648398 0)
(-0.00525124 -0.00598922 0)
(-0.00485789 -0.00536845 0)
(-0.00144846 -0.00494867 0)
(-0.00311414 -0.00375823 0)
(0.00109842 -0.00412247 0)
(-0.00219106 -0.00208083 0)
(0.00284309 -0.003665 0)
(-0.00160035 -0.000604236 0)
(0.0040319 -0.00292382 0)
(-0.00140292 -0.000194094 0)
(0.00415253 -0.00122567 0)
(-0.00375088 -0.00892309 0)
(0.0032373 -0.0498599 0)
(-0.00145538 0.052572 0)
(-0.00671365 0.0421738 0)
(-0.011689 0.0261459 0)
(-0.0138321 0.00889964 0)
(-0.0135667 -0.00456799 0)
(-0.0106637 -0.00890223 0)
(-0.00756493 -0.00817858 0)
(-0.00399759 -0.00659152 0)
(-0.00413594 -0.00533847 0)
(-0.000836585 -0.00414073 0)
(-0.00288606 -0.00313082 0)
(0.000866631 -0.00228268 0)
(-0.00281488 -0.00166199 0)
(0.00207182 -0.00152614 0)
(-0.00327062 -0.000614713 0)
(0.00321758 -0.00220686 0)
(-0.00428223 -4.2346e-05 0)
(0.00400271 -0.00553945 0)
(-0.00382739 -0.0151438 0)
(0.00486328 -0.0528562 0)
(-0.00492921 0.0538175 0)
(-0.00158415 0.0409829 0)
(-0.00713415 0.0276086 0)
(-0.00884227 0.00803246 0)
(-0.00996461 -0.00684286 0)
(-0.00750726 -0.0136879 0)
(-0.00501032 -0.0127529 0)
(-0.00144045 -0.0103484 0)
(-0.00164145 -0.00858212 0)
(0.00125539 -0.00731914 0)
(-0.00083844 -0.00572586 0)
(0.0027257 -0.00521269 0)
(-0.00115118 -0.0035852 0)
(0.00388462 -0.00417137 0)
(-0.00206078 -0.00198789 0)
(0.00478458 -0.0029396 0)
(-0.00266665 -0.000904393 0)
(0.00499196 -0.00330428 0)
(-0.0050696 -0.0123992 0)
(0.00368223 -0.0510194 0)
(0.00354601 0.0583355 0)
(0.00316362 0.0463015 0)
(0.00185433 0.032865 0)
(-0.000485563 0.0139268 0)
(-0.000945014 -0.00514017 0)
(-0.00100243 -0.0140071 0)
(-0.000631609 -0.0132582 0)
(0.000905202 -0.00912679 0)
(-0.000889801 -0.00685622 0)
(0.00158338 -0.00426799 0)
(-0.00119651 -0.00337798 0)
(0.00249429 -0.00172476 0)
(-0.00231621 -0.00154097 0)
(0.00364642 -0.000562383 0)
(-0.00356975 -0.000364677 0)
(0.00583345 -0.00173118 0)
(-0.00350216 0.000776593 0)
(0.00523046 -0.00244718 0)
(-0.00424695 -0.0104731 0)
(0.00579044 -0.0525201 0)
(0.00363798 0.0476295 0)
(0.00618729 0.0422719 0)
(0.00877321 0.0327021 0)
(0.00961084 0.0126438 0)
(0.00798491 -0.00585366 0)
(0.00531044 -0.0150893 0)
(0.00640883 -0.0153087 0)
(0.0101301 -0.0108171 0)
(0.0079232 -0.00922054 0)
(0.00649354 -0.00824936 0)
(0.00188597 -0.00702865 0)
(0.00485008 -0.00526464 0)
(-0.000249763 -0.00511394 0)
(0.00480843 -0.00399015 0)
(-0.00180115 -0.00419902 0)
(0.00464777 -0.00430712 0)
(-0.00472425 0.000210223 0)
(0.00598397 -0.00412857 0)
(-0.00614533 -0.0151927 0)
(0.00426515 -0.0524064 0)
(0.00541968 0.0504665 0)
(0.0164905 0.043656 0)
(0.0186216 0.0314552 0)
(0.0219502 0.0155752 0)
(0.0193145 -0.000809628 0)
(0.0139344 -0.0136976 0)
(0.00682346 -0.0186874 0)
(0.00713786 -0.0109031 0)
(0.00701243 -0.00309601 0)
(0.00680634 0.00168881 0)
(0.00339997 -0.000395701 0)
(0.00372629 0.00046867 0)
(1.9153e-05 0.000144968 0)
(0.00151617 0.0009221 0)
(-0.00468767 0.00112771 0)
(0.00627642 0.000980836 0)
(-0.0076247 6.6212e-05 0)
(0.00851697 -0.000713181 0)
(-0.00525155 -0.00573664 0)
(0.00663939 -0.0514107 0)
(0.0099065 0.0241404 0)
(0.028659 0.0300754 0)
(0.0331415 0.0283067 0)
(0.0320999 0.0164759 0)
(0.0341143 0.00370732 0)
(0.0311989 -0.00335067 0)
(0.0171051 -0.00673854 0)
(0.00397246 -0.00992029 0)
(0.00147237 -0.00691793 0)
(0.000447477 -0.00573154 0)
(0.00104455 -0.00359907 0)
(0.00317689 -0.00315219 0)
(-0.00300146 -0.00316732 0)
(0.00747161 -0.000409129 0)
(-0.00484055 -0.00932583 0)
(0.00749774 -0.00182093 0)
(-0.00652428 -0.00148881 0)
(0.00925517 -0.00826239 0)
(-0.00618525 -0.0141677 0)
(0.00550542 -0.0529901 0)
(0.00421271 0.00309106 0)
(0.0244418 0.0196438 0)
(0.0266989 0.0249557 0)
(0.0285386 0.0157508 0)
(0.0295472 0.00286449 0)
(0.0303266 0.00153915 0)
(0.0233666 0.0039798 0)
(0.025501 0.0047995 0)
(0.0166158 0.000232542 0)
(0.0203233 0.00301737 0)
(0.0116067 -0.00328492 0)
(0.0161212 0.0053747 0)
(0.00974054 -0.00289569 0)
(0.00930095 0.00258247 0)
(0.00535463 0.0034974 0)
(-0.00836991 0.00174921 0)
(-0.00807024 -0.000703307 0)
(0.000866568 -0.000422571 0)
(-0.00650986 0.000520727 0)
(0.00748413 -0.0520497 0)
(-0.00422415 -0.00682173 0)
(0.0183782 0.0159684 0)
(0.0180139 0.0182398 0)
(0.0229826 0.0094556 0)
(0.0169756 0.00295773 0)
(0.0147127 0.000632682 0)
(0.00796613 -0.00134957 0)
(0.00781393 -0.00234516 0)
(0.00369325 -0.00232546 0)
(0.000526555 -0.00116765 0)
(0.00100014 -0.00089664 0)
(-0.00702919 -0.00132888 0)
(0.00199869 0.00304295 0)
(-0.0094965 0.00290123 0)
(0.00159484 0.00559852 0)
(-0.000490061 0.0099008 0)
(0.00617603 -0.00990647 0)
(-0.00139695 -0.0142036 0)
(-0.00857546 -0.0225272 0)
(0.00615663 -0.0552114 0)
(-0.00150657 -0.0141776 0)
(0.00800173 0.0015184 0)
(0.00965908 0.0171481 0)
(0.0162258 0.016313 0)
(0.0161306 0.0129423 0)
(0.0158337 0.00981437 0)
(0.0150865 0.0105911 0)
(0.0149711 0.00698896 0)
(0.0111714 0.00827059 0)
(0.0130255 0.00588448 0)
(0.00727343 0.0043636 0)
(0.0120652 0.0071348 0)
(0.00183777 -0.00205087 0)
(0.0123788 0.00723679 0)
(0.000736755 -0.00574428 0)
(0.00876765 -0.000885448 0)
(0.0077991 0.00373563 0)
(0.00837866 0.0138265 0)
(-0.00509367 -0.000960327 0)
(0.00882372 -0.0515187 0)
(0.00312162 -0.00973169 0)
(-0.0114569 0.00674848 0)
(-0.00479862 0.00985992 0)
(-0.00149084 0.00419408 0)
(-0.00100127 0.00672722 0)
(0.000653102 0.000414952 0)
(-0.00128716 0.00336066 0)
(0.00366256 0.000917763 0)
(-0.00376434 0.00128902 0)
(0.00690297 0.00165388 0)
(-0.00519257 4.81314e-06 0)
(0.00670369 0.00260858 0)
(-0.000509869 0.00124562 0)
(-0.000189125 0.0030636 0)
(0.002984 0.00826094 0)
(-0.00417918 0.00130695 0)
(-0.0100832 -0.0127655 0)
(0.0143449 -0.00201817 0)
(-0.00485407 -0.027133 0)
(0.00757121 -0.0544001 0)
(-0.00572973 -0.00987572 0)
(0.000518629 0.0108233 0)
(0.00809391 0.00783445 0)
(0.004037 0.0102848 0)
(0.0106887 0.0100631 0)
(0.00912447 0.00896771 0)
(0.0125017 0.00658686 0)
(0.0115013 0.00772813 0)
(0.0138156 0.00583231 0)
(0.013071 0.00590422 0)
(0.0140274 0.0060681 0)
(0.0138231 0.00427919 0)
(0.0113934 0.00479209 0)
(0.0171938 0.00653286 0)
(0.00651625 -0.002573 0)
(0.0216741 0.011119 0)
(0.00677218 -0.00894917 0)
(0.011552 0.00782552 0)
(-0.00157931 0.0133041 0)
(0.0138148 -0.0463759 0)
(-0.0199422 -0.00349415 0)
(-0.0113177 -0.00407223 0)
(-0.0206301 0.00320518 0)
(-0.0112136 0.002013 0)
(-0.0154297 0.0022621 0)
(-0.00814825 -6.5485e-05 0)
(-0.013926 0.00168307 0)
(-0.00543343 0.000396366 0)
(-0.0129313 0.000370172 0)
(-0.00325734 0.000604273 0)
(-0.0129931 0.000347825 0)
(0.00128525 0.00167166 0)
(-0.0128998 -0.00124276 0)
(0.00519746 0.00664309 0)
(-0.00756696 0.000185406 0)
(1.50973e-05 0.00538314 0)
(0.0043172 -0.0032587 0)
(-0.0147842 -0.000884879 0)
(0.0189751 -0.0308559 0)
(0.0131171 -0.0531862 0)
(0.000379159 0.0168965 0)
(0.0151522 0.0134941 0)
(0.0108333 0.00856759 0)
(0.0230033 0.00688759 0)
(0.0226791 0.00503662 0)
(0.0273631 0.00626965 0)
(0.0317099 0.00562578 0)
(0.0326446 0.00469987 0)
(0.0376921 0.00470984 0)
(0.0382066 0.00448593 0)
(0.0424568 0.00433555 0)
(0.0421071 0.0029961 0)
(0.0468051 0.00400302 0)
(0.0466427 0.00108523 0)
(0.0498638 0.00340608 0)
(0.0518941 -0.000255867 0)
(0.0521781 0.00276938 0)
(0.0522308 -0.000630371 0)
(0.0458673 -0.00494365 0)
(0.0251713 -0.000332978 0)
)
;

boundaryField
{
    movingWall
    {
        type            fixedValue;
        value           uniform (1 0 0);
    }
    fixedWalls
    {
        type            noSlip;
    }
    frontAndBack
    {
        type            empty;
    }
}


// ************************************************************************* //
