/*--------------------------------*- C++ -*----------------------------------*\
| =========                 |                                                 |
| \\      /  F ield         | OpenFOAM: The Open Source CFD Toolbox           |
|  \\    /   O peration     | Version:  5.x                                   |
|   \\  /    A nd           | Web:      www.OpenFOAM.org                      |
|    \\/     M anipulation  |                                                 |
\*---------------------------------------------------------------------------*/
FoamFile
{
    version     2.0;
    format      ascii;
    class       volVectorField;
    location    "8.1";
    object      U;
}
// * * * * * * * * * * * * * * * * * * * * * * * * * * * * * * * * * * * * * //

dimensions      [0 1 -1 0 0 0 0];

internalField   nonuniform List<vector> 
400
(
(-0.0053476 0.0109339 0)
(-0.029292 0.0139996 0)
(-0.0498066 0.000820541 0)
(-0.0489539 0.00375869 0)
(-0.0589396 0.0045367 0)
(-0.0536541 -0.00500646 0)
(-0.0491216 0.00434345 0)
(-0.055429 0.000744572 0)
(-0.0456514 -0.00956774 0)
(-0.039768 -0.00284781 0)
(-0.0427785 0.00261138 0)
(-0.044974 -0.000509311 0)
(-0.0451445 -0.00317175 0)
(-0.0447914 -0.00258111 0)
(-0.0466017 -0.00151888 0)
(-0.0462999 -0.00228808 0)
(-0.0454697 -0.00336805 0)
(-0.0406923 -0.00631495 0)
(-0.0388552 -0.00986443 0)
(-0.00554598 -0.0175755 0)
(-0.0118608 0.0237879 0)
(-0.0251341 0.0267438 0)
(-0.0389114 0.0181381 0)
(-0.0445111 0.00737847 0)
(-0.0432067 0.000668412 0)
(-0.039064 -0.00437882 0)
(-0.0355327 -0.00534508 0)
(-0.028821 -0.00520593 0)
(-0.0235925 -0.00454445 0)
(-0.0224084 -0.00143433 0)
(-0.0202009 0.00164514 0)
(-0.0167113 0.00263753 0)
(-0.0171127 0.00371159 0)
(-0.0163843 0.00261224 0)
(-0.0198272 0.00326725 0)
(-0.017278 0.000510182 0)
(-0.022341 -4.10124e-05 0)
(-0.0168958 -0.00825488 0)
(-0.026548 -0.017569 0)
(-0.00333904 -0.0380514 0)
(-0.0104993 0.0403449 0)
(-0.0182923 0.0365282 0)
(-0.023088 0.0227555 0)
(-0.0233302 0.00899661 0)
(-0.0219684 -0.00157864 0)
(-0.0194384 -0.00954125 0)
(-0.0163511 -0.0111414 0)
(-0.0132157 -0.0114774 0)
(-0.0115957 -0.0110563 0)
(-0.00959447 -0.00810727 0)
(-0.00864387 -0.00442349 0)
(-0.00478752 -0.00321628 0)
(-0.00588203 -0.00116997 0)
(-0.000987778 -0.00153004 0)
(-0.0052905 0.00125208 0)
(0.00174347 -0.00161542 0)
(-0.00497634 -0.000145953 0)
(0.00310409 -0.00351257 0)
(-0.00815278 -0.010866 0)
(0.000122444 -0.0440498 0)
(-0.00480419 0.0521128 0)
(-0.00466994 0.0421683 0)
(-0.00403824 0.0257953 0)
(-0.00156684 0.00971631 0)
(-0.000646416 -0.00228474 0)
(0.000141666 -0.00910811 0)
(-0.000306187 -0.0112854 0)
(-9.17099e-05 -0.010804 0)
(-0.0011431 -0.00889895 0)
(-0.000878804 -0.00605776 0)
(-0.0021781 -0.00303636 0)
(-0.000116494 -0.00146831 0)
(-0.00203424 0.00070388 0)
(0.000604773 0.000551519 0)
(-0.00221014 0.00166945 0)
(0.00126068 -0.000706568 0)
(-0.00326705 -0.000793083 0)
(0.000602802 -0.00645316 0)
(-0.00734171 -0.0142984 0)
(0.002523 -0.048802 0)
(0.000771987 0.0536943 0)
(0.00701147 0.0402087 0)
(0.0107784 0.023832 0)
(0.0135996 0.00815382 0)
(0.0134676 -0.00287523 0)
(0.011637 -0.0088336 0)
(0.00815668 -0.0106364 0)
(0.00518068 -0.00994368 0)
(0.001961 -0.00835732 0)
(0.000817004 -0.0062779 0)
(-0.00137792 -0.00410183 0)
(3.47876e-05 -0.00296946 0)
(-0.00197211 -0.00120013 0)
(0.00138253 -0.00157555 0)
(-0.00140762 0.000685301 0)
(0.00286983 -0.00126438 0)
(-0.00175644 0.000949937 0)
(0.00223128 -0.00190909 0)
(-0.0033953 -0.0110044 0)
(0.00242381 -0.049119 0)
(0.00460064 0.0438594 0)
(0.0135952 0.0322379 0)
(0.0182881 0.0192961 0)
(0.0200054 0.00773569 0)
(0.0183912 -0.000315778 0)
(0.0150983 -0.00464673 0)
(0.0108292 -0.00607317 0)
(0.00768839 -0.00593725 0)
(0.00447734 -0.00499751 0)
(0.00369815 -0.00387009 0)
(0.00106071 -0.0025042 0)
(0.00248195 -0.00164669 0)
(-0.000460074 -0.000383365 0)
(0.00235503 -0.000281463 0)
(-0.00133984 0.000700599 0)
(0.00267127 -0.000442708 0)
(-0.00238291 0.000426784 0)
(0.0028178 -0.00408311 0)
(-0.0039773 -0.0137261 0)
(0.00339096 -0.0510109 0)
(0.00541436 0.0312212 0)
(0.0139061 0.0243897 0)
(0.018177 0.0160162 0)
(0.0192336 0.00803324 0)
(0.017566 0.00224287 0)
(0.0147483 -0.00148289 0)
(0.011272 -0.00324519 0)
(0.00856193 -0.0039074 0)
(0.00565314 -0.00352942 0)
(0.00480815 -0.00326204 0)
(0.00215108 -0.00208024 0)
(0.00339401 -0.00207204 0)
(0.00034886 -0.000553774 0)
(0.00318543 -0.00137504 0)
(-0.00069178 0.000597618 0)
(0.00337995 -0.000961091 0)
(-0.00198798 0.000804655 0)
(0.00295025 -0.00167099 0)
(-0.00330042 -0.0119219 0)
(0.00291286 -0.0508061 0)
(0.00432697 0.0219585 0)
(0.0111591 0.0184154 0)
(0.014479 0.013181 0)
(0.0154216 0.00813514 0)
(0.014307 0.00405233 0)
(0.0123357 0.00139514 0)
(0.00976114 -6.14513e-05 0)
(0.0079471 -0.000776941 0)
(0.00530602 -0.000788269 0)
(0.00505134 -0.000827674 0)
(0.00201785 -0.000241982 0)
(0.00375106 -0.000168683 0)
(-7.77867e-05 0.000583961 0)
(0.00345175 0.000433373 0)
(-0.00139855 0.00137014 0)
(0.00360873 0.000592229 0)
(-0.00237277 0.00159773 0)
(0.00388579 -0.00227091 0)
(-0.00319888 -0.012863 0)
(0.00451575 -0.0510795 0)
(0.00295711 0.0154951 0)
(0.00785518 0.0149571 0)
(0.0110462 0.0121921 0)
(0.0123583 0.0086616 0)
(0.0121523 0.00566595 0)
(0.0111303 0.00283581 0)
(0.00933753 0.00114163 0)
(0.00787113 -0.000238699 0)
(0.00571262 -0.000363715 0)
(0.00540389 -0.00110485 0)
(0.00291881 -0.00024433 0)
(0.00433586 -0.00111851 0)
(0.00102102 0.000332968 0)
(0.00418893 -0.00103254 0)
(-0.000578789 0.000780629 0)
(0.00418646 -0.000803275 0)
(-0.00240887 0.000826576 0)
(0.00395506 -0.00213815 0)
(-0.00435437 -0.0126318 0)
(0.00372745 -0.0510017 0)
(0.00249631 0.010945 0)
(0.00658344 0.0104399 0)
(0.00821998 0.00887369 0)
(0.00908183 0.00723969 0)
(0.00874819 0.00559214 0)
(0.008132 0.00470462 0)
(0.00697821 0.00379043 0)
(0.00650667 0.0028378 0)
(0.00453037 0.00242674 0)
(0.0050369 0.00162276 0)
(0.00198722 0.00177831 0)
(0.00421891 0.00120817 0)
(-0.000244813 0.00183915 0)
(0.00414836 0.00152273 0)
(-0.00206977 0.00255204 0)
(0.00490212 0.00196626 0)
(-0.0026447 0.00282452 0)
(0.0052305 -0.000153648 0)
(-0.00380237 -0.01129 0)
(0.00490099 -0.0505466 0)
(0.00224038 0.0062221 0)
(0.00521085 0.0101488 0)
(0.00785956 0.0101207 0)
(0.00894112 0.0087123 0)
(0.00899682 0.00680279 0)
(0.00841571 0.00374235 0)
(0.00693079 0.00242386 0)
(0.00613466 0.00105411 0)
(0.00435285 0.00113279 0)
(0.00481523 0.000320871 0)
(0.0023327 0.000837095 0)
(0.00461895 4.98514e-05 0)
(0.000794385 0.000648292 0)
(0.00512534 -0.000328455 0)
(-0.000445882 0.000232012 0)
(0.0050883 -0.0014268 0)
(-0.00303662 0.000916889 0)
(0.00588951 -0.00234245 0)
(-0.00578349 -0.0132129 0)
(0.0054067 -0.0517856 0)
(0.00482952 0.00357323 0)
(0.0076331 0.00499769 0)
(0.00574538 0.00493567 0)
(0.00633656 0.00582214 0)
(0.00641794 0.00660256 0)
(0.00673561 0.00772686 0)
(0.00613394 0.00701049 0)
(0.00608098 0.00606852 0)
(0.0041069 0.00486224 0)
(0.00474387 0.00386278 0)
(0.00184113 0.00321179 0)
(0.00371379 0.00267964 0)
(-0.000286145 0.00271116 0)
(0.00301378 0.00252513 0)
(-0.00312634 0.00418294 0)
(0.00479324 0.00420242 0)
(-0.00515711 0.00340122 0)
(0.00676368 0.00225013 0)
(-0.00474828 -0.00826589 0)
(0.00623213 -0.0497956 0)
(0.00576703 -0.00783933 0)
(0.00809697 0.0107571 0)
(0.00829393 0.0105753 0)
(0.00652388 0.00906964 0)
(0.00359298 0.00620711 0)
(0.00247544 0.0026585 0)
(0.00177601 0.00259265 0)
(0.00190259 0.00148044 0)
(0.00156108 0.00209252 0)
(0.00253691 0.00105041 0)
(0.000915127 0.00170308 0)
(0.00372866 0.00078973 0)
(-0.00105603 0.0011229 0)
(0.00670012 0.00138624 0)
(-0.00242771 -0.00206273 0)
(0.0077071 -0.000539833 0)
(-0.00422985 -0.0010537 0)
(0.00907975 -0.00381396 0)
(-0.00682497 -0.0144538 0)
(0.00617467 -0.0511249 0)
(-0.000747438 -0.0114255 0)
(0.0059275 0.00263507 0)
(0.00403112 0.00614573 0)
(0.00880272 0.00977033 0)
(0.0112116 0.0101403 0)
(0.0109862 0.0105657 0)
(0.00927689 0.00827315 0)
(0.00897303 0.00753176 0)
(0.00551083 0.00515555 0)
(0.00686545 0.00542509 0)
(0.00239836 0.00303522 0)
(0.00561524 0.00529348 0)
(0.000151377 0.000983151 0)
(0.00251556 0.00413248 0)
(-0.00138995 0.00510032 0)
(-0.00277592 0.0058229 0)
(-0.00980398 0.0037167 0)
(0.00707 0.00385592 0)
(-0.00603091 -0.00146776 0)
(0.00791155 -0.0497954 0)
(-0.00542662 -0.0122241 0)
(0.00908969 0.0101694 0)
(-0.00373927 0.00480652 0)
(0.000534101 0.00434403 0)
(-0.00459 0.00445779 0)
(-0.000464623 0.00408426 0)
(-0.00278447 0.00465908 0)
(-0.00176452 0.00371313 0)
(-0.00162322 0.00387333 0)
(-0.00259298 0.00258418 0)
(-0.000587689 0.00274573 0)
(-0.0040115 0.0014833 0)
(-0.00087419 0.00393258 0)
(-0.00327353 0.00185136 0)
(-0.00565188 0.00182188 0)
(0.0072357 0.00546037 0)
(-0.00289881 -0.0106312 0)
(0.0037223 -0.00912509 0)
(-0.0094436 -0.0180914 0)
(0.00690848 -0.0522765 0)
(0.00102021 -0.0191674 0)
(0.00260705 0.000308603 0)
(0.000242289 0.0137848 0)
(0.00288512 0.0102722 0)
(0.00573178 0.0106082 0)
(0.00460217 0.00909609 0)
(0.00646282 0.00864833 0)
(0.00910405 0.00746053 0)
(0.00650203 0.00591361 0)
(0.0125241 0.00589227 0)
(0.00479678 0.00428655 0)
(0.0147802 0.00767028 0)
(0.00126938 -0.000155758 0)
(0.0165159 0.00969685 0)
(-0.00191573 -0.00333579 0)
(0.0110908 0.00388619 0)
(-0.00361251 0.00962901 0)
(0.00779013 0.00991255 0)
(-0.00662727 0.000683311 0)
(0.00932211 -0.050289 0)
(0.000170656 -0.0101803 0)
(-0.0143542 0.0106972 0)
(-0.00684003 0.00513556 0)
(-0.00791045 -0.000873022 0)
(-0.00782231 0.00468023 0)
(-0.00465566 0.0016021 0)
(-0.0081809 0.00211743 0)
(-0.00200302 0.00262426 0)
(-0.00863194 0.00161331 0)
(-0.00171148 0.00261228 0)
(-0.00812566 0.000803181 0)
(-0.00182555 0.0033619 0)
(-0.00451152 0.00107078 0)
(-0.00576576 0.00550822 0)
(0.000535363 0.00633587 0)
(-0.0058978 0.0046032 0)
(-0.00464683 -0.00782179 0)
(0.0117915 -0.0070875 0)
(-0.0064802 -0.0232372 0)
(0.00786811 -0.0530397 0)
(-0.00896118 -0.0103952 0)
(0.00448793 0.0101845 0)
(0.00824162 0.00559378 0)
(0.00271892 0.00996977 0)
(0.00770231 0.00821392 0)
(0.00641692 0.00814882 0)
(0.00792811 0.00666318 0)
(0.00917772 0.00631558 0)
(0.00956804 0.00632312 0)
(0.0102257 0.0051731 0)
(0.0104922 0.00605842 0)
(0.0102163 0.00521744 0)
(0.0109304 0.00333848 0)
(0.0121019 0.00760381 0)
(0.00863748 -0.00472553 0)
(0.0148605 0.0101699 0)
(0.00842044 -0.00504576 0)
(0.0107306 0.0105933 0)
(-0.00291064 0.0105586 0)
(0.0136397 -0.0461531 0)
(-0.0206424 -0.0043354 0)
(-0.0122619 -0.00313853 0)
(-0.0219386 0.00500892 0)
(-0.0119746 -0.000876636 0)
(-0.0194249 0.00223205 0)
(-0.00851676 0.000655587 0)
(-0.0171816 0.000655815 0)
(-0.0070932 0.000838056 0)
(-0.0152791 0.00119226 0)
(-0.00429854 0.000546022 0)
(-0.0153029 0.00071247 0)
(0.00141166 0.000704216 0)
(-0.0157471 -0.000536432 0)
(0.00496198 0.00666073 0)
(-0.00974133 0.00140902 0)
(-0.00266613 0.00693997 0)
(0.00315647 -0.00443637 0)
(-0.0124385 -0.000149344 0)
(0.0180302 -0.0288409 0)
(0.0139864 -0.0515515 0)
(0.000391768 0.0179725 0)
(0.0155416 0.0135426 0)
(0.0111887 0.00630793 0)
(0.0233342 0.00674034 0)
(0.0212312 0.00533962 0)
(0.0270292 0.00498114 0)
(0.0290765 0.0046991 0)
(0.0312453 0.00468856 0)
(0.0359886 0.00399299 0)
(0.0347258 0.00431626 0)
(0.0417027 0.00363343 0)
(0.038933 0.00314062 0)
(0.0443071 0.00401383 0)
(0.0448138 6.55934e-05 0)
(0.0461815 0.00387951 0)
(0.0510265 -0.00100788 0)
(0.0495859 0.00240686 0)
(0.0520021 -0.000117692 0)
(0.043247 -0.00497787 0)
(0.0265493 -0.00134296 0)
)
;

boundaryField
{
    movingWall
    {
        type            fixedValue;
        value           uniform (1 0 0);
    }
    fixedWalls
    {
        type            noSlip;
    }
    frontAndBack
    {
        type            empty;
    }
}


// ************************************************************************* //
