/*--------------------------------*- C++ -*----------------------------------*\
| =========                 |                                                 |
| \\      /  F ield         | OpenFOAM: The Open Source CFD Toolbox           |
|  \\    /   O peration     | Version:  5.x                                   |
|   \\  /    A nd           | Web:      www.OpenFOAM.org                      |
|    \\/     M anipulation  |                                                 |
\*---------------------------------------------------------------------------*/
FoamFile
{
    version     2.0;
    format      ascii;
    class       volScalarField;
    location    "14.8";
    object      p;
}
// * * * * * * * * * * * * * * * * * * * * * * * * * * * * * * * * * * * * * //

dimensions      [0 2 -2 0 0 0 0];

internalField   nonuniform List<scalar> 
400
(
2.92678e-10
-0.000493963
-0.000833988
-0.00104467
-0.00114958
-0.00119724
-0.00122315
-0.00122938
-0.00123493
-0.00123153
-0.0012354
-0.00123583
-0.00123313
-0.00123938
-0.00122119
-0.00117534
-0.00103318
-0.000745945
-0.000546786
0.000675808
-0.000538655
-0.000859371
-0.00105787
-0.00116375
-0.00120278
-0.00121576
-0.00122578
-0.00123175
-0.00122647
-0.00124239
-0.00123199
-0.00125262
-0.0012504
-0.00124495
-0.00125518
-0.00121102
-0.00126387
-0.00111717
-0.00114153
-0.000261856
-0.000845804
-0.00108008
-0.00115291
-0.00120446
-0.00121826
-0.00122677
-0.00123439
-0.00123818
-0.00124306
-0.00124202
-0.00124362
-0.00124862
-0.00126007
-0.00125099
-0.00126531
-0.00122488
-0.00126363
-0.00118781
-0.00117097
-0.000813443
-0.00102868
-0.00116994
-0.00118163
-0.00120716
-0.00122154
-0.00122744
-0.00123647
-0.00124273
-0.00124692
-0.00125045
-0.00125216
-0.00125551
-0.00127064
-0.00125496
-0.00127858
-0.00123615
-0.00128622
-0.0012144
-0.00134564
-0.00112243
-0.00114109
-0.00120853
-0.00122294
-0.00122745
-0.00123248
-0.00123898
-0.00124489
-0.00125019
-0.00125642
-0.0012562
-0.00126473
-0.00126423
-0.0012771
-0.00126705
-0.00128108
-0.00124611
-0.00128871
-0.00124594
-0.00126716
-0.001193
-0.00120659
-0.00126086
-0.00124706
-0.00124408
-0.0012438
-0.00124862
-0.00125483
-0.00126031
-0.00126748
-0.00126665
-0.00127601
-0.00126666
-0.00128428
-0.00126593
-0.00128833
-0.00125039
-0.00129205
-0.00124093
-0.00129732
-0.00122522
-0.00124997
-0.00127033
-0.00125783
-0.00125085
-0.00124823
-0.00125492
-0.00126301
-0.00127003
-0.00128082
-0.00127865
-0.00132123
-0.00128979
-0.00129918
-0.0012922
-0.00129833
-0.0012815
-0.00128622
-0.00124479
-0.00127361
-0.00122036
-0.00125979
-0.00126315
-0.00126785
-0.0012565
-0.00126203
-0.0012701
-0.001282
-0.00129234
-0.00130052
-0.00130425
-0.00133313
-0.00131176
-0.00130242
-0.00128392
-0.00128525
-0.00127794
-0.00130367
-0.00126031
-0.00127025
-0.0012736
-0.00124659
-0.0012795
-0.00125875
-0.00126931
-0.00126829
-0.00128534
-0.00129951
-0.00131126
-0.00132483
-0.00136164
-0.00141224
-0.00135825
-0.00133095
-0.0013287
-0.00133671
-0.00132732
-0.00133589
-0.0013125
-0.00132182
-0.00134225
-0.00125221
-0.00123806
-0.00125568
-0.00126813
-0.00128837
-0.00130959
-0.00134262
-0.00136974
-0.00137877
-0.00140495
-0.00141222
-0.00139133
-0.00133534
-0.00130014
-0.00131913
-0.00131228
-0.00134172
-0.00133988
-0.00136995
-0.00136574
-0.00124658
-0.00127242
-0.00126877
-0.0012979
-0.00131655
-0.00133918
-0.00141423
-0.00147487
-0.00151787
-0.0014811
-0.0014255
-0.00136484
-0.00135446
-0.00133381
-0.00138169
-0.00136947
-0.00137017
-0.00136499
-0.0013407
-0.00131631
-0.00126305
-0.00128748
-0.00128416
-0.00129715
-0.0013255
-0.0013734
-0.00150995
-0.00162702
-0.00171449
-0.00162348
-0.0014844
-0.00129405
-0.00127633
-0.0012656
-0.00129067
-0.00129013
-0.00129427
-0.00127332
-0.00125228
-0.00127396
-0.00127156
-0.00128209
-0.00128622
-0.00130424
-0.00136171
-0.00141552
-0.00163786
-0.00180997
-0.0019181
-0.0017617
-0.00157182
-0.00138233
-0.00141503
-0.0013537
-0.00136767
-0.00132678
-0.00126401
-0.00126741
-0.0012814
-0.00128038
-0.00122965
-0.00125434
-0.00125798
-0.0012596
-0.00131516
-0.00140742
-0.00164567
-0.00181558
-0.00190721
-0.00179973
-0.00159823
-0.00140415
-0.00120381
-0.00129727
-0.00127065
-0.00134961
-0.0013312
-0.00124421
-0.0012978
-0.00127386
-0.00118433
-0.001208
-0.00122117
-0.00123612
-0.00126545
-0.00135092
-0.00155388
-0.00172362
-0.00186096
-0.00177877
-0.0015782
-0.0014054
-0.00118896
-0.00129824
-0.0013277
-0.0013583
-0.0015343
-0.00139747
-0.00145222
-0.00124448
-0.00110426
-0.00114106
-0.0011617
-0.00116637
-0.0011954
-0.00125298
-0.00139266
-0.00154354
-0.00163212
-0.00163645
-0.00157937
-0.00141925
-0.00139302
-0.00146252
-0.00126453
-0.00120566
-0.00118648
-0.00112743
-0.00110471
-0.00108042
-0.000955537
-0.00104363
-0.00107265
-0.00109882
-0.00113719
-0.00116559
-0.00123021
-0.00136536
-0.00145274
-0.0015058
-0.00145697
-0.00118849
-0.00153357
-0.00153474
-0.00124791
-0.00132403
-0.00139291
-0.00127559
-0.00141342
-0.000945837
-0.000819042
-0.000921806
-0.00102757
-0.00104256
-0.00108713
-0.00111912
-0.00114862
-0.00125772
-0.00140684
-0.00168403
-0.00176653
-0.00161364
-0.00146088
-0.0012525
-0.00127483
-0.00135301
-0.0011986
-0.000917186
-0.000956454
-0.000553122
-0.000560276
-0.000800928
-0.000922904
-0.000992681
-0.00104436
-0.00106143
-0.00110448
-0.00106758
-0.00136541
-0.00190634
-0.00211958
-0.00160333
-0.0013514
-0.00115754
-0.00128708
-0.00132757
-0.00120367
-0.00146821
-0.00107079
-0.000518632
-0.000287635
-0.000578381
-0.000816985
-0.000943329
-0.00105676
-0.00117386
-0.00127551
-0.00136148
-0.00137356
-0.00141187
-0.00138484
-0.00130449
-0.00116322
-0.001229
-0.00141439
-0.00149473
-0.0013643
-0.00083968
5.41301e-05
0.00192922
)
;

boundaryField
{
    movingWall
    {
        type            zeroGradient;
    }
    fixedWalls
    {
        type            zeroGradient;
    }
    frontAndBack
    {
        type            empty;
    }
}


// ************************************************************************* //
