/*--------------------------------*- C++ -*----------------------------------*\
| =========                 |                                                 |
| \\      /  F ield         | OpenFOAM: The Open Source CFD Toolbox           |
|  \\    /   O peration     | Version:  5.x                                   |
|   \\  /    A nd           | Web:      www.OpenFOAM.org                      |
|    \\/     M anipulation  |                                                 |
\*---------------------------------------------------------------------------*/
FoamFile
{
    version     2.0;
    format      ascii;
    class       volScalarField;
    location    "19.1";
    object      p;
}
// * * * * * * * * * * * * * * * * * * * * * * * * * * * * * * * * * * * * * //

dimensions      [0 2 -2 0 0 0 0];

internalField   nonuniform List<scalar> 
400
(
2.65558e-08
-0.000741852
-0.00130562
-0.00167041
-0.00185628
-0.00196366
-0.00202021
-0.0020597
-0.00207527
-0.00208248
-0.00209033
-0.00209415
-0.00209047
-0.00206307
-0.00199281
-0.00187529
-0.0016838
-0.00135566
-0.000815336
0.000428128
-0.000785453
-0.00130526
-0.00165213
-0.00185114
-0.00195174
-0.00200976
-0.00204499
-0.0020693
-0.00207524
-0.00208073
-0.00207392
-0.0020905
-0.00210023
-0.00210871
-0.00209418
-0.0020403
-0.00196486
-0.001791
-0.00159617
-0.000623083
-0.00133214
-0.00169071
-0.00185333
-0.00195552
-0.00199778
-0.0020265
-0.00205186
-0.00207151
-0.00208234
-0.00208629
-0.00208815
-0.00209637
-0.00210753
-0.00208864
-0.00207524
-0.00196461
-0.00198874
-0.00180818
-0.00174395
-0.00132416
-0.00167638
-0.00189334
-0.00196064
-0.00200762
-0.00202429
-0.00204373
-0.00205872
-0.00207737
-0.00208111
-0.0020793
-0.0020818
-0.00209256
-0.00210594
-0.00209074
-0.00212442
-0.00209498
-0.00210555
-0.00192614
-0.00196446
-0.00171889
-0.00186106
-0.00199868
-0.00201008
-0.00203118
-0.00204216
-0.0020502
-0.00206368
-0.00207374
-0.0020826
-0.00208321
-0.00208567
-0.00208358
-0.00211439
-0.00209697
-0.0021307
-0.00211472
-0.00209825
-0.00195717
-0.00196341
-0.00186904
-0.00196219
-0.00201644
-0.00202205
-0.00203863
-0.0020431
-0.00205529
-0.00206214
-0.00207501
-0.0020822
-0.00208271
-0.00209537
-0.00209345
-0.00210049
-0.00206548
-0.00208888
-0.0020866
-0.00208233
-0.00196935
-0.00206783
-0.00194834
-0.00200247
-0.00204093
-0.00204179
-0.00205064
-0.00205679
-0.00206124
-0.00207143
-0.00207624
-0.00209002
-0.00208502
-0.00211287
-0.00208512
-0.00212425
-0.00203257
-0.00207027
-0.00208111
-0.00205601
-0.00200024
-0.00204235
-0.00199561
-0.00203946
-0.0020639
-0.002056
-0.00206081
-0.00205905
-0.00206205
-0.00206373
-0.00207709
-0.00208766
-0.0021024
-0.00210983
-0.00209496
-0.00208122
-0.00210131
-0.00211593
-0.00209575
-0.00209076
-0.00207518
-0.00209175
-0.00209793
-0.00206162
-0.00207924
-0.00206815
-0.00207234
-0.00207174
-0.00206778
-0.00207392
-0.00207795
-0.00209742
-0.0021274
-0.00212392
-0.00211456
-0.00213038
-0.0021725
-0.00221592
-0.00212318
-0.00232153
-0.00213954
-0.00214458
-0.00211497
-0.00208025
-0.00210261
-0.00208602
-0.00208756
-0.00207358
-0.00206852
-0.00206898
-0.00207896
-0.00208597
-0.00209318
-0.00208333
-0.00211039
-0.00208615
-0.00210464
-0.00219209
-0.00211905
-0.00216241
-0.00212354
-0.00215817
-0.00207345
-0.00209514
-0.00211457
-0.00209619
-0.00210239
-0.00208906
-0.00207524
-0.00207433
-0.00207912
-0.00209045
-0.00211536
-0.00211698
-0.00215217
-0.00214966
-0.00221585
-0.00216256
-0.00210289
-0.00205607
-0.00209153
-0.00213217
-0.00203436
-0.00209293
-0.00210444
-0.00207846
-0.00209522
-0.00208313
-0.00206147
-0.00208021
-0.00208882
-0.00205414
-0.00208393
-0.00211312
-0.00213743
-0.00214897
-0.00221587
-0.00213901
-0.00213278
-0.00209555
-0.00209078
-0.00211656
-0.00208858
-0.00209263
-0.00212531
-0.00208723
-0.00212365
-0.00209589
-0.00208806
-0.00210565
-0.00206633
-0.00206665
-0.00209628
-0.00211326
-0.00215386
-0.002144
-0.002164
-0.00221413
-0.00209791
-0.00219363
-0.00204907
-0.00215641
-0.00200022
-0.00207733
-0.00211879
-0.00210442
-0.00212281
-0.00207967
-0.00211803
-0.00208034
-0.00202188
-0.0020124
-0.00206123
-0.00211394
-0.00212773
-0.0021308
-0.00218405
-0.0023452
-0.00206502
-0.00213267
-0.00196711
-0.00207763
-0.00185283
-0.00204487
-0.00211216
-0.00212423
-0.00217275
-0.0021113
-0.00213979
-0.00212837
-0.00205684
-0.0020656
-0.00208891
-0.0021111
-0.00215544
-0.00213777
-0.00224055
-0.0023722
-0.00213055
-0.00215004
-0.00181463
-0.00206737
-0.00185132
-0.00196367
-0.00208214
-0.0021669
-0.00211187
-0.00210439
-0.00210233
-0.00211413
-0.00202927
-0.00211311
-0.00209316
-0.00213038
-0.0021287
-0.00210064
-0.00209846
-0.00197992
-0.001861
-0.0021302
-0.00187345
-0.00185979
-0.00189591
-0.00178387
-0.0019521
-0.00209617
-0.0021431
-0.00208034
-0.00210219
-0.00205851
-0.00203227
-0.00213502
-0.00216122
-0.00217144
-0.00213791
-0.0020928
-0.00206837
-0.00204939
-0.00202993
-0.0020667
-0.00210357
-0.00211531
-0.00178309
-0.00144969
-0.00177731
-0.00200227
-0.00207091
-0.0020726
-0.00203183
-0.00202804
-0.00209545
-0.00218333
-0.00229016
-0.00232758
-0.00208348
-0.00203158
-0.00205011
-0.00200059
-0.00204264
-0.00186599
-0.00172782
-0.00152511
-0.00129668
-0.000945161
-0.0013716
-0.00175228
-0.00190858
-0.0019003
-0.00183829
-0.00179701
-0.00197448
-0.00244008
-0.0025818
-0.00245345
-0.00205682
-0.00204155
-0.0019347
-0.00195255
-0.00204171
-0.00187684
-0.00198977
-0.00176522
-0.000952817
-0.000382961
-0.000955277
-0.00145898
-0.00180633
-0.0019588
-0.00197649
-0.00195943
-0.0019978
-0.00208862
-0.00213601
-0.00208402
-0.00204519
-0.00202957
-0.00195504
-0.00194127
-0.00187808
-0.00187193
-0.00144716
-0.000628105
0.00130116
)
;

boundaryField
{
    movingWall
    {
        type            zeroGradient;
    }
    fixedWalls
    {
        type            zeroGradient;
    }
    frontAndBack
    {
        type            empty;
    }
}


// ************************************************************************* //
