/*--------------------------------*- C++ -*----------------------------------*\
| =========                 |                                                 |
| \\      /  F ield         | OpenFOAM: The Open Source CFD Toolbox           |
|  \\    /   O peration     | Version:  5.x                                   |
|   \\  /    A nd           | Web:      www.OpenFOAM.org                      |
|    \\/     M anipulation  |                                                 |
\*---------------------------------------------------------------------------*/
FoamFile
{
    version     2.0;
    format      ascii;
    class       surfaceScalarField;
    location    "19.1";
    object      phi;
}
// * * * * * * * * * * * * * * * * * * * * * * * * * * * * * * * * * * * * * //

dimensions      [0 3 -1 0 0 0 0];

internalField   nonuniform List<scalar> 
760
(
-1.32001e-06
1.32e-06
-2.21097e-06
8.9096e-07
-2.65831e-06
4.47342e-07
-2.89731e-06
2.39002e-07
-2.9932e-06
9.58941e-08
-3.06397e-06
7.07679e-08
-3.08815e-06
2.41733e-08
-3.12724e-06
3.90938e-08
-3.14569e-06
1.84522e-08
-3.16966e-06
2.39652e-08
-3.16472e-06
-4.93405e-09
-3.17127e-06
6.55102e-09
-3.15389e-06
-1.7382e-08
-3.13441e-06
-1.94804e-08
-3.07348e-06
-6.0932e-08
-2.9563e-06
-1.17184e-07
-2.77577e-06
-1.8053e-07
-2.36131e-06
-4.14457e-07
-1.6628e-06
-6.98508e-07
-1.6628e-06
-7.56052e-07
2.07606e-06
-1.21829e-06
1.3532e-06
-1.36179e-06
5.90845e-07
-1.42369e-06
3.00899e-07
-1.45425e-06
1.26451e-07
-1.47068e-06
8.71978e-08
-1.48475e-06
3.8249e-08
-1.50165e-06
5.59957e-08
-1.48849e-06
5.28854e-09
-1.50539e-06
4.08663e-08
-1.52018e-06
9.85314e-09
-1.56176e-06
4.8131e-08
-1.57415e-06
-4.99357e-09
-1.56082e-06
-3.28079e-08
-1.56509e-06
-5.66587e-08
-1.48564e-06
-1.96634e-07
-1.47478e-06
-1.91387e-07
-1.39078e-06
-4.98458e-07
-9.65304e-07
-1.12399e-06
-2.62811e-06
-4.13215e-07
2.48927e-06
-6.01297e-07
1.54128e-06
-6.10205e-07
5.99753e-07
-6.42288e-07
3.32982e-07
-6.73415e-07
1.57578e-07
-7.18825e-07
1.32608e-07
-7.82384e-07
1.01808e-07
-7.90342e-07
6.39541e-08
-7.98739e-07
1.36855e-08
-7.59638e-07
1.76528e-09
-7.76831e-07
2.70457e-08
-7.93902e-07
6.52026e-08
-8.39119e-07
4.02231e-08
-7.89824e-07
-8.21028e-08
-7.16666e-07
-1.29817e-07
-6.41173e-07
-2.72127e-07
-3.61893e-07
-4.70667e-07
-2.46968e-07
-6.13384e-07
-3.92552e-07
-9.78402e-07
-3.02066e-06
-2.18641e-07
2.70791e-06
-2.91862e-07
1.6145e-06
-2.67792e-07
5.75682e-07
-2.63573e-07
3.28763e-07
-2.7244e-07
1.66445e-07
-2.87623e-07
1.4779e-07
-3.2427e-07
1.38456e-07
-3.53073e-07
9.27571e-08
-3.86984e-07
4.7596e-08
-4.12173e-07
2.69543e-08
-4.54968e-07
6.98408e-08
-4.76505e-07
8.67397e-08
-4.84043e-07
4.77613e-08
-5.37677e-07
-2.84684e-08
-6.21287e-07
-4.62073e-08
-6.33567e-07
-2.59847e-07
-5.21514e-07
-5.82719e-07
-2.18799e-07
-9.16099e-07
-1.88226e-07
-1.00898e-06
-3.20888e-06
-1.16973e-07
2.82488e-06
-1.13983e-07
1.61151e-06
-9.70015e-08
5.587e-07
-5.7765e-08
2.89526e-07
-5.67769e-08
1.65457e-07
-7.67268e-08
1.6774e-07
-9.92427e-08
1.60971e-07
-1.3255e-07
1.26065e-07
-2.00698e-07
1.15744e-07
-2.30796e-07
5.70518e-08
-1.98385e-07
3.74299e-08
-1.07442e-07
-4.20311e-09
1.28367e-08
-7.25172e-08
-2.7817e-08
1.21853e-08
4.63049e-08
-1.20329e-07
-2.09594e-08
-1.92583e-07
-5.92246e-08
-5.44454e-07
-2.01853e-09
-9.73305e-07
-3.14576e-08
-9.79537e-07
-3.24034e-06
-5.50024e-08
2.87989e-06
-7.97564e-08
1.63627e-06
-2.25786e-08
5.01523e-07
2.50336e-08
2.41914e-07
-3.01984e-08
2.20689e-07
-2.93828e-08
1.66925e-07
-4.43059e-08
1.75895e-07
-7.38006e-08
1.55559e-07
-7.74749e-08
1.19418e-07
-1.3834e-07
1.17917e-07
-2.83448e-07
1.82538e-07
-2.77165e-07
-1.04861e-08
-5.89171e-08
-2.90765e-07
-6.77605e-08
2.10287e-08
1.64116e-07
-3.52206e-07
2.75531e-07
-3.03998e-07
2.62343e-08
-2.95157e-07
-3.80323e-09
-9.43267e-07
-6.79557e-08
-9.15384e-07
-3.3083e-06
-5.55518e-08
2.93544e-06
-2.96859e-08
1.6104e-06
-5.11939e-08
5.23031e-07
-4.06768e-08
2.31397e-07
-1.21104e-08
1.92123e-07
1.63851e-08
1.38429e-07
4.7325e-08
1.44955e-07
2.6571e-08
1.76313e-07
-1.3012e-08
1.59001e-07
-3.37859e-08
1.38691e-07
-3.86934e-08
1.87445e-07
-6.64041e-08
1.72246e-08
-8.44044e-08
-2.72764e-07
-1.39868e-07
7.64918e-08
4.41565e-08
-5.3623e-07
5.32423e-08
-3.13083e-07
-1.02401e-07
-1.39514e-07
-1.61365e-08
-1.02953e-06
3.47224e-08
-9.66243e-07
-3.27357e-06
-1.05707e-08
2.94601e-06
-5.12641e-08
1.65109e-06
-3.6413e-08
5.0818e-07
1.21925e-08
1.82791e-07
3.97461e-09
2.00341e-07
-2.24188e-08
1.64823e-07
-1.01411e-07
2.23946e-07
-1.82357e-07
2.57259e-07
-2.70631e-07
2.47276e-07
-2.96801e-07
1.64861e-07
-1.37493e-07
2.81364e-08
-4.12531e-08
-7.90148e-08
-2.10418e-07
-1.03599e-07
-4.44939e-07
3.11012e-07
-2.05619e-07
-7.7555e-07
-1.51287e-07
-3.67415e-07
-3.41241e-07
5.04403e-08
-2.55549e-07
-1.11522e-06
-7.90135e-08
-1.14278e-06
-3.35259e-06
-2.97642e-08
2.97577e-06
-2.52336e-08
1.64656e-06
-4.02367e-08
5.23183e-07
-6.5235e-08
2.0779e-07
-3.17283e-08
1.66834e-07
4.64482e-08
8.66461e-08
5.69484e-08
2.13446e-07
7.53016e-08
2.38906e-07
2.9505e-07
2.75271e-08
3.44133e-07
1.15778e-07
1.97346e-07
1.74924e-07
7.64012e-09
1.10691e-07
-1.22705e-07
2.67461e-08
-1.66289e-07
3.54596e-07
-6.98311e-08
-8.72007e-07
-9.96453e-09
-4.27282e-07
-1.0337e-07
1.43845e-07
-6.56968e-08
-1.1529e-06
3.59539e-09
-1.21207e-06
-3.34899e-06
1.07109e-08
2.96506e-06
-6.14627e-08
1.71874e-06
-9.03593e-08
5.52079e-07
-4.96458e-08
1.67076e-07
1.57214e-08
1.01467e-07
6.01188e-08
4.22487e-08
1.51683e-07
1.21882e-07
2.18885e-07
1.71704e-07
2.64997e-07
-1.85852e-08
1.35084e-07
2.45691e-07
-5.39708e-08
3.63979e-07
-7.91428e-08
1.35863e-07
-9.83911e-08
4.59943e-08
-1.66818e-07
4.23022e-07
-5.11363e-07
-5.27461e-07
-3.94694e-07
-5.43951e-07
2.13854e-07
-4.64703e-07
2.12742e-07
-1.15178e-06
-3.82928e-08
-9.61036e-07
-3.38729e-06
-1.58784e-10
2.96522e-06
3.56028e-08
1.68298e-06
3.3345e-08
5.54337e-07
6.32728e-08
1.37148e-07
8.65258e-08
7.82141e-08
1.39583e-07
-1.08087e-08
2.96061e-07
-3.45955e-08
2.39386e-07
2.28379e-07
4.93792e-08
1.71422e-07
-4.78766e-08
3.42947e-07
-3.43561e-08
3.50458e-07
1.37947e-07
-3.64402e-08
2.54856e-07
-7.09147e-08
2.05732e-08
6.57305e-07
-1.0085e-07
-4.06038e-07
-1.3925e-07
-5.05551e-07
1.07012e-07
-7.10964e-07
1.63736e-07
-1.20851e-06
9.44575e-08
-8.91757e-07
-3.29283e-06
1.90825e-08
2.94614e-06
-5.67862e-08
1.75884e-06
6.73702e-08
4.30181e-07
1.39204e-07
6.53149e-08
3.70951e-08
1.80323e-07
4.54125e-08
-1.91261e-08
2.24268e-07
-2.13451e-07
2.74685e-07
1.77962e-07
1.34814e-07
3.11292e-07
6.36493e-08
4.14112e-07
8.13551e-08
3.32753e-07
1.33801e-08
3.15348e-08
-2.81752e-08
-2.93594e-08
6.8847e-08
5.60282e-07
1.07998e-08
-3.47991e-07
-3.38259e-08
-4.60925e-07
-9.92275e-08
-6.45562e-07
-3.37135e-07
-9.70602e-07
-5.95074e-08
-1.16938e-06
-3.35234e-06
1.18918e-08
2.93425e-06
2.97653e-08
1.74097e-06
-5.57442e-08
5.1569e-07
-1.84511e-07
1.94082e-07
-1.23435e-07
1.19246e-07
-1.45129e-07
2.56831e-09
-1.2098e-07
-2.376e-07
1.32897e-07
-7.59144e-08
3.09104e-07
1.35085e-07
2.98314e-07
4.24902e-07
1.67065e-07
4.64002e-07
5.64178e-08
1.42182e-07
-6.52599e-08
9.23183e-08
-4.51684e-09
4.99539e-07
6.24096e-08
-4.14918e-07
9.94147e-08
-4.9793e-07
9.41019e-08
-6.4025e-07
-9.16543e-08
-7.84846e-07
2.58368e-10
-1.2613e-06
-3.35208e-06
1.77637e-08
2.91648e-06
-6.60335e-10
1.75939e-06
-2.06373e-08
5.35667e-07
-8.62776e-08
2.59722e-07
-4.35058e-08
7.6474e-08
-1.36946e-07
9.60085e-08
-9.97231e-08
-2.74823e-07
1.93274e-07
-3.68912e-07
2.90283e-07
3.80761e-08
3.91867e-07
3.23318e-07
3.40995e-07
5.14873e-07
1.66199e-07
3.16978e-07
2.47597e-09
2.56041e-07
-3.01659e-08
5.32181e-07
1.3211e-07
-5.77193e-07
1.93344e-07
-5.59164e-07
3.99462e-07
-8.46367e-07
3.64738e-07
-7.50122e-07
7.01242e-08
-9.66684e-07
-3.28195e-06
5.35395e-08
2.86294e-06
3.7905e-08
1.77503e-06
-8.85719e-08
6.62144e-07
9.56325e-08
7.5518e-08
2.05884e-07
-3.37772e-08
1.69646e-07
1.32247e-07
5.29595e-07
-6.34772e-07
5.9953e-07
-4.38847e-07
4.33489e-07
2.04117e-07
5.43383e-07
2.13424e-07
7.2992e-07
3.28335e-07
5.7231e-07
4.74588e-07
7.84874e-07
4.34774e-08
8.23035e-07
4.9402e-07
7.83755e-07
-5.37913e-07
8.84477e-07
-6.59887e-07
3.2645e-07
-2.8834e-07
4.73033e-08
-4.70976e-07
3.86037e-08
-9.57984e-07
-3.24335e-06
1.01984e-07
2.76096e-06
2.38947e-07
1.63807e-06
2.1309e-07
6.88001e-07
7.37586e-08
2.14849e-07
1.93081e-07
-1.53099e-07
5.0788e-07
-1.82553e-07
5.07226e-07
-6.34118e-07
4.58579e-07
-3.90199e-07
5.52548e-07
1.10148e-07
6.13885e-07
1.52087e-07
6.83202e-07
2.59019e-07
7.07615e-07
4.50176e-07
7.76959e-07
-2.58675e-08
8.95931e-07
3.75048e-07
6.76014e-07
-3.17995e-07
-4.135e-08
5.74767e-08
-2.65139e-07
-6.45507e-08
-8.14669e-08
-6.54648e-07
-1.33728e-08
-1.02608e-06
-3.25672e-06
2.60412e-07
2.50055e-06
2.48701e-07
1.64978e-06
2.81174e-07
6.55528e-07
4.3479e-07
6.12331e-08
2.95391e-07
-1.37002e-08
4.73846e-07
-3.61008e-07
3.79421e-07
-5.39693e-07
5.22319e-07
-5.33097e-07
1.0347e-06
-4.02229e-07
1.15716e-06
2.96207e-08
9.83746e-07
4.32435e-07
9.62517e-07
4.71405e-07
8.33914e-07
1.02736e-07
8.77334e-07
3.31628e-07
8.16873e-07
-2.57534e-07
3.75274e-07
4.99075e-07
7.2988e-07
-4.19156e-07
3.69301e-07
-2.94069e-07
3.09068e-09
-6.59868e-07
-3.25363e-06
4.46539e-07
2.05401e-06
8.47798e-07
1.24852e-06
8.17517e-07
6.85809e-07
8.32964e-07
4.57861e-08
8.91456e-07
-7.21925e-08
8.72491e-07
-3.42042e-07
9.29438e-07
-5.9664e-07
9.33022e-07
-5.36681e-07
8.97855e-07
-3.67062e-07
9.74115e-07
-4.66392e-08
1.1059e-06
3.0065e-07
1.03757e-06
5.39736e-07
1.14834e-06
-8.03088e-09
1.06709e-06
4.12876e-07
1.07608e-06
-2.6652e-07
1.03513e-06
5.40021e-07
8.71393e-07
-2.5542e-07
3.6371e-07
2.13613e-07
4.55157e-07
-7.51314e-07
-2.79847e-06
7.16198e-07
1.33781e-06
1.15548e-06
8.09235e-07
1.37464e-06
4.66651e-07
1.2209e-06
1.99528e-07
1.03408e-06
1.14621e-07
6.49058e-07
4.2984e-08
-3.84856e-08
9.09031e-08
-7.02838e-07
1.27671e-07
-1.14017e-06
7.02653e-08
-1.16945e-06
-1.73582e-08
-9.16712e-07
4.79154e-08
-4.66344e-07
8.93675e-08
-4.28821e-07
-4.55534e-08
-1.36039e-07
1.20093e-07
-3.37683e-07
-6.48763e-08
2.76867e-08
1.74651e-07
-4.02498e-08
-1.87483e-07
2.82809e-07
-1.09445e-07
8.45873e-07
-1.31438e-06
-1.9526e-06
1.33781e-06
2.14705e-06
2.6137e-06
2.81322e-06
2.92785e-06
2.97083e-06
3.06173e-06
3.1894e-06
3.25967e-06
3.24231e-06
3.29023e-06
3.37959e-06
3.33404e-06
3.45413e-06
3.38926e-06
3.56391e-06
3.37642e-06
3.26698e-06
1.9526e-06
)
;

boundaryField
{
    movingWall
    {
        type            calculated;
        value           uniform 0;
    }
    fixedWalls
    {
        type            calculated;
        value           uniform 0;
    }
    frontAndBack
    {
        type            empty;
        value           nonuniform 0();
    }
}


// ************************************************************************* //
