/*--------------------------------*- C++ -*----------------------------------*\
| =========                 |                                                 |
| \\      /  F ield         | OpenFOAM: The Open Source CFD Toolbox           |
|  \\    /   O peration     | Version:  5.x                                   |
|   \\  /    A nd           | Web:      www.OpenFOAM.org                      |
|    \\/     M anipulation  |                                                 |
\*---------------------------------------------------------------------------*/
FoamFile
{
    version     2.0;
    format      ascii;
    class       volVectorField;
    location    "19.1";
    object      U;
}
// * * * * * * * * * * * * * * * * * * * * * * * * * * * * * * * * * * * * * //

dimensions      [0 1 -1 0 0 0 0];

internalField   nonuniform List<vector> 
400
(
(-0.0174057 0.00878836 0)
(-0.0403138 0.00738306 0)
(-0.0489285 0.00312978 0)
(-0.0562529 0.0016557 0)
(-0.0572707 0.000608851 0)
(-0.0610949 -0.000280137 0)
(-0.0600913 -0.000200829 0)
(-0.0632282 -0.00117919 0)
(-0.0614867 -0.000423395 0)
(-0.0639724 -0.001154 0)
(-0.0622219 -4.29644e-05 0)
(-0.0647392 -0.000367819 0)
(-0.062519 0.000245435 0)
(-0.065024 -0.000122538 0)
(-0.061136 -0.000623904 0)
(-0.0630563 -0.00188612 0)
(-0.0568492 -0.00408241 0)
(-0.0563622 -0.00746688 0)
(-0.0428142 -0.013226 0)
(-0.0156762 -0.0271459 0)
(-0.0117949 0.0388268 0)
(-0.0216893 0.024625 0)
(-0.0260848 0.0126724 0)
(-0.0272852 0.00679968 0)
(-0.0283418 0.00270385 0)
(-0.0294351 0.00278717 0)
(-0.0286245 0.00102417 0)
(-0.0314313 0.00262008 0)
(-0.0279194 0.00115858 0)
(-0.0323197 0.00210898 0)
(-0.0268403 -8.79504e-05 0)
(-0.0344783 0.000674473 0)
(-0.0277643 -0.000973282 0)
(-0.0359594 -0.00086122 0)
(-0.0273513 -0.00232952 0)
(-0.034697 -0.00377114 0)
(-0.0261004 -0.00453498 0)
(-0.0321519 -0.0117713 0)
(-0.0280546 -0.0191605 0)
(-0.00474668 -0.0461803 0)
(-0.00708278 0.0451999 0)
(-0.0115884 0.0300317 0)
(-0.0111861 0.0117164 0)
(-0.012941 0.0056122 0)
(-0.0120089 0.00258836 0)
(-0.0145278 0.000918371 0)
(-0.0141304 0.000614465 0)
(-0.0174361 -0.000253252 0)
(-0.0141717 -0.000985504 0)
(-0.0178461 -0.00055438 0)
(-0.0121309 0.000380028 0)
(-0.0188102 0.0011047 0)
(-0.0136481 0.000752002 0)
(-0.0192596 -0.000221088 0)
(-0.0136005 0.000518059 0)
(-0.0132584 -0.00277519 0)
(-0.0144601 -0.00196123 0)
(0.00151314 -0.00589403 0)
(-0.0129266 -0.0218102 0)
(-0.000309951 -0.0572495 0)
(-0.00499111 0.0561128 0)
(-0.00502293 0.0331794 0)
(-0.00577364 0.012948 0)
(-0.0052147 0.00804721 0)
(-0.00489817 0.00392861 0)
(-0.00621945 0.00424918 0)
(-0.00505239 0.00351304 0)
(-0.00826862 0.002669 0)
(-0.00572057 0.0015666 0)
(-0.00953678 0.000652317 0)
(-0.00676727 0.000825046 0)
(-0.0113911 0.00153224 0)
(-0.00820308 0.000994375 0)
(-0.0102984 -0.00307818 0)
(-0.0123166 -0.0062309 0)
(-0.011383 -0.00940967 0)
(-0.0156706 -0.0182667 0)
(-0.00312162 -0.020147 0)
(-0.00711413 -0.0197126 0)
(0.000998401 -0.0619454 0)
(-0.00342843 0.0540152 0)
(-0.0020346 0.0322356 0)
(-0.00196803 0.0105299 0)
(-0.00210322 0.00542792 0)
(-0.000122136 0.00255125 0)
(-0.00205223 0.0018116 0)
(-0.00112025 0.0019097 0)
(-0.00288106 0.00120947 0)
(-0.00255683 0.000354583 0)
(-0.00527863 0.000343804 0)
(-0.00409144 0.00199072 0)
(-0.00345401 0.00214458 0)
(-0.00126243 0.000731902 0)
(0.00193337 0.00179409 0)
(-0.00328658 0.00429021 0)
(0.00534734 -0.000487818 0)
(-0.00642178 -0.00396173 0)
(0.0046231 -0.0155499 0)
(-0.00482777 -0.0180998 0)
(0.00391609 -0.0630774 0)
(-0.00222149 0.0603919 0)
(-0.000315078 0.0339649 0)
(-0.00256372 0.0125487 0)
(0.00155401 0.00647363 0)
(-0.000455748 0.00438026 0)
(-0.000845963 0.00497825 0)
(-0.000243159 0.00476187 0)
(-0.00163383 0.00372085 0)
(-0.00136339 0.00441713 0)
(-0.00156758 0.00196596 0)
(-0.00422931 -0.000522714 0)
(-0.00676362 -0.00236681 0)
(-0.00484941 -0.00334564 0)
(0.00283374 -0.00120251 0)
(-0.00587385 -0.00870009 0)
(0.0127597 -0.00667369 0)
(-0.00252761 -0.017568 0)
(0.00399338 -0.0225999 0)
(-0.00436016 -0.0232008 0)
(0.0023243 -0.0658255 0)
(-0.00256861 0.0563992 0)
(5.52111e-05 0.030728 0)
(-0.00107426 0.00706575 0)
(-0.00108398 0.00300592 0)
(-0.000514954 0.00411352 0)
(7.5603e-05 0.00155414 0)
(0.000522867 0.00196133 0)
(0.00148157 0.00253332 0)
(-0.000533885 0.0001544 0)
(0.000136371 0.00292586 0)
(-0.00173622 0.00754038 0)
(0.00049784 0.00203135 0)
(-0.0036637 -0.00904828 0)
(0.000938482 0.00225704 0)
(-0.00718476 -0.00487565 0)
(0.00894284 -0.00568969 0)
(-0.00690679 0.00636657 0)
(0.0033125 -0.0144733 0)
(-0.00418021 -0.0115507 0)
(0.00588572 -0.0637882 0)
(-0.00127347 0.0608501 0)
(0.000743226 0.0341451 0)
(-0.00257978 0.0141542 0)
(0.00100606 0.00641218 0)
(-0.000466644 0.00386683 0)
(0.000604645 0.00415088 0)
(-0.00142387 0.0041568 0)
(-0.00280789 0.00444432 0)
(-0.00432366 0.00647508 0)
(-0.00663136 0.00254031 0)
(-0.00557759 0.000298853 0)
(0.000349474 -0.00140393 0)
(-0.00184268 -0.000934275 0)
(-0.00697848 0.000401471 0)
(-0.0107172 -0.0166146 0)
(0.00263734 -0.00668181 0)
(-0.00861475 -0.0113047 0)
(-0.00455304 -0.02685 0)
(-0.00620648 -0.0279081 0)
(0.00320361 -0.0698739 0)
(-0.0018576 0.0579062 0)
(0.000503144 0.031798 0)
(-0.00136378 0.00614116 0)
(-0.00037121 0.000817117 0)
(-0.00220774 0.00384887 0)
(0.00103269 0.00226288 0)
(0.000713435 0.0044116 0)
(0.00171438 0.00598086 0)
(0.00118105 0.00300157 0)
(0.0101079 0.00358397 0)
(0.00408827 0.000627617 0)
(0.00417335 -0.00192152 0)
(-0.00387391 -0.00383875 0)
(-0.00125106 0.0111225 0)
(-0.0060718 -0.0160026 0)
(0.00404954 -0.00864115 0)
(-0.00481356 0.0125699 0)
(0.00179119 -0.0190939 0)
(-0.00498024 -0.0188287 0)
(0.00519257 -0.0648315 0)
(-0.000586495 0.0605517 0)
(0.000894217 0.0339931 0)
(-0.00309774 0.0145122 0)
(-0.000751192 0.0075397 0)
(-0.00108663 0.00310993 0)
(0.00168561 0.00133746 0)
(0.000720807 0.00445492 0)
(0.00518645 0.00344518 0)
(0.00366442 -0.00175994 0)
(0.00662113 0.00157087 0)
(-0.000842234 0.00704401 0)
(-0.00163612 0.00671808 0)
(-0.00113595 0.00523076 0)
(-0.00283858 0.00455846 0)
(-0.00470657 -0.0179966 0)
(-0.0140607 -0.00803399 0)
(-0.00301602 -0.00568214 0)
(0.0123845 -0.026557 0)
(-0.00473959 -0.03049 0)
(0.0036121 -0.069665 0)
(-0.000929126 0.0586779 0)
(0.000894157 0.0345828 0)
(0.000738396 0.00710972 0)
(0.000422858 -0.00110855 0)
(0.00225987 0.000686149 0)
(0.00136585 0.000204648 0)
(0.00405984 0.000283186 0)
(0.00793347 0.00363203 0)
(0.00179703 0.000875838 0)
(2.52072e-06 0.00751278 0)
(-0.0016725 0.00661947 0)
(7.15775e-05 -0.00178999 0)
(0.00598639 -0.00378478 0)
(0.00322765 0.0107922 0)
(-0.00218793 -0.00291139 0)
(-0.00160999 -0.0128991 0)
(-0.00363643 -0.0119486 0)
(0.00747339 -0.0191433 0)
(-0.00163721 -0.00677845 0)
(0.00608596 -0.0629236 0)
(-0.000140713 0.0596213 0)
(0.000763561 0.033735 0)
(-0.00273744 0.0158511 0)
(0.00512049 0.00698036 0)
(0.000681649 0.00269232 0)
(0.000994991 -0.000521348 0)
(0.000603896 -0.00155771 0)
(0.00796113 0.00504583 0)
(0.00380153 0.00654463 0)
(0.00116947 0.00701888 0)
(0.0014157 0.00789952 0)
(0.00169047 0.000592453 0)
(-0.00103243 0.00124549 0)
(-0.00044548 0.016452 0)
(0.00374039 -0.0123941 0)
(-0.00346712 -0.00834724 0)
(0.00232601 -0.0169287 0)
(-0.00639917 -0.0291021 0)
(-0.00775872 -0.0280344 0)
(0.00567332 -0.072058 0)
(-0.000670511 0.0582147 0)
(0.000992425 0.0353857 0)
(0.00049293 0.000937207 0)
(-0.00311207 -0.00465243 0)
(-0.00372686 0.00409955 0)
(-0.00104139 -0.000362729 0)
(-0.00525362 -0.00752773 0)
(0.000889774 0.00213508 0)
(0.0044146 0.00504869 0)
(0.00743721 0.00868149 0)
(0.00495987 0.00554973 0)
(0.00122858 0.000456309 0)
(0.00132681 -0.00239976 0)
(-0.00404272 0.00707853 0)
(0.00372735 -0.0022082 0)
(-0.000542271 -0.00957273 0)
(0.0035714 -0.0106269 0)
(0.00112221 -0.0104463 0)
(-0.00579747 -0.0206737 0)
(0.00601759 -0.0630408 0)
(0.000390781 0.0584295 0)
(0.000134652 0.0349414 0)
(-0.000116775 0.0193704 0)
(-0.000903748 0.0129692 0)
(-0.00205851 0.0010973 0)
(-4.95186e-05 0.000449161 0)
(-0.00502419 -0.00120764 0)
(0.00139985 -0.00480179 0)
(0.00630991 0.00104909 0)
(0.00476286 0.00927372 0)
(0.0103463 0.0127863 0)
(0.00377487 0.00575186 0)
(0.00325996 0.00616917 0)
(-0.00310563 0.0125891 0)
(0.00133367 -0.0155409 0)
(0.00539142 -0.00933783 0)
(0.000835741 -0.0132409 0)
(0.0171649 -0.0208219 0)
(-0.00467831 -0.0278167 0)
(0.008366 -0.067495 0)
(-1.94774e-05 0.0569231 0)
(0.00180117 0.034271 0)
(-1.90356e-05 0.00250779 0)
(-0.00402153 -0.00348806 0)
(0.00847205 0.00159687 0)
(-0.000969451 0.00310127 0)
(0.00756182 -0.0106364 0)
(0.014854 -0.0109203 0)
(0.00822475 0.000163928 0)
(0.00908428 0.00294351 0)
(0.0128227 0.00832381 0)
(0.0153038 0.00609005 0)
(0.00902171 0.00351402 0)
(0.0212448 0.00713759 0)
(0.00910942 -0.0094649 0)
(0.0253933 -0.0152382 0)
(0.00668513 -0.0220376 0)
(0.00887498 -0.00722134 0)
(-0.00803464 -0.0130771 0)
(0.0103163 -0.0635457 0)
(0.00146516 0.0560543 0)
(0.00205976 0.0353946 0)
(0.00677845 0.0226492 0)
(0.00265108 0.00704967 0)
(3.93162e-05 -0.00282677 0)
(0.00758379 0.00268097 0)
(0.0116746 -0.0149426 0)
(0.0102557 -0.00584217 0)
(0.00650626 0.00788021 0)
(0.0168988 0.0061762 0)
(0.00657439 0.00494581 0)
(0.0213862 0.0138481 0)
(0.00701111 -0.00150871 0)
(0.022656 0.0143625 0)
(0.0143291 -0.00895983 0)
(0.015025 -0.00795551 0)
(-0.0175498 0.0103826 0)
(0.00896409 -0.011393 0)
(-0.0127746 -0.0216783 0)
(0.0120939 -0.0691179 0)
(0.00164251 0.0527664 0)
(0.00777395 0.0314732 0)
(0.0015737 0.00597631 0)
(0.00977111 0.000649262 0)
(0.00891316 -0.0030145 0)
(0.00195152 -0.0106139 0)
(0.0179316 -0.00943905 0)
(-0.00187188 -0.00930692 0)
(0.0212835 -0.00323909 0)
(0.0212882 -0.000189784 0)
(0.0242616 0.00609968 0)
(0.0158413 0.00319128 0)
(0.0233362 0.000276158 0)
(0.00935922 -0.000226662 0)
(0.0264139 -0.00567123 0)
(0.00642141 0.00943379 0)
(0.00794041 -0.0133056 0)
(0.0216878 -0.0179814 0)
(-0.00843261 -0.0245481 0)
(0.00889421 -0.0652696 0)
(0.00423274 0.0475521 0)
(0.0116618 0.0320306 0)
(0.0224297 0.0189898 0)
(0.0113421 0.00185269 0)
(0.0227769 0.0022474 0)
(0.0137539 -0.00440694 0)
(0.021969 -0.0136909 0)
(0.0142597 -0.0135977 0)
(0.0231007 -0.0116208 0)
(0.0115041 0.00161911 0)
(0.025451 0.010085 0)
(0.0220247 0.0166117 0)
(0.0177674 0.00433311 0)
(0.0264819 0.0126539 0)
(0.0181114 -0.00389359 0)
(0.02232 0.0116508 0)
(0.0213485 -0.00178885 0)
(0.0122724 0.00891236 0)
(0.00283401 0.00285535 0)
(0.0168761 -0.0591689 0)
(0.0058897 0.0366718 0)
(0.02015 0.0202758 0)
(0.024101 0.00962439 0)
(0.0322734 0.000337208 0)
(0.0181013 -0.00438905 0)
(0.0244325 -0.00751948 0)
(0.0030908 -0.00754132 0)
(-0.00438954 -0.00602464 0)
(-0.0266442 -0.00550644 0)
(-0.0191296 -0.00439968 0)
(-0.0266489 0.000282295 0)
(-0.00658919 0.00480387 0)
(-0.0141797 -0.00477764 0)
(-0.00158374 0.00523372 0)
(-0.004269 -0.0066706 0)
(-0.0107012 0.00877718 0)
(0.012347 -0.0094818 0)
(-0.0146652 -0.00285532 0)
(0.0247658 -0.038654 0)
(0.0139298 -0.0634151 0)
(0.0152799 0.0208856 0)
(0.0340759 0.0146847 0)
(0.0506908 0.0107914 0)
(0.0524379 0.00782717 0)
(0.0621302 0.00816417 0)
(0.056858 0.00860079 0)
(0.0639974 0.0101726 0)
(0.0590064 0.0104778 0)
(0.0660489 0.00947966 0)
(0.0626117 0.00434315 0)
(0.0695557 0.00254364 0)
(0.0631948 -0.00138579 0)
(0.0701209 0.00313803 0)
(0.0658988 -0.00103566 0)
(0.0694036 0.00398582 0)
(0.0690544 -0.000728559 0)
(0.0677044 0.00226968 0)
(0.0688028 0.000189121 0)
(0.0550443 -0.0058162 0)
(0.0339339 -0.00196642 0)
)
;

boundaryField
{
    movingWall
    {
        type            fixedValue;
        value           uniform (1 0 0);
    }
    fixedWalls
    {
        type            noSlip;
    }
    frontAndBack
    {
        type            empty;
    }
}


// ************************************************************************* //
