/*--------------------------------*- C++ -*----------------------------------*\
| =========                 |                                                 |
| \\      /  F ield         | OpenFOAM: The Open Source CFD Toolbox           |
|  \\    /   O peration     | Version:  5.x                                   |
|   \\  /    A nd           | Web:      www.OpenFOAM.org                      |
|    \\/     M anipulation  |                                                 |
\*---------------------------------------------------------------------------*/
FoamFile
{
    version     2.0;
    format      ascii;
    class       volScalarField;
    location    "0.9";
    object      p;
}
// * * * * * * * * * * * * * * * * * * * * * * * * * * * * * * * * * * * * * //

dimensions      [0 2 -2 0 0 0 0];

internalField   nonuniform List<scalar> 
400
(
3.39036e-12
3.48354e-07
1.05131e-06
2.09416e-06
3.4569e-06
5.11269e-06
7.02825e-06
9.16402e-06
1.14745e-05
1.39089e-05
1.64113e-05
1.89217e-05
2.13772e-05
2.37134e-05
2.58656e-05
2.77717e-05
2.93737e-05
3.0621e-05
3.14727e-05
3.18985e-05
-3.54991e-07
1.80374e-11
7.16552e-07
1.77973e-06
3.16937e-06
4.85839e-06
6.81317e-06
8.99371e-06
1.1354e-05
1.38425e-05
1.64026e-05
1.89732e-05
2.149e-05
2.3887e-05
2.60977e-05
2.80576e-05
2.97067e-05
3.09917e-05
3.18699e-05
3.23091e-05
-1.0875e-06
-7.18759e-07
2.57643e-08
1.13084e-06
2.57591e-06
4.33336e-06
6.36884e-06
8.6415e-06
1.11043e-05
1.37041e-05
1.63829e-05
1.90775e-05
2.17209e-05
2.42436e-05
2.65754e-05
2.86473e-05
3.03942e-05
3.17581e-05
3.26917e-05
3.31591e-05
-2.21045e-06
-1.82084e-06
-1.03378e-06
1.34996e-07
1.66435e-06
3.52586e-06
5.68415e-06
8.09707e-06
1.07159e-05
1.34859e-05
1.63462e-05
1.92309e-05
2.20688e-05
2.47857e-05
2.73052e-05
2.95516e-05
3.14518e-05
3.29398e-05
3.39608e-05
3.44727e-05
-3.74729e-06
-3.32953e-06
-2.48501e-06
-1.23019e-06
4.13103e-07
2.41537e-06
4.73988e-06
7.34281e-06
1.01735e-05
1.31745e-05
1.62823e-05
1.94272e-05
2.25327e-05
2.5518e-05
2.8299e-05
3.07898e-05
3.29065e-05
3.4571e-05
3.57171e-05
3.6293e-05
-5.72966e-06
-5.27626e-06
-4.35893e-06
-2.99496e-06
-1.20706e-06
9.73984e-07
3.50978e-06
6.3545e-06
9.45506e-06
1.27513e-05
1.61764e-05
1.96566e-05
2.31091e-05
2.64453e-05
2.95708e-05
3.23872e-05
3.4795e-05
3.66993e-05
3.80169e-05
3.86811e-05
-8.19803e-06
-7.70132e-06
-6.69527e-06
-5.19819e-06
-3.23375e-06
-8.34263e-07
1.95992e-06
5.10061e-06
8.53206e-06
1.21912e-05
1.60075e-05
1.99041e-05
2.37909e-05
2.75703e-05
3.11362e-05
3.43739e-05
3.71638e-05
3.9387e-05
4.09358e-05
4.17203e-05
-1.12024e-05
-1.06545e-05
-9.54327e-06
-7.88812e-06
-5.7137e-06
-3.0541e-06
4.79639e-08
3.54153e-06
7.36791e-06
1.1461e-05
1.57472e-05
2.01474e-05
2.45644e-05
2.88914e-05
3.3009e-05
3.67835e-05
4.0069e-05
4.27139e-05
4.45737e-05
4.55231e-05
-1.4803e-05
-1.4196e-05
-1.29627e-05
-1.11234e-05
-8.70369e-06
-5.73984e-06
-2.27751e-06
1.62896e-06
5.91748e-06
1.05188e-05
1.53571e-05
2.03543e-05
2.54061e-05
3.03981e-05
3.51976e-05
3.96494e-05
4.35752e-05
4.67787e-05
4.90607e-05
5.02405e-05
-1.90717e-05
-1.83976e-05
-1.70252e-05
-1.49744e-05
-1.22719e-05
-8.95634e-06
-5.07765e-06
-6.94563e-07
4.12671e-06
9.31333e-06
1.47866e-05
2.04801e-05
2.62782e-05
3.20648e-05
3.76972e-05
4.29984e-05
4.77516e-05
5.17008e-05
5.45648e-05
5.60788e-05
-2.40931e-05
-2.33447e-05
-2.18167e-05
-1.95259e-05
-1.64995e-05
-1.27802e-05
-8.42397e-06
-3.49575e-06
1.93302e-06
7.78478e-06
1.39671e-05
2.04666e-05
2.71243e-05
3.38424e-05
4.04787e-05
4.68385e-05
5.26622e-05
5.76191e-05
6.13011e-05
6.33261e-05
-2.99675e-05
-2.91385e-05
-2.74415e-05
-2.48799e-05
-2.14836e-05
-1.73012e-05
-1.23984e-05
-6.84998e-06
-7.33314e-07
5.87763e-06
1.29233e-05
2.02504e-05
2.78626e-05
3.5648e-05
4.34719e-05
5.11376e-05
5.83472e-05
6.46839e-05
6.95385e-05
7.23985e-05
-3.68024e-05
-3.58984e-05
-3.40281e-05
-3.11624e-05
-2.73414e-05
-2.26236e-05
-1.70921e-05
-1.08395e-05
-3.95677e-06
3.4748e-06
1.13834e-05
1.96925e-05
2.83679e-05
3.73495e-05
4.65446e-05
5.57892e-05
6.4782e-05
7.30329e-05
7.9594e-05
8.39197e-05
-4.48032e-05
-4.37892e-05
-4.17504e-05
-3.85343e-05
-3.42165e-05
-2.88659e-05
-2.25998e-05
-1.55417e-05
-7.80441e-06
5.21511e-07
9.3705e-06
1.86982e-05
2.84928e-05
3.87555e-05
4.94729e-05
6.05676e-05
7.17997e-05
8.27315e-05
9.1786e-05
9.88546e-05
-5.35933e-05
-5.29145e-05
-5.08115e-05
-4.72042e-05
-4.2287e-05
-3.61619e-05
-2.90172e-05
-2.1025e-05
-1.23301e-05
-3.03669e-06
6.7962e-06
1.71523e-05
2.80578e-05
3.96032e-05
5.19023e-05
6.50525e-05
7.89851e-05
9.36547e-05
0.000106312
0.000118709
-6.59309e-05
-6.39138e-05
-6.17613e-05
-5.74832e-05
-5.17809e-05
-4.46598e-05
-3.64299e-05
-2.73322e-05
-1.75557e-05
-7.223e-06
3.61208e-06
1.49718e-05
2.68788e-05
3.95785e-05
5.33484e-05
6.85981e-05
8.55708e-05
0.000105396
0.000122624
0.000145584
-7.36631e-05
-7.67364e-05
-7.44176e-05
-6.98057e-05
-6.30287e-05
-5.4548e-05
-4.4915e-05
-3.44708e-05
-2.34556e-05
-1.20177e-05
-2.12462e-07
1.2003e-05
2.47225e-05
3.82006e-05
5.2746e-05
6.90479e-05
8.72297e-05
0.000113886
0.000133072
0.000181439
-9.68269e-05
-8.73032e-05
-9.06215e-05
-8.34148e-05
-7.56185e-05
-6.55622e-05
-5.42694e-05
-4.22377e-05
-2.98224e-05
-1.71969e-05
-4.38123e-06
8.78503e-06
2.27554e-05
3.73177e-05
5.35441e-05
7.3329e-05
9.58961e-05
0.000132142
0.000158833
0.000228595
-0.000101699
-0.000133822
-0.000116532
-0.000109812
-9.66284e-05
-8.17451e-05
-6.66633e-05
-5.18779e-05
-3.74426e-05
-2.33964e-05
-9.76162e-06
3.48848e-06
1.59993e-05
2.86455e-05
4.00454e-05
5.51759e-05
5.72055e-05
0.000107155
8.82822e-05
0.000248266
-0.000190746
-0.000122837
-0.000123191
-0.000117493
-0.00010306
-8.7459e-05
-7.19457e-05
-5.64226e-05
-4.12521e-05
-2.66098e-05
-1.25672e-05
1.15727e-06
1.41855e-05
2.87419e-05
4.09076e-05
6.32556e-05
8.2378e-05
0.000154018
0.000255288
0.000520449
)
;

boundaryField
{
    movingWall
    {
        type            zeroGradient;
    }
    fixedWalls
    {
        type            zeroGradient;
    }
    frontAndBack
    {
        type            empty;
    }
}


// ************************************************************************* //
