/*--------------------------------*- C++ -*----------------------------------*\
| =========                 |                                                 |
| \\      /  F ield         | OpenFOAM: The Open Source CFD Toolbox           |
|  \\    /   O peration     | Version:  5.x                                   |
|   \\  /    A nd           | Web:      www.OpenFOAM.org                      |
|    \\/     M anipulation  |                                                 |
\*---------------------------------------------------------------------------*/
FoamFile
{
    version     2.0;
    format      ascii;
    class       surfaceScalarField;
    location    "4.8";
    object      phi;
}
// * * * * * * * * * * * * * * * * * * * * * * * * * * * * * * * * * * * * * //

dimensions      [0 3 -1 0 0 0 0];

internalField   nonuniform List<scalar> 
760
(
-1.78787e-08
1.78787e-08
-3.73221e-08
1.94434e-08
-5.78762e-08
2.05541e-08
-8.02197e-08
2.23434e-08
-1.05151e-07
2.49313e-08
-1.33699e-07
2.85485e-08
-1.67273e-07
3.35734e-08
-2.07899e-07
4.06265e-08
-2.58599e-07
5.06999e-08
-3.2415e-07
6.55508e-08
-4.12531e-07
8.83805e-08
-5.37805e-07
1.25274e-07
-7.25859e-07
1.88054e-07
-1.02305e-06
2.97192e-07
-1.49059e-06
4.67537e-07
-2.11927e-06
6.28686e-07
-2.65703e-06
5.37752e-07
-2.5963e-06
-6.07301e-08
-1.6008e-06
-9.95497e-07
-1.6008e-06
-1.87714e-08
3.66501e-08
-3.91315e-08
3.98035e-08
-6.05577e-08
4.19803e-08
-8.36824e-08
4.54681e-08
-1.09234e-07
5.04829e-08
-1.38122e-07
5.74366e-08
-1.71534e-07
6.69851e-08
-2.11069e-07
8.01618e-08
-2.58974e-07
9.8605e-08
-3.18397e-07
1.24974e-07
-3.93697e-07
1.63681e-07
-4.90605e-07
2.22182e-07
-6.15405e-07
3.12853e-07
-7.71258e-07
4.53046e-07
-9.51299e-07
6.47578e-07
-1.14791e-06
8.25298e-07
-1.36009e-06
7.49928e-07
-1.48202e-06
6.12032e-08
-9.45772e-07
-1.53174e-06
-2.54657e-06
-1.77911e-08
5.44412e-08
-3.71072e-08
5.91196e-08
-5.7351e-08
6.22242e-08
-7.90422e-08
6.71592e-08
-1.02746e-07
7.41864e-08
-1.29122e-07
8.3813e-08
-1.58969e-07
9.68318e-08
-1.9326e-07
1.14453e-07
-2.33164e-07
1.38509e-07
-2.79973e-07
1.71783e-07
-3.3476e-07
2.18468e-07
-3.97472e-07
2.84894e-07
-4.64724e-07
3.80105e-07
-5.26438e-07
5.14759e-07
-5.67384e-07
6.88524e-07
-5.69374e-07
8.27288e-07
-5.85025e-07
7.65579e-07
-6.02175e-07
7.83533e-08
-6.0313e-07
-1.53079e-06
-3.1497e-06
-1.62512e-08
7.06924e-08
-3.39427e-08
7.68111e-08
-5.23869e-08
8.06684e-08
-7.19589e-08
8.67311e-08
-9.30214e-08
9.52489e-08
-1.15944e-07
1.06735e-07
-1.41095e-07
1.21984e-07
-1.68808e-07
1.42165e-07
-1.99256e-07
1.68958e-07
-2.32207e-07
2.04733e-07
-2.66445e-07
2.52706e-07
-2.98798e-07
3.17247e-07
-3.22479e-07
4.03786e-07
-3.22205e-07
5.14484e-07
-2.8685e-07
6.53169e-07
-1.89319e-07
7.29757e-07
-8.62312e-08
6.62492e-07
-4.33148e-08
3.54369e-08
3.34617e-08
-1.60757e-06
-3.11624e-06
-1.43178e-08
8.50102e-08
-3.00025e-08
9.24957e-08
-4.62725e-08
9.69384e-08
-6.33533e-08
1.03812e-07
-8.13987e-08
1.13294e-07
-1.00492e-07
1.25828e-07
-1.20604e-07
1.42095e-07
-1.41513e-07
1.63074e-07
-1.6264e-07
1.90085e-07
-1.8279e-07
2.24884e-07
-1.99635e-07
2.69551e-07
-2.08542e-07
3.26154e-07
-2.04426e-07
3.9967e-07
-1.66429e-07
4.76488e-07
-1.02454e-07
5.89194e-07
1.2822e-08
6.14481e-07
1.3868e-07
5.36634e-07
1.83842e-07
-9.72514e-09
1.07121e-07
-1.53085e-06
-3.00912e-06
-1.20708e-08
9.7081e-08
-2.548e-08
1.05905e-07
-3.93623e-08
1.10821e-07
-5.37963e-08
1.18246e-07
-6.87441e-08
1.28242e-07
-8.40326e-08
1.41117e-07
-9.93307e-08
1.57393e-07
-1.14063e-07
1.77806e-07
-1.27244e-07
2.03266e-07
-1.37253e-07
2.34893e-07
-1.42013e-07
2.74311e-07
-1.34043e-07
3.18184e-07
-1.1725e-07
3.82877e-07
-6.47634e-08
4.24001e-07
8.93015e-09
5.155e-07
1.13257e-07
5.10153e-07
2.06712e-07
4.4318e-07
2.25632e-07
-2.86454e-08
3.09144e-09
-1.3083e-06
-3.00603e-06
-9.52332e-09
1.06604e-07
-2.04939e-08
1.16876e-07
-3.18925e-08
1.22219e-07
-4.37357e-08
1.30089e-07
-5.5739e-08
1.40245e-07
-6.75477e-08
1.52926e-07
-7.85788e-08
1.68425e-07
-8.80539e-08
1.87281e-07
-9.48402e-08
2.10052e-07
-9.65728e-08
2.36626e-07
-9.38796e-08
2.71618e-07
-7.45579e-08
2.98862e-07
-5.09561e-08
3.59276e-07
-1.28356e-09
3.74329e-07
6.86146e-08
4.45602e-07
1.66179e-07
4.12589e-07
2.48481e-07
3.60877e-07
2.75956e-07
-5.61198e-08
1.6714e-07
-1.19949e-06
-2.83889e-06
-6.70453e-09
1.13309e-07
-1.51518e-08
1.25323e-07
-2.40985e-08
1.31166e-07
-3.35204e-08
1.39511e-07
-4.29491e-08
1.49674e-07
-5.18187e-08
1.61795e-07
-5.94598e-08
1.76066e-07
-6.49464e-08
1.92768e-07
-6.77291e-08
2.12835e-07
-6.31909e-08
2.32088e-07
-5.766e-08
2.66087e-07
-3.66432e-08
2.77845e-07
-8.89055e-09
3.31523e-07
3.6522e-08
3.28916e-07
9.45867e-08
3.87538e-07
1.75177e-07
3.31999e-07
2.39137e-07
2.96916e-07
2.56519e-07
-7.35015e-08
1.67484e-07
-1.11045e-06
-2.6714e-06
-3.17491e-09
1.16484e-07
-9.07978e-09
1.31228e-07
-1.54782e-08
1.37565e-07
-2.33265e-08
1.47359e-07
-3.06499e-08
1.56998e-07
-3.75118e-08
1.68657e-07
-4.25666e-08
1.81121e-07
-4.46095e-08
1.94811e-07
-4.47214e-08
2.12947e-07
-3.69874e-08
2.24354e-07
-2.65981e-08
2.55698e-07
-6.43745e-09
2.57684e-07
2.30624e-08
3.02023e-07
6.54012e-08
2.86578e-07
1.10207e-07
3.42732e-07
1.70829e-07
2.71378e-07
2.03575e-07
2.6417e-07
1.92073e-07
-6.19995e-08
2.0368e-08
-9.38749e-07
-2.65104e-06
4.30883e-10
1.16053e-07
-3.00703e-09
1.34666e-07
-7.66303e-09
1.42221e-07
-1.34685e-08
1.53165e-07
-1.92297e-08
1.62759e-07
-2.40399e-08
1.73467e-07
-2.77682e-08
1.84849e-07
-2.80633e-08
1.95106e-07
-2.68513e-08
2.11735e-07
-1.98395e-08
2.17342e-07
-8.2115e-09
2.4407e-07
6.90638e-09
2.42567e-07
3.16724e-08
2.77257e-07
6.24155e-08
2.55834e-07
9.89653e-08
3.06182e-07
1.43593e-07
2.2675e-07
1.64874e-07
2.42889e-07
1.68345e-07
-6.54707e-08
2.25143e-08
-7.92918e-07
-2.62852e-06
8.66639e-09
1.07386e-07
8.63309e-09
1.34699e-07
6.10121e-09
1.44752e-07
-1.42524e-09
1.60691e-07
-8.12344e-09
1.69457e-07
-1.47457e-08
1.80089e-07
-1.79089e-08
1.88012e-07
-1.75154e-08
1.94712e-07
-1.31946e-08
2.07414e-07
-5.51505e-09
2.09662e-07
9.72254e-09
2.28832e-07
2.76521e-08
2.24637e-07
5.17674e-08
2.53142e-07
8.35241e-08
2.24078e-07
1.12657e-07
2.77049e-07
1.48881e-07
1.90525e-07
1.64579e-07
2.27192e-07
1.53518e-07
-5.44097e-08
8.1939e-08
-7.21339e-07
-2.54658e-06
1.43933e-08
9.29932e-08
1.0793e-08
1.38299e-07
7.04584e-09
1.485e-07
3.8095e-09
1.63928e-07
1.75843e-10
1.73091e-07
-2.46912e-09
1.82734e-07
-3.51996e-09
1.89063e-07
-4.74228e-09
1.95935e-07
3.08732e-10
2.02363e-07
3.03882e-09
2.06932e-07
1.45477e-08
2.17324e-07
2.31931e-08
2.15991e-07
4.18093e-08
2.34526e-07
5.20663e-08
2.13821e-07
7.92979e-08
2.49817e-07
9.35206e-08
1.76303e-07
1.17435e-07
2.03278e-07
1.18939e-07
-5.59139e-08
5.27559e-08
-6.55156e-07
-2.49383e-06
4.2516e-08
5.04772e-08
5.43535e-08
1.26462e-07
4.93341e-08
1.53519e-07
2.82294e-08
1.85032e-07
1.21353e-08
1.89185e-07
-2.58979e-09
1.97459e-07
-8.04805e-09
1.94521e-07
-8.75865e-09
1.96645e-07
-1.49133e-09
1.95096e-07
5.76138e-09
1.9968e-07
2.25172e-08
2.00568e-07
3.73591e-08
2.0115e-07
6.19658e-08
2.09919e-07
8.42939e-08
1.91493e-07
1.12012e-07
2.22099e-07
1.25298e-07
1.63017e-07
1.29734e-07
1.98842e-07
5.65133e-08
1.73064e-08
-3.10034e-08
-5.67639e-07
-2.52483e-06
6.00181e-08
-9.54098e-09
2.1595e-08
1.64885e-07
1.14007e-08
1.63713e-07
1.68276e-08
1.79605e-07
1.56288e-08
1.90384e-07
1.57274e-08
1.97361e-07
1.42337e-08
1.96015e-07
1.25564e-08
1.98322e-07
1.5944e-08
1.91708e-07
1.85561e-08
1.97067e-07
2.67498e-08
1.92374e-07
2.77321e-08
2.00167e-07
4.08145e-08
1.96837e-07
2.47783e-08
2.07529e-07
4.55219e-08
2.01355e-07
2.91941e-10
2.08247e-07
5.9508e-08
1.39626e-07
4.79855e-08
2.88289e-08
6.05798e-09
-5.25712e-07
-2.51877e-06
1.66394e-07
-1.75935e-07
1.569e-07
1.74378e-07
1.16422e-07
2.04192e-07
3.50842e-08
2.60943e-07
-1.00498e-08
2.35518e-07
-3.41292e-08
2.2144e-07
-3.65253e-08
1.98411e-07
-3.12838e-08
1.93081e-07
-1.89965e-08
1.79421e-07
-8.17856e-09
1.86249e-07
1.33613e-08
1.70834e-07
2.3733e-08
1.89796e-07
5.51765e-08
1.65393e-07
6.21334e-08
2.00572e-07
1.17674e-07
1.45815e-07
1.18697e-07
2.07224e-07
1.31554e-07
1.26769e-07
-6.516e-10
1.61035e-07
-1.30023e-08
-5.13361e-07
-2.53177e-06
2.70096e-07
-4.46031e-07
1.66676e-07
2.77798e-07
1.86103e-07
1.84764e-07
1.8097e-07
2.66076e-07
1.41836e-07
2.74652e-07
1.04139e-07
2.59137e-07
8.39517e-08
2.18599e-07
6.94229e-08
2.0761e-07
6.60543e-08
1.82789e-07
6.66088e-08
1.85695e-07
7.24245e-08
1.65018e-07
7.16517e-08
1.90568e-07
8.26634e-08
1.54381e-07
5.80111e-08
2.25224e-07
2.88367e-08
1.74989e-07
-4.26234e-08
2.78684e-07
7.46017e-08
9.54403e-09
3.39453e-08
2.01691e-07
3.93691e-08
-5.18785e-07
-2.49241e-06
5.46541e-08
-5.00685e-07
-2.37499e-07
5.69951e-07
-3.53404e-07
3.00669e-07
-3.43482e-07
2.56155e-07
-3.36486e-07
2.67656e-07
-2.85934e-07
2.08585e-07
-2.49155e-07
1.8182e-07
-2.16513e-07
1.74968e-07
-1.80199e-07
1.46475e-07
-1.50931e-07
1.56427e-07
-1.21333e-07
1.3542e-07
-9.57783e-08
1.65014e-07
-7.13502e-08
1.29953e-07
-7.27918e-08
2.26666e-07
2.06323e-08
8.15651e-08
-6.04619e-08
3.59778e-07
1.17273e-07
-1.68191e-07
1.33143e-07
1.85821e-07
2.97476e-08
-4.1539e-07
-2.46266e-06
-2.3378e-08
-4.77307e-07
3.9675e-07
1.49823e-07
3.74177e-07
3.23242e-07
4.30322e-07
2.0001e-07
4.98064e-07
1.99914e-07
5.36303e-07
1.70346e-07
5.76328e-07
1.41795e-07
5.61727e-07
1.89568e-07
5.71547e-07
1.36655e-07
5.3739e-07
1.90584e-07
5.2861e-07
1.442e-07
4.90941e-07
2.02683e-07
4.7558e-07
1.45314e-07
4.62361e-07
2.39884e-07
5.16271e-07
2.76557e-08
3.77401e-07
4.98648e-07
2.64056e-07
-5.48455e-08
1.71419e-07
2.78458e-07
2.51857e-07
-4.95828e-07
-2.2108e-06
-8.45213e-07
3.67906e-07
-9.57928e-07
2.62538e-07
-8.78189e-07
2.43503e-07
-8.60852e-07
1.82673e-07
-8.26919e-07
1.65981e-07
-7.90932e-07
1.34359e-07
-7.81895e-07
1.32758e-07
-7.48876e-07
1.56549e-07
-7.21416e-07
1.09195e-07
-6.49713e-07
1.1888e-07
-6.06756e-07
1.01244e-07
-5.2151e-07
1.17437e-07
-4.63379e-07
8.71823e-08
-3.17775e-07
9.42807e-08
-3.42242e-07
5.21231e-08
-2.89014e-08
1.85307e-07
-1.11204e-08
-7.26265e-08
2.68889e-07
-1.55172e-09
6.69233e-07
-8.96172e-07
-1.54157e-06
3.67906e-07
6.30444e-07
8.73947e-07
1.05662e-06
1.2226e-06
1.35696e-06
1.48972e-06
1.64627e-06
1.75546e-06
1.87434e-06
1.97559e-06
2.09302e-06
2.18021e-06
2.27449e-06
2.32661e-06
2.51192e-06
2.43929e-06
2.43774e-06
1.54157e-06
)
;

boundaryField
{
    movingWall
    {
        type            calculated;
        value           uniform 0;
    }
    fixedWalls
    {
        type            calculated;
        value           uniform 0;
    }
    frontAndBack
    {
        type            empty;
        value           nonuniform 0();
    }
}


// ************************************************************************* //
