/*--------------------------------*- C++ -*----------------------------------*\
| =========                 |                                                 |
| \\      /  F ield         | OpenFOAM: The Open Source CFD Toolbox           |
|  \\    /   O peration     | Version:  5.x                                   |
|   \\  /    A nd           | Web:      www.OpenFOAM.org                      |
|    \\/     M anipulation  |                                                 |
\*---------------------------------------------------------------------------*/
FoamFile
{
    version     2.0;
    format      ascii;
    class       surfaceScalarField;
    location    "4.3";
    object      phi;
}
// * * * * * * * * * * * * * * * * * * * * * * * * * * * * * * * * * * * * * //

dimensions      [0 3 -1 0 0 0 0];

internalField   nonuniform List<scalar> 
760
(
-1.69397e-08
1.69389e-08
-3.51205e-08
1.81808e-08
-5.41045e-08
1.89839e-08
-7.43513e-08
2.02469e-08
-9.63648e-08
2.20135e-08
-1.20735e-07
2.43707e-08
-1.48179e-07
2.7444e-08
-1.79591e-07
3.14111e-08
-2.16101e-07
3.65104e-08
-2.59164e-07
4.30628e-08
-3.10662e-07
5.1498e-08
-3.73031e-07
6.23696e-08
-4.49386e-07
7.63547e-08
-5.43618e-07
9.42316e-08
-6.60362e-07
1.16744e-07
-8.0305e-07
1.42688e-07
-9.66807e-07
1.63757e-07
-1.13171e-06
1.64906e-07
-1.16602e-06
3.43078e-08
-1.16602e-06
-1.76417e-08
3.45807e-08
-3.65455e-08
3.70846e-08
-5.62263e-08
3.86647e-08
-7.71213e-08
4.11419e-08
-9.97065e-08
4.45986e-08
-1.24535e-07
4.91992e-08
-1.52273e-07
5.5182e-08
-1.83744e-07
6.28822e-08
-2.19994e-07
7.27599e-08
-2.62371e-07
8.54405e-08
-3.12642e-07
1.01769e-07
-3.73149e-07
1.22877e-07
-4.4706e-07
1.50265e-07
-5.38804e-07
1.85976e-07
-6.55349e-07
2.33289e-07
-8.08506e-07
2.95845e-07
-1.0028e-06
3.5805e-07
-1.17334e-06
3.35445e-07
-1.1282e-06
-1.083e-08
-2.29422e-06
-1.69173e-08
5.1498e-08
-3.50711e-08
5.52384e-08
-5.39412e-08
5.75348e-08
-7.39206e-08
6.11213e-08
-9.54285e-08
6.61066e-08
-1.18946e-07
7.27165e-08
-1.45045e-07
8.12812e-08
-1.74431e-07
9.22679e-08
-2.07993e-07
1.06322e-07
-2.46882e-07
1.24329e-07
-2.92618e-07
1.47504e-07
-3.47273e-07
1.77532e-07
-4.13781e-07
2.16774e-07
-4.96407e-07
2.68601e-07
-6.01189e-07
3.38072e-07
-7.36696e-07
4.31352e-07
-9.02081e-07
5.23436e-07
-9.34757e-07
3.6812e-07
-6.03645e-07
-3.41943e-07
-2.89787e-06
-1.57745e-08
6.72725e-08
-3.27492e-08
7.2213e-08
-5.03609e-08
7.51465e-08
-6.89389e-08
7.96992e-08
-8.88215e-08
8.59893e-08
-1.10385e-07
9.428e-08
-1.34068e-07
1.04964e-07
-1.604e-07
1.18601e-07
-1.90045e-07
1.35967e-07
-2.23843e-07
1.58127e-07
-2.62888e-07
1.8655e-07
-3.08638e-07
2.23281e-07
-3.63064e-07
2.712e-07
-4.28824e-07
3.34361e-07
-5.06928e-07
4.16176e-07
-5.88644e-07
5.13068e-07
-6.64757e-07
5.99548e-07
-6.49574e-07
3.52937e-07
-1.62214e-07
-8.29302e-07
-3.06008e-06
-1.43049e-08
8.15774e-08
-2.97772e-08
8.76853e-08
-4.58026e-08
9.1172e-08
-6.26334e-08
9.653e-08
-8.05069e-08
1.03863e-07
-9.96701e-08
1.13443e-07
-1.20396e-07
1.2569e-07
-1.43001e-07
1.41206e-07
-1.67861e-07
1.60826e-07
-1.9542e-07
1.85686e-07
-2.26199e-07
2.1733e-07
-2.6082e-07
2.57902e-07
-2.9992e-07
3.10299e-07
-3.44329e-07
3.7877e-07
-3.966e-07
4.68447e-07
-4.37745e-07
5.54213e-07
-4.63196e-07
6.24999e-07
-4.43238e-07
3.3298e-07
-2.03479e-07
-1.06906e-06
-3.26356e-06
-1.25475e-08
9.4125e-08
-2.62518e-08
1.0139e-07
-4.04419e-08
1.05362e-07
-5.52834e-08
1.11371e-07
-7.0899e-08
1.19478e-07
-8.7388e-08
1.29932e-07
-1.04844e-07
1.43146e-07
-1.23355e-07
1.59717e-07
-1.43001e-07
1.80472e-07
-1.63829e-07
2.06514e-07
-1.8577e-07
2.3927e-07
-2.08572e-07
2.80705e-07
-2.31872e-07
3.336e-07
-2.50822e-07
3.9772e-07
-2.74181e-07
4.91806e-07
-2.74934e-07
5.54966e-07
-2.56835e-07
6.069e-07
-1.83117e-07
2.59262e-07
-8.73272e-08
-1.16485e-06
-3.35089e-06
-1.05142e-08
1.04639e-07
-2.22461e-08
1.13122e-07
-3.44298e-08
1.17546e-07
-4.71622e-08
1.24104e-07
-6.04168e-08
1.32733e-07
-7.41349e-08
1.4365e-07
-8.82104e-08
1.57221e-07
-1.02495e-07
1.74002e-07
-1.16754e-07
1.9473e-07
-1.30625e-07
2.20386e-07
-1.43507e-07
2.52153e-07
-1.53714e-07
2.90911e-07
-1.62846e-07
3.42731e-07
-1.55148e-07
3.90022e-07
-1.52859e-07
4.89517e-07
-1.14166e-07
5.16274e-07
-4.92721e-08
5.42006e-07
5.99827e-08
1.50007e-07
1.75859e-07
-1.28073e-06
-3.17503e-06
-8.20782e-09
1.12847e-07
-1.78131e-08
1.22727e-07
-2.7908e-08
1.27641e-07
-3.85145e-08
1.3471e-07
-4.94642e-08
1.43683e-07
-6.04917e-08
1.54678e-07
-7.13322e-08
1.68062e-07
-8.16413e-08
1.84311e-07
-9.09859e-08
2.04075e-07
-9.86974e-08
2.28097e-07
-1.0457e-07
2.58026e-07
-1.02535e-07
2.88876e-07
-1.03081e-07
3.43277e-07
-8.15363e-08
3.68477e-07
-5.47788e-08
4.62759e-07
-4.43516e-09
4.6593e-07
7.71315e-08
4.60439e-07
1.54868e-07
7.22708e-08
1.43778e-07
-1.26964e-06
-3.03125e-06
-5.39336e-09
1.1824e-07
-1.28695e-08
1.30203e-07
-2.07333e-08
1.35504e-07
-2.95718e-08
1.43549e-07
-3.83977e-08
1.52509e-07
-4.70524e-08
1.63333e-07
-5.49138e-08
1.75923e-07
-6.15409e-08
1.90938e-07
-6.63354e-08
2.0887e-07
-6.76259e-08
2.29388e-07
-6.7673e-08
2.58073e-07
-5.67072e-08
2.7791e-07
-4.51263e-08
3.31696e-07
-1.98509e-08
3.43202e-07
2.22633e-08
4.20645e-07
7.60022e-08
4.12191e-07
1.34615e-07
4.01827e-07
1.71916e-07
3.49698e-08
4.07619e-08
-1.13848e-06
-2.99049e-06
-2.36035e-09
1.20601e-07
-7.60412e-09
1.35447e-07
-1.3402e-08
1.41302e-07
-2.04712e-08
1.50618e-07
-2.74598e-08
1.59497e-07
-3.40545e-08
1.69927e-07
-3.95285e-08
1.81397e-07
-4.32923e-08
1.94702e-07
-4.5185e-08
2.10762e-07
-4.2063e-08
2.26266e-07
-3.87371e-08
2.54747e-07
-2.6959e-08
2.66132e-07
-7.64235e-09
3.12379e-07
1.57334e-08
3.19826e-07
6.01877e-08
3.76191e-07
1.14401e-07
3.57978e-07
1.73902e-07
3.42325e-07
2.15658e-07
-6.78621e-09
1.33113e-07
-1.05594e-06
-2.85737e-06
3.50627e-09
1.17094e-07
8.0817e-10
1.38145e-07
-3.25203e-09
1.45362e-07
-1.08851e-08
1.58251e-07
-1.69901e-08
1.65602e-07
-2.35122e-08
1.76449e-07
-2.69078e-08
1.84793e-07
-2.78075e-08
1.95602e-07
-2.61559e-08
2.09111e-07
-1.99861e-08
2.20096e-07
-8.59813e-09
2.43359e-07
4.35333e-09
2.53181e-07
3.06539e-08
2.86079e-07
6.16158e-08
2.88864e-07
1.0195e-07
3.35856e-07
1.56293e-07
3.03636e-07
2.04998e-07
2.9362e-07
2.13392e-07
-1.51806e-08
1.47357e-07
-9.89903e-07
-2.71002e-06
7.18212e-09
1.09912e-07
4.53749e-09
1.4079e-07
5.55977e-10
1.49344e-07
-3.14677e-09
1.61954e-07
-7.33429e-09
1.6979e-07
-1.05015e-08
1.79617e-07
-1.25452e-08
1.86836e-07
-1.25674e-08
1.95624e-07
-9.73409e-09
2.06277e-07
-5.3801e-09
2.15742e-07
6.10526e-09
2.31874e-07
1.66342e-08
2.42652e-07
3.79191e-08
2.64794e-07
5.82984e-08
2.68485e-07
9.56986e-08
2.98456e-07
1.29019e-07
2.70316e-07
1.70506e-07
2.52132e-07
1.82932e-07
-2.7606e-08
4.15379e-08
-8.4851e-07
-2.66848e-06
2.93808e-08
8.05315e-08
3.1993e-08
1.38177e-07
2.77194e-08
1.53618e-07
1.24743e-08
1.77199e-07
1.0328e-09
1.81231e-07
-8.49915e-09
1.89149e-07
-1.08796e-08
1.89217e-07
-9.56106e-09
1.94305e-07
-1.97624e-09
1.98692e-07
7.08952e-09
2.06676e-07
2.40779e-08
2.14886e-07
4.20076e-08
2.24722e-07
6.89892e-08
2.37812e-07
9.858e-08
2.38894e-07
1.34382e-07
2.62654e-07
1.70748e-07
2.33949e-07
1.91599e-07
2.31282e-07
1.44495e-07
1.94978e-08
1.18871e-08
-7.15902e-07
-2.65659e-06
3.37804e-08
4.67511e-08
1.26356e-08
1.59322e-07
6.75916e-09
1.59494e-07
9.34746e-09
1.74611e-07
7.98973e-09
1.82589e-07
7.61259e-09
1.89526e-07
8.34289e-09
1.88486e-07
1.00188e-08
1.9263e-07
1.52788e-08
1.93432e-07
2.17569e-08
2.00198e-07
3.20957e-08
2.04547e-07
4.16142e-08
2.15204e-07
5.81415e-08
2.21285e-07
6.17612e-08
2.35274e-07
9.07425e-08
2.33673e-07
8.3332e-08
2.4136e-07
1.38482e-07
1.76132e-07
1.50745e-07
7.23481e-09
8.11212e-08
-6.46278e-07
-2.57547e-06
1.14207e-07
-6.74558e-08
1.14576e-07
1.58953e-07
8.56436e-08
1.88427e-07
3.00072e-08
2.30247e-07
-3.23364e-09
2.1583e-07
-2.13819e-08
2.07674e-07
-2.19685e-08
1.89073e-07
-1.61392e-08
1.868e-07
-2.96584e-09
1.80259e-07
1.07024e-08
1.8653e-07
3.24047e-08
1.82845e-07
5.09244e-08
1.96684e-07
8.02859e-08
1.91924e-07
1.04302e-07
2.11258e-07
1.50195e-07
1.87781e-07
1.70392e-07
2.21163e-07
1.98884e-07
1.4764e-07
8.57515e-08
1.20367e-07
2.94536e-08
-5.8998e-07
-2.54602e-06
1.88497e-07
-2.55953e-07
9.50205e-08
2.52429e-07
1.0011e-07
1.83337e-07
1.00012e-07
2.30345e-07
7.80115e-08
2.37831e-07
5.92465e-08
2.26439e-07
5.30803e-08
1.95239e-07
5.13342e-08
1.88546e-07
5.60871e-08
1.75506e-07
6.3284e-08
1.79333e-07
7.23566e-08
1.73772e-07
8.12909e-08
1.8775e-07
9.33354e-08
1.79879e-07
8.11937e-08
2.234e-07
7.90264e-08
1.89948e-07
1.82651e-08
2.81924e-07
1.22704e-07
4.32005e-08
8.39822e-08
1.59089e-07
3.68398e-08
-5.42838e-07
-2.50918e-06
1.65489e-07
-4.21442e-07
-6.87263e-08
4.86645e-07
-2.28647e-07
3.43258e-07
-2.62776e-07
2.64474e-07
-2.59644e-07
2.34699e-07
-2.25176e-07
1.91971e-07
-1.8375e-07
1.53812e-07
-1.4949e-07
1.54286e-07
-1.145e-07
1.40516e-07
-8.80591e-08
1.52892e-07
-5.35101e-08
1.39223e-07
-2.68975e-08
1.61137e-07
4.46147e-09
1.4852e-07
1.76818e-08
2.1018e-07
9.77776e-08
1.09852e-07
3.84462e-08
3.41255e-07
1.61588e-07
-7.99411e-08
1.07066e-07
2.13611e-07
2.36446e-08
-4.59416e-07
-2.48553e-06
3.60601e-08
-4.57502e-07
4.01656e-07
1.21048e-07
4.36712e-07
3.08203e-07
4.73726e-07
2.2746e-07
5.2376e-07
1.84665e-07
5.14976e-07
2.00755e-07
5.30309e-07
1.38479e-07
5.00149e-07
1.84446e-07
4.96029e-07
1.44636e-07
4.56103e-07
1.92819e-07
4.41724e-07
1.53602e-07
4.17204e-07
1.85657e-07
4.0637e-07
1.59354e-07
4.04769e-07
2.1178e-07
4.1047e-07
1.04151e-07
2.89188e-07
4.62538e-07
2.52559e-07
-4.33127e-08
1.53138e-07
3.13032e-07
2.498e-07
-5.56079e-07
-2.23573e-06
-8.46944e-07
3.89442e-07
-9.69212e-07
2.43316e-07
-8.86062e-07
2.25053e-07
-8.42395e-07
1.83793e-07
-8.13034e-07
1.55305e-07
-7.89384e-07
1.77104e-07
-7.85028e-07
1.34124e-07
-7.28647e-07
1.28065e-07
-7.01747e-07
1.17735e-07
-6.47705e-07
1.38777e-07
-6.00297e-07
1.06195e-07
-5.15951e-07
1.0131e-07
-4.56072e-07
9.94751e-08
-3.41794e-07
9.75016e-08
-3.14724e-07
7.70812e-08
-2.22723e-08
1.70087e-07
2.88225e-08
-9.44075e-08
3.28715e-07
1.31396e-08
6.71402e-07
-8.98766e-07
-1.56433e-06
3.89442e-07
6.32758e-07
8.57811e-07
1.0416e-06
1.19691e-06
1.37401e-06
1.50814e-06
1.6362e-06
1.75394e-06
1.89271e-06
1.99891e-06
2.10022e-06
2.19969e-06
2.2972e-06
2.37428e-06
2.54436e-06
2.44996e-06
2.4631e-06
1.56433e-06
)
;

boundaryField
{
    movingWall
    {
        type            calculated;
        value           uniform 0;
    }
    fixedWalls
    {
        type            calculated;
        value           uniform 0;
    }
    frontAndBack
    {
        type            empty;
        value           nonuniform 0();
    }
}


// ************************************************************************* //
