/*--------------------------------*- C++ -*----------------------------------*\
| =========                 |                                                 |
| \\      /  F ield         | OpenFOAM: The Open Source CFD Toolbox           |
|  \\    /   O peration     | Version:  5.x                                   |
|   \\  /    A nd           | Web:      www.OpenFOAM.org                      |
|    \\/     M anipulation  |                                                 |
\*---------------------------------------------------------------------------*/
FoamFile
{
    version     2.0;
    format      ascii;
    class       volScalarField;
    location    "0.2";
    object      p;
}
// * * * * * * * * * * * * * * * * * * * * * * * * * * * * * * * * * * * * * //

dimensions      [0 2 -2 0 0 0 0];

internalField   nonuniform List<scalar> 
400
(
1.62064e-12
4.1385e-07
1.23364e-06
2.43821e-06
3.99687e-06
5.87037e-06
8.012e-06
1.0369e-05
1.28838e-05
1.54955e-05
1.8141e-05
2.07563e-05
2.3278e-05
2.56446e-05
2.77975e-05
2.9683e-05
3.1253e-05
3.24673e-05
3.32942e-05
3.37118e-05
-4.13242e-07
1.11956e-08
8.5186e-07
2.08684e-06
3.68447e-06
5.60427e-06
7.79829e-06
1.02124e-05
1.27877e-05
1.5462e-05
1.81708e-05
2.0849e-05
2.34318e-05
2.58563e-05
2.80625e-05
2.99953e-05
3.16052e-05
3.28508e-05
3.36992e-05
3.41277e-05
-1.25319e-06
-8.07113e-07
7.61594e-08
1.37318e-06
3.05017e-06
5.06421e-06
7.36466e-06
9.8947e-06
1.25928e-05
1.53939e-05
1.82313e-05
2.1037e-05
2.37437e-05
2.62857e-05
2.86003e-05
3.06293e-05
3.23207e-05
3.363e-05
3.45223e-05
3.49731e-05
-2.54142e-06
-2.06187e-06
-1.11275e-06
2.79978e-07
2.07918e-06
4.23799e-06
6.70163e-06
9.40909e-06
1.22947e-05
1.52897e-05
1.83232e-05
2.13236e-05
2.42197e-05
2.69418e-05
2.94227e-05
3.15999e-05
3.34168e-05
3.48247e-05
3.5785e-05
3.62704e-05
-4.31155e-06
-3.7854e-06
-2.74474e-06
-1.2193e-06
7.48814e-07
3.10709e-06
5.79484e-06
8.74527e-06
1.18873e-05
1.51467e-05
1.84479e-05
2.17143e-05
2.48695e-05
2.78383e-05
3.05479e-05
3.29295e-05
3.49202e-05
3.64652e-05
3.75201e-05
3.80539e-05
-6.6104e-06
-6.02253e-06
-4.86097e-06
-3.16093e-06
-9.71608e-07
1.64664e-06
4.6252e-06
7.8897e-06
1.1362e-05
1.49618e-05
1.86072e-05
2.22158e-05
2.5705e-05
2.89932e-05
3.20001e-05
3.46488e-05
3.68677e-05
3.85934e-05
3.97739e-05
4.03718e-05
-9.49987e-06
-8.83229e-06
-7.51516e-06
-5.5917e-06
-3.1211e-06
-1.74465e-07
3.16913e-06
6.82577e-06
1.07089e-05
1.47308e-05
1.88028e-05
2.2836e-05
2.67411e-05
3.04286e-05
3.38094e-05
3.67962e-05
3.93062e-05
4.12642e-05
4.2607e-05
4.32882e-05
-1.30599e-05
-1.22903e-05
-1.07752e-05
-8.56973e-06
-5.74718e-06
-2.39336e-06
1.39907e-06
5.5344e-06
9.91628e-06
1.44488e-05
1.90365e-05
2.35838e-05
2.79943e-05
3.217e-05
3.60115e-05
3.94189e-05
4.22945e-05
4.4547e-05
4.60973e-05
4.68858e-05
-1.73925e-05
-1.64921e-05
-1.47255e-05
-1.21654e-05
-8.90577e-06
-5.0524e-06
-7.15503e-07
3.99496e-06
8.97168e-06
1.41105e-05
1.93096e-05
2.44676e-05
2.94814e-05
3.42447e-05
3.86465e-05
4.25716e-05
4.59033e-05
4.8528e-05
5.03438e-05
5.12709e-05
-2.26283e-05
-2.15581e-05
-1.94691e-05
-1.6462e-05
-1.26604e-05
-8.19759e-06
-3.20618e-06
2.18699e-06
7.86305e-06
1.37105e-05
1.96227e-05
2.54946e-05
3.12184e-05
3.66802e-05
4.17571e-05
4.63162e-05
5.0216e-05
5.3313e-05
5.54716e-05
5.65801e-05
-2.89361e-05
-2.76398e-05
-2.51316e-05
-2.1556e-05
-1.70805e-05
-1.18755e-05
-6.10235e-06
9.29947e-08
6.58049e-06
1.32436e-05
1.99745e-05
2.66683e-05
3.32163e-05
3.95e-05
4.5385e-05
5.07184e-05
5.53286e-05
5.90303e-05
6.16386e-05
6.29914e-05
-3.65383e-05
-3.49298e-05
-3.18642e-05
-2.75558e-05
-2.22366e-05
-1.61279e-05
-9.42584e-06
-2.29725e-06
5.119e-06
1.27062e-05
2.03613e-05
2.79861e-05
3.54775e-05
4.27175e-05
4.95641e-05
5.58435e-05
6.13469e-05
6.58339e-05
6.90462e-05
7.07412e-05
-4.57384e-05
-4.36735e-05
-3.98465e-05
-3.45773e-05
-2.81931e-05
-2.09823e-05
-1.3183e-05
-4.98107e-06
3.48199e-06
1.20973e-05
2.0776e-05
2.9436e-05
3.79894e-05
4.63282e-05
5.43104e-05
6.17451e-05
6.83811e-05
7.39051e-05
7.79517e-05
8.01547e-05
-5.69671e-05
-5.41853e-05
-4.92867e-05
-4.27334e-05
-3.49923e-05
-2.64388e-05
-1.73539e-05
-7.93453e-06
1.68648e-06
1.14208e-05
2.12066e-05
3.09914e-05
4.07162e-05
5.02974e-05
5.96067e-05
6.84477e-05
7.65302e-05
8.34495e-05
8.86828e-05
9.16985e-05
-7.08681e-05
-6.68629e-05
-6.04138e-05
-5.21101e-05
-4.26311e-05
-3.24491e-05
-2.18758e-05
-1.11013e-05
-2.3029e-07
1.06878e-05
2.16352e-05
3.26062e-05
4.35886e-05
5.45435e-05
6.53794e-05
7.59187e-05
8.58513e-05
9.46814e-05
0.000101649
0.000106078
-8.85167e-05
-8.21966e-05
-7.34466e-05
-6.27232e-05
-5.10224e-05
-3.88854e-05
-2.66219e-05
-1.43791e-05
-2.2033e-06
9.91973e-06
2.20372e-05
3.42093e-05
4.64921e-05
5.89175e-05
7.14658e-05
8.40217e-05
9.63046e-05
0.000107775
0.000117328
0.00012444
-0.000111121
-0.00010067
-8.84957e-05
-7.44405e-05
-5.99301e-05
-4.5498e-05
-3.13754e-05
-1.76064e-05
-4.13385e-06
9.15118e-06
2.23819e-05
3.57023e-05
4.9257e-05
6.318e-05
7.75704e-05
9.2445e-05
0.000107652
0.000122743
0.000136154
0.000148418
-0.000146063
-0.000123248
-0.000105601
-8.68862e-05
-6.88858e-05
-5.18603e-05
-3.58054e-05
-2.05545e-05
-5.88654e-06
8.43196e-06
2.2635e-05
3.69626e-05
5.16603e-05
6.69898e-05
8.32251e-05
0.000100625
0.00011934
0.000139419
0.00015882
0.000184304
-0.000175222
-0.000145479
-0.000122742
-9.87622e-05
-7.69591e-05
-5.73303e-05
-3.94812e-05
-2.29477e-05
-7.30659e-06
7.81505e-06
2.27555e-05
3.78419e-05
5.34193e-05
6.98783e-05
8.76815e-05
0.000107376
0.000129511
0.000154685
0.000177749
0.00021612
-0.000296581
-0.000176951
-0.000144242
-0.000109788
-8.30048e-05
-6.09207e-05
-4.17048e-05
-2.43322e-05
-8.1146e-06
7.45589e-06
2.27981e-05
3.83026e-05
5.43949e-05
7.16074e-05
9.07041e-05
0.000112943
0.000140236
0.000178114
0.000215637
0.000344347
)
;

boundaryField
{
    movingWall
    {
        type            zeroGradient;
    }
    fixedWalls
    {
        type            zeroGradient;
    }
    frontAndBack
    {
        type            empty;
    }
}


// ************************************************************************* //
