/*--------------------------------*- C++ -*----------------------------------*\
| =========                 |                                                 |
| \\      /  F ield         | OpenFOAM: The Open Source CFD Toolbox           |
|  \\    /   O peration     | Version:  5.x                                   |
|   \\  /    A nd           | Web:      www.OpenFOAM.org                      |
|    \\/     M anipulation  |                                                 |
\*---------------------------------------------------------------------------*/
FoamFile
{
    version     2.0;
    format      ascii;
    class       surfaceScalarField;
    location    "0.2";
    object      phi;
}
// * * * * * * * * * * * * * * * * * * * * * * * * * * * * * * * * * * * * * //

dimensions      [0 3 -1 0 0 0 0];

internalField   nonuniform List<scalar> 
760
(
-8.30548e-10
8.30548e-10
-1.64217e-09
8.11618e-10
-2.41143e-09
7.69264e-10
-3.11901e-09
7.07577e-10
-3.74762e-09
6.28609e-10
-4.28241e-09
5.34795e-10
-4.7112e-09
4.28788e-10
-5.02452e-09
3.13322e-10
-5.21565e-09
1.91126e-10
-5.28053e-09
6.48811e-11
-5.21775e-09
-6.27759e-11
-5.02853e-09
-1.89219e-10
-4.71674e-09
-3.11794e-10
-4.28895e-09
-4.27788e-10
-3.75452e-09
-5.34427e-10
-3.12561e-09
-6.28917e-10
-2.41707e-09
-7.0854e-10
-1.64627e-09
-7.70793e-10
-8.32709e-10
-8.13564e-10
-8.32709e-10
-8.54618e-10
1.68517e-09
-1.68953e-09
1.64653e-09
-2.48049e-09
1.56022e-09
-3.20753e-09
1.43462e-09
-3.85293e-09
1.27402e-09
-4.40159e-09
1.08345e-09
-4.84118e-09
8.68378e-10
-5.16222e-09
6.3436e-10
-5.358e-09
3.86903e-10
-5.42449e-09
1.31376e-10
-5.3603e-09
-1.26967e-10
-5.16661e-09
-3.82906e-10
-4.84725e-09
-6.31153e-10
-4.40877e-09
-8.66275e-10
-3.86052e-09
-1.08267e-09
-3.21478e-09
-1.27465e-09
-2.48669e-09
-1.43663e-09
-1.69406e-09
-1.56343e-09
-8.57e-10
-1.65062e-09
-1.68971e-09
-8.98422e-10
2.58359e-09
-1.77565e-09
2.52376e-09
-2.60581e-09
2.39038e-09
-3.36782e-09
2.19663e-09
-4.04318e-09
1.94938e-09
-4.61637e-09
1.65664e-09
-5.07493e-09
1.32694e-09
-5.40943e-09
9.68863e-10
-5.61329e-09
5.90768e-10
-5.68261e-09
2.00693e-10
-5.61601e-09
-1.9357e-10
-5.41461e-09
-5.84304e-10
-5.0821e-09
-9.63666e-10
-4.62485e-09
-1.32352e-09
-4.05218e-09
-1.65535e-09
-3.37645e-09
-1.95039e-09
-2.6132e-09
-2.19988e-09
-1.78104e-09
-2.39558e-09
-9.01269e-10
-2.5304e-09
-2.59098e-09
-9.66162e-10
3.54975e-09
-1.90867e-09
3.46626e-09
-2.7991e-09
3.28081e-09
-3.61455e-09
3.01209e-09
-4.3354e-09
2.67023e-09
-4.94558e-09
2.26681e-09
-5.43256e-09
1.81392e-09
-5.78713e-09
1.32343e-09
-6.00301e-09
8.06646e-10
-6.07653e-09
2.74209e-10
-6.00638e-09
-2.63714e-10
-5.79358e-09
-7.97109e-10
-5.4415e-09
-1.31574e-09
-4.95619e-09
-1.80883e-09
-4.34669e-09
-2.26485e-09
-3.62541e-09
-2.67166e-09
-2.80843e-09
-3.01686e-09
-1.9155e-09
-3.28851e-09
-9.6977e-10
-3.47613e-09
-3.56075e-09
-1.06048e-09
4.61023e-09
-2.09358e-09
4.49936e-09
-3.06711e-09
4.25434e-09
-3.95564e-09
3.90062e-09
-4.73807e-09
3.45265e-09
-5.39779e-09
2.92653e-09
-5.92246e-09
2.33859e-09
-6.30342e-09
1.70438e-09
-6.535e-09
1.03823e-09
-6.61402e-09
3.53227e-10
-6.53932e-09
-3.38407e-10
-6.3117e-09
-1.02474e-09
-5.93399e-09
-1.69345e-09
-5.41153e-09
-2.33129e-09
-4.75274e-09
-2.92364e-09
-3.96982e-09
-3.45458e-09
-3.07934e-09
-3.90734e-09
-2.10257e-09
-4.26528e-09
-1.06524e-09
-4.51346e-09
-4.62598e-09
-1.18533e-09
5.79556e-09
-2.33777e-09
5.65181e-09
-3.41977e-09
5.33634e-09
-4.40251e-09
4.88336e-09
-5.26316e-09
4.3133e-09
-5.98485e-09
3.64822e-09
-6.55594e-09
2.90969e-09
-6.96897e-09
2.11741e-09
-7.2195e-09
1.28876e-09
-7.30518e-09
4.38906e-10
-7.22515e-09
-4.18438e-10
-6.97981e-09
-1.27007e-09
-6.57108e-09
-2.10219e-09
-6.00297e-09
-2.89939e-09
-5.28263e-09
-3.64399e-09
-4.42143e-09
-4.31578e-09
-3.4362e-09
-4.89257e-09
-2.3499e-09
-5.35157e-09
-1.19177e-09
-5.67159e-09
-5.81776e-09
-1.34653e-09
7.14209e-09
-2.65196e-09
6.95723e-09
-3.87119e-09
6.55558e-09
-4.97101e-09
5.98318e-09
-5.92685e-09
5.26914e-09
-6.72226e-09
4.44363e-09
-7.34736e-09
3.53479e-09
-7.79699e-09
2.56704e-09
-8.06884e-09
1.56061e-09
-8.16205e-09
5.3212e-10
-8.07626e-09
-5.04231e-10
-7.81128e-09
-1.53505e-09
-7.36741e-09
-2.54605e-09
-6.74642e-09
-3.52038e-09
-5.95299e-09
-4.43742e-09
-4.99662e-09
-5.27215e-09
-3.89359e-09
-5.9956e-09
-2.66861e-09
-6.57656e-09
-1.35541e-09
-6.98479e-09
-7.17317e-09
-1.5526e-09
8.69469e-09
-3.05159e-09
8.45622e-09
-4.44124e-09
7.94522e-09
-5.68282e-09
7.22476e-09
-6.75051e-09
6.33683e-09
-7.62971e-09
5.32283e-09
-8.31416e-09
4.21924e-09
-8.80278e-09
3.05566e-09
-9.09689e-09
1.85472e-09
-9.19803e-09
6.33258e-10
-9.10664e-09
-5.95619e-10
-8.82163e-09
-1.82007e-09
-8.34077e-09
-3.02691e-09
-7.66204e-09
-4.19911e-09
-6.78583e-09
-5.31363e-09
-5.71778e-09
-6.3402e-09
-4.47212e-09
-7.24125e-09
-3.07476e-09
-7.97392e-09
-1.56504e-09
-8.49451e-09
-8.73821e-09
-1.81632e-09
1.0511e-08
-3.55929e-09
1.01992e-08
-5.15809e-09
9.54403e-09
-6.56756e-09
8.63423e-09
-7.76208e-09
7.53134e-09
-8.73166e-09
6.2924e-09
-9.47675e-09
4.96433e-09
-1.00032e-08
3.58212e-09
-1.03181e-08
2.16961e-09
-1.04267e-08
7.4189e-10
-1.03308e-08
-6.91516e-10
-1.00279e-08
-2.12296e-09
-9.51195e-09
-3.5429e-09
-8.77489e-09
-4.93617e-09
-7.80989e-09
-6.27863e-09
-6.61554e-09
-7.53455e-09
-5.20107e-09
-8.65572e-09
-3.59192e-09
-9.58307e-09
-1.834e-09
-1.02524e-08
-1.05722e-08
-2.15744e-09
1.26684e-08
-4.20887e-09
1.22506e-08
-6.06225e-09
1.13974e-08
-7.66588e-09
1.02379e-08
-8.99788e-09
8.86335e-09
-1.00579e-08
7.35241e-09
-1.08581e-08
5.76452e-09
-1.14154e-08
4.13946e-09
-1.17458e-08
2.50002e-09
-1.18602e-08
8.56293e-10
-1.17623e-08
-7.89467e-10
-1.14476e-08
-2.43766e-09
-1.09043e-08
-4.08615e-09
-1.01155e-08
-5.72504e-09
-9.06259e-09
-7.33149e-09
-7.73198e-09
-8.86516e-09
-6.12256e-09
-1.02651e-08
-4.25547e-09
-1.14502e-08
-2.18305e-09
-1.23248e-08
-1.27553e-08
-2.6078e-09
1.52762e-08
-5.05224e-09
1.46951e-08
-7.2128e-09
1.3558e-08
-9.03389e-09
1.2059e-08
-1.05049e-08
1.03344e-08
-1.16439e-08
8.4914e-09
-1.24826e-08
6.60315e-09
-1.30549e-08
4.71185e-09
-1.339e-08
2.83503e-09
-1.35065e-08
9.72803e-10
-1.34109e-08
-8.8507e-10
-1.30962e-08
-2.75236e-09
-1.25426e-08
-4.63971e-09
-1.172e-08
-6.54765e-09
-1.05923e-08
-8.45921e-09
-9.12523e-09
-1.03322e-08
-7.29822e-09
-1.20921e-08
-5.11985e-09
-1.36285e-08
-2.64579e-09
-1.47989e-08
-1.54011e-08
-3.22139e-09
1.84976e-08
-6.17142e-09
1.76451e-08
-8.69747e-09
1.6084e-08
-1.07495e-08
1.4111e-08
-1.23435e-08
1.19284e-08
-1.35307e-08
9.67859e-09
-1.43738e-08
7.44622e-09
-1.49323e-08
5.27035e-09
-1.5253e-08
3.15577e-09
-1.53653e-08
1.08507e-09
-1.5279e-08
-9.71384e-10
-1.4984e-08
-3.04736e-09
-1.44504e-08
-5.17327e-09
-1.36301e-08
-7.36801e-09
-1.24607e-08
-9.62855e-09
-1.08759e-08
-1.19171e-08
-8.81963e-09
-1.41484e-08
-6.27144e-09
-1.61767e-08
-3.27956e-09
-1.77908e-08
-1.86806e-08
-4.09485e-09
2.25925e-08
-7.69958e-09
2.12498e-08
-1.0648e-08
1.90324e-08
-1.29204e-08
1.63834e-08
-1.45893e-08
1.35973e-08
-1.57619e-08
1.08512e-08
-1.65499e-08
8.23424e-09
-1.7048e-08
5.76845e-09
-1.73254e-08
3.43312e-09
-1.74235e-08
1.18325e-09
-1.73566e-08
-1.03834e-09
-1.7111e-08
-3.2929e-09
-1.66454e-08
-5.63894e-09
-1.58893e-08
-8.12411e-09
-1.4745e-08
-1.07728e-08
-1.30953e-08
-1.35668e-08
-1.08244e-08
-1.64192e-08
-7.85087e-09
-1.91503e-08
-4.18768e-09
-2.1454e-08
-2.28683e-08
-5.41076e-09
2.80032e-08
-9.85808e-09
2.56971e-08
-1.32633e-08
2.24377e-08
-1.56939e-08
1.88141e-08
-1.73306e-08
1.52339e-08
-1.83779e-08
1.18985e-08
-1.9017e-08
8.87331e-09
-1.93858e-08
6.13724e-09
-1.95781e-08
3.62551e-09
-1.96482e-08
1.25328e-09
-1.96141e-08
-1.07246e-09
-1.94595e-08
-3.44745e-09
-1.91318e-08
-5.96667e-09
-1.85369e-08
-8.71904e-09
-1.75339e-08
-1.17758e-08
-1.59346e-08
-1.51661e-08
-1.35205e-08
-1.88333e-08
-1.00927e-08
-2.25781e-08
-5.56668e-09
-2.598e-08
-2.8435e-08
-7.52957e-09
3.55328e-08
-1.30222e-08
3.11898e-08
-1.68429e-08
2.62583e-08
-1.92588e-08
2.12299e-08
-2.06608e-08
1.66359e-08
-2.1404e-08
1.26418e-08
-2.17566e-08
9.22588e-09
-2.19019e-08
6.28257e-09
-2.1955e-08
3.6786e-09
-2.19786e-08
1.27689e-09
-2.19938e-08
-1.05733e-09
-2.19833e-08
-3.45793e-09
-2.18878e-08
-6.0621e-09
-2.15946e-08
-9.0123e-09
-2.0919e-08
-1.24514e-08
-1.95854e-08
-1.64997e-08
-1.72197e-08
-2.1199e-08
-1.33954e-08
-2.64024e-08
-7.8078e-09
-3.15676e-08
-3.62428e-08
-1.12146e-08
4.67475e-08
-1.78395e-08
3.78147e-08
-2.1817e-08
3.02358e-08
-2.3835e-08
2.3248e-08
-2.46548e-08
1.74556e-08
-2.48265e-08
1.28135e-08
-2.47077e-08
9.1071e-09
-2.45135e-08
6.08835e-09
-2.43646e-08
3.52965e-09
-2.43209e-08
1.23319e-09
-2.44024e-08
-9.75831e-10
-2.45953e-08
-3.26496e-09
-2.48463e-08
-5.81115e-09
-2.50408e-08
-8.81782e-09
-2.49677e-08
-1.25244e-08
-2.42665e-08
-1.72008e-08
-2.23658e-08
-2.30997e-08
-1.84443e-08
-3.03238e-08
-1.17325e-08
-3.82794e-08
-4.79752e-08
-1.78602e-08
6.46077e-08
-2.53595e-08
4.53139e-08
-2.87315e-08
3.36077e-08
-2.96248e-08
2.41414e-08
-2.93134e-08
1.71442e-08
-2.85507e-08
1.20508e-08
-2.77427e-08
8.29917e-09
-2.70878e-08
5.43344e-09
-2.66755e-08
3.11732e-09
-2.6544e-08
1.10166e-09
-2.67063e-08
-8.13497e-10
-2.71579e-08
-2.81339e-09
-2.78703e-08
-5.09868e-09
-2.87664e-08
-7.92174e-09
-2.96627e-08
-1.16282e-08
-3.01652e-08
-1.66983e-08
-2.95176e-08
-2.37474e-08
-2.63641e-08
-3.34773e-08
-1.89922e-08
-4.56513e-08
-6.69675e-08
-3.28715e-08
9.74792e-08
-3.7461e-08
4.99034e-08
-3.82186e-08
3.43653e-08
-3.66925e-08
2.26152e-08
-3.44625e-08
1.49142e-08
-3.23484e-08
9.93673e-09
-3.06448e-08
6.59557e-09
-2.9431e-08
4.21959e-09
-2.87123e-08
2.3987e-09
-2.84785e-08
8.67765e-10
-2.87277e-08
-5.64248e-10
-2.94711e-08
-2.06997e-09
-3.07319e-08
-3.83788e-09
-3.25234e-08
-6.13025e-09
-3.47948e-08
-9.35683e-09
-3.72927e-08
-1.42004e-08
-3.92773e-08
-2.17627e-08
-3.8952e-08
-3.38026e-08
-3.46545e-08
-4.99488e-08
-1.01622e-07
-5.23987e-08
1.49878e-07
-5.34761e-08
5.09808e-08
-5.01546e-08
3.10439e-08
-4.44685e-08
1.69291e-08
-3.93971e-08
9.84276e-09
-3.55101e-08
6.04978e-09
-3.27337e-08
3.8191e-09
-3.08906e-08
2.37659e-09
-2.98313e-08
1.33934e-09
-2.94634e-08
4.99918e-10
-2.97554e-08
-2.72305e-10
-3.07364e-08
-1.08896e-09
-3.24963e-08
-2.07799e-09
-3.51819e-08
-3.44459e-09
-3.89629e-08
-5.57591e-09
-4.38791e-08
-9.28417e-09
-4.94057e-08
-1.62362e-08
-5.21046e-08
-3.11037e-08
-5.01169e-08
-5.19366e-08
-1.51739e-07
1.49878e-07
2.00859e-07
2.31903e-07
2.48832e-07
2.58674e-07
2.64724e-07
2.68543e-07
2.7092e-07
2.72259e-07
2.72759e-07
2.72487e-07
2.71398e-07
2.6932e-07
2.65875e-07
2.60299e-07
2.51015e-07
2.34779e-07
2.03675e-07
1.51739e-07
)
;

boundaryField
{
    movingWall
    {
        type            calculated;
        value           uniform 0;
    }
    fixedWalls
    {
        type            calculated;
        value           uniform 0;
    }
    frontAndBack
    {
        type            empty;
        value           nonuniform 0();
    }
}


// ************************************************************************* //
