/*--------------------------------*- C++ -*----------------------------------*\
| =========                 |                                                 |
| \\      /  F ield         | OpenFOAM: The Open Source CFD Toolbox           |
|  \\    /   O peration     | Version:  5.x                                   |
|   \\  /    A nd           | Web:      www.OpenFOAM.org                      |
|    \\/     M anipulation  |                                                 |
\*---------------------------------------------------------------------------*/
FoamFile
{
    version     2.0;
    format      ascii;
    class       volScalarField;
    location    "14.2";
    object      p;
}
// * * * * * * * * * * * * * * * * * * * * * * * * * * * * * * * * * * * * * //

dimensions      [0 2 -2 0 0 0 0];

internalField   nonuniform List<scalar> 
400
(
-2.24252e-10
-0.000501354
-0.000864066
-0.00107503
-0.00117564
-0.00121658
-0.00123411
-0.00124172
-0.00124339
-0.00125099
-0.00123438
-0.00122872
-0.00121266
-0.00119975
-0.00119265
-0.00112494
-0.00100134
-0.000747192
-0.000555978
0.000388676
-0.000545782
-0.000887271
-0.00108391
-0.00119787
-0.00122382
-0.00123602
-0.00122587
-0.00124055
-0.00123977
-0.00124931
-0.00124165
-0.00122713
-0.00124843
-0.00121485
-0.00122914
-0.0011586
-0.00116953
-0.00104166
-0.00104055
-0.000352959
-0.000865911
-0.00111291
-0.00118399
-0.00123584
-0.00123941
-0.00124646
-0.00124365
-0.00124503
-0.00124758
-0.00124341
-0.00124199
-0.00123128
-0.00123724
-0.00121563
-0.00122499
-0.00117496
-0.00116837
-0.00111279
-0.00105101
-0.000783649
-0.00107898
-0.00120977
-0.00124481
-0.00124493
-0.0012486
-0.00124608
-0.00124656
-0.00124743
-0.00124799
-0.00124536
-0.00124338
-0.00123601
-0.00124955
-0.00122867
-0.0012394
-0.00120013
-0.00120355
-0.00115848
-0.00123746
-0.00104921
-0.00118758
-0.00127121
-0.00127116
-0.00126459
-0.00125434
-0.00125464
-0.00125395
-0.00125259
-0.00125427
-0.00124585
-0.00124552
-0.00124295
-0.00125082
-0.00123828
-0.00124186
-0.00121581
-0.0012274
-0.00120463
-0.00118855
-0.00114626
-0.00122782
-0.00126353
-0.00126099
-0.0012592
-0.00125758
-0.00125977
-0.00126249
-0.00126059
-0.0012614
-0.00125262
-0.0012471
-0.00124653
-0.00125577
-0.00124123
-0.00125325
-0.00122543
-0.00124745
-0.00121478
-0.00125868
-0.0012106
-0.00123663
-0.00124413
-0.00125319
-0.00126193
-0.00126226
-0.00126624
-0.00127174
-0.00127219
-0.00127074
-0.0012633
-0.0012636
-0.00126625
-0.00127373
-0.0012638
-0.00127167
-0.00126167
-0.00126039
-0.00122359
-0.00125818
-0.00121392
-0.00124765
-0.00128638
-0.00126789
-0.00127416
-0.00128001
-0.00128691
-0.001294
-0.00129482
-0.00129284
-0.00128217
-0.00128322
-0.0012692
-0.00127297
-0.00125782
-0.00126579
-0.00125407
-0.00128924
-0.00122041
-0.00127804
-0.0012219
-0.00128158
-0.00128008
-0.00128201
-0.00129137
-0.0012967
-0.00130896
-0.00132419
-0.00132593
-0.00131824
-0.0013069
-0.00133419
-0.00132176
-0.00131402
-0.00130626
-0.0013138
-0.00128613
-0.00129073
-0.00125085
-0.00131466
-0.0012458
-0.0012962
-0.0013034
-0.00131046
-0.00131194
-0.00132845
-0.00134917
-0.00137768
-0.00139452
-0.00138147
-0.00134757
-0.00134138
-0.0013434
-0.00130356
-0.00127503
-0.0012951
-0.00128828
-0.00131304
-0.00129602
-0.00131254
-0.00129473
-0.00132349
-0.00136857
-0.00133552
-0.00134628
-0.00136039
-0.00139197
-0.00146021
-0.00149995
-0.00150573
-0.00145257
-0.00139141
-0.00136373
-0.00134956
-0.00133567
-0.00140306
-0.00135331
-0.00141316
-0.00134145
-0.001364
-0.00130405
-0.0013233
-0.00131813
-0.00132536
-0.00133979
-0.00138511
-0.00146929
-0.00161683
-0.00170951
-0.00173719
-0.00161727
-0.00143478
-0.0013015
-0.00127646
-0.00125624
-0.00130436
-0.00128539
-0.00132817
-0.00128431
-0.00133619
-0.00128564
-0.00126679
-0.00129785
-0.00130945
-0.00134596
-0.00141604
-0.00155713
-0.0018063
-0.00191294
-0.00192959
-0.00174393
-0.00148562
-0.00129381
-0.00137931
-0.00136086
-0.00138725
-0.00133351
-0.00130405
-0.00127956
-0.00131429
-0.00132006
-0.00124897
-0.00124811
-0.00128056
-0.00130102
-0.00139746
-0.00156587
-0.00183356
-0.00193163
-0.00193671
-0.00177675
-0.00146956
-0.00125007
-0.00126993
-0.00126611
-0.00127335
-0.00132329
-0.00130651
-0.00125019
-0.00126458
-0.00135459
-0.00118398
-0.00119786
-0.00123129
-0.00126869
-0.00134178
-0.00150128
-0.0017598
-0.0018946
-0.00187292
-0.00173022
-0.00142914
-0.00129436
-0.00125122
-0.00132432
-0.00136884
-0.00143133
-0.00158355
-0.00143146
-0.00151959
-0.00133021
-0.00109257
-0.00113473
-0.00116334
-0.00117271
-0.00123933
-0.00138382
-0.00154596
-0.00167343
-0.0016953
-0.00162888
-0.00146628
-0.00129073
-0.0013761
-0.00143332
-0.00122145
-0.0012863
-0.00123508
-0.00116487
-0.00113843
-0.00115875
-0.000992094
-0.00101576
-0.00108992
-0.00111091
-0.00114909
-0.00122656
-0.00134031
-0.0014406
-0.00150644
-0.00152204
-0.00139145
-0.00116113
-0.00161764
-0.0015502
-0.0011989
-0.00142644
-0.00145269
-0.00120743
-0.00144961
-0.00103318
-0.000827701
-0.000947618
-0.00103368
-0.00106291
-0.00108048
-0.00111935
-0.001222
-0.00131883
-0.00148454
-0.00176959
-0.00173826
-0.00148751
-0.00141506
-0.00119881
-0.0012371
-0.00139143
-0.00124708
-0.000902128
-0.00072728
-0.000427173
-0.000553762
-0.000819935
-0.000933457
-0.00104595
-0.00104896
-0.00105686
-0.00104246
-0.00102595
-0.0014634
-0.00210443
-0.00203587
-0.00141722
-0.00145096
-0.00111363
-0.00133824
-0.00121667
-0.00107094
-0.00152524
-0.000828301
-0.000358336
-0.0002615
-0.000575517
-0.000834259
-0.001021
-0.00111039
-0.00112195
-0.00115905
-0.00124948
-0.00144646
-0.0015687
-0.00150427
-0.00143421
-0.00139653
-0.00145633
-0.00137979
-0.00114774
-0.000902477
-0.000685965
-0.000204186
0.00156813
)
;

boundaryField
{
    movingWall
    {
        type            zeroGradient;
    }
    fixedWalls
    {
        type            zeroGradient;
    }
    frontAndBack
    {
        type            empty;
    }
}


// ************************************************************************* //
