/*--------------------------------*- C++ -*----------------------------------*\
| =========                 |                                                 |
| \\      /  F ield         | OpenFOAM: The Open Source CFD Toolbox           |
|  \\    /   O peration     | Version:  5.x                                   |
|   \\  /    A nd           | Web:      www.OpenFOAM.org                      |
|    \\/     M anipulation  |                                                 |
\*---------------------------------------------------------------------------*/
FoamFile
{
    version     2.0;
    format      ascii;
    class       surfaceScalarField;
    location    "1.2";
    object      phi;
}
// * * * * * * * * * * * * * * * * * * * * * * * * * * * * * * * * * * * * * //

dimensions      [0 3 -1 0 0 0 0];

internalField   nonuniform List<scalar> 
760
(
-4.45707e-09
4.45707e-09
-8.89827e-09
4.44121e-09
-1.31383e-08
4.24002e-09
-1.70811e-08
3.94279e-09
-2.06374e-08
3.5563e-09
-2.37259e-08
3.0885e-09
-2.62743e-08
2.54841e-09
-2.82201e-08
1.94582e-09
-2.95113e-08
1.29121e-09
-3.01073e-08
5.95936e-10
-2.99784e-08
-1.28817e-10
-2.911e-08
-8.68481e-10
-2.75033e-08
-1.60665e-09
-2.51775e-08
-2.32582e-09
-2.21718e-08
-3.00568e-09
-1.8548e-08
-3.62382e-09
-1.43913e-08
-4.15672e-09
-9.81012e-09
-4.58116e-09
-4.93438e-09
-4.87574e-09
-4.93438e-09
-4.64335e-09
9.10042e-09
-9.26923e-09
9.06708e-09
-1.36852e-08
8.65596e-09
-1.77913e-08
8.0489e-09
-2.1495e-08
7.26006e-09
-2.47125e-08
6.30597e-09
-2.73692e-08
5.20515e-09
-2.94009e-08
3.97751e-09
-3.07539e-08
2.64421e-09
-3.1386e-08
1.22801e-09
-3.12672e-08
-2.47678e-10
-3.03776e-08
-1.75809e-09
-2.8719e-08
-3.26521e-09
-2.63085e-08
-4.73627e-09
-2.31845e-08
-6.12974e-09
-1.94087e-08
-7.39956e-09
-1.50687e-08
-8.49677e-09
-1.02772e-08
-9.3726e-09
-5.17141e-09
-9.98158e-09
-1.01058e-08
-4.84899e-09
1.39494e-08
-9.6797e-09
1.38978e-08
-1.42908e-08
1.32671e-08
-1.85787e-08
1.23368e-08
-2.24479e-08
1.11293e-08
-2.58125e-08
9.67049e-09
-2.85963e-08
7.98898e-09
-3.07338e-08
6.11505e-09
-3.217e-08
4.08035e-09
-3.28605e-08
1.91856e-09
-3.27725e-08
-3.35752e-10
-3.18816e-08
-2.64892e-09
-3.01853e-08
-4.96157e-09
-2.76957e-08
-7.22587e-09
-2.44468e-08
-9.37864e-09
-2.04979e-08
-1.13484e-08
-1.59369e-08
-1.30577e-08
-1.08818e-08
-1.44277e-08
-5.47969e-09
-1.53837e-08
-1.55855e-08
-5.16327e-09
1.91127e-08
-1.03066e-08
1.90411e-08
-1.52152e-08
1.81756e-08
-1.97794e-08
1.6901e-08
-2.38997e-08
1.52495e-08
-2.7487e-08
1.32578e-08
-3.04636e-08
1.09656e-08
-3.27623e-08
8.41374e-09
-3.43261e-08
5.64421e-09
-3.51082e-08
2.70068e-09
-3.50724e-08
-3.716e-10
-3.41854e-08
-3.5359e-09
-3.24383e-08
-6.70868e-09
-2.98351e-08
-9.8291e-09
-2.64016e-08
-1.28121e-08
-2.21916e-08
-1.55584e-08
-1.72925e-08
-1.79569e-08
-1.18288e-08
-1.98914e-08
-5.96377e-09
-2.12488e-08
-2.15492e-08
-5.59459e-09
2.47073e-08
-1.11663e-08
2.46128e-08
-1.64809e-08
2.34903e-08
-2.1421e-08
2.18412e-08
-2.58813e-08
1.97099e-08
-2.97697e-08
1.71462e-08
-3.30066e-08
1.42024e-08
-3.55238e-08
1.09309e-08
-3.72628e-08
7.38325e-09
-3.81739e-08
3.61172e-09
-3.82174e-08
-3.28128e-10
-3.73467e-08
-4.40653e-09
-3.55438e-08
-8.51164e-09
-3.27996e-08
-1.25733e-08
-2.91263e-08
-1.64854e-08
-2.4567e-08
-2.01177e-08
-1.92048e-08
-2.3319e-08
-1.31717e-08
-2.59245e-08
-6.65273e-09
-2.77677e-08
-2.8202e-08
-6.15405e-09
3.08613e-08
-1.22798e-08
3.07386e-08
-1.81173e-08
2.93277e-08
-2.35385e-08
2.72623e-08
-2.84315e-08
2.46029e-08
-3.27012e-08
2.14159e-08
-3.62673e-08
1.77686e-08
-3.90623e-08
1.37258e-08
-4.10272e-08
9.34818e-09
-4.21099e-08
4.69439e-09
-4.22685e-08
-1.69507e-10
-4.14379e-08
-5.23707e-09
-3.9587e-08
-1.03625e-08
-3.66874e-08
-1.54729e-08
-3.27291e-08
-2.04437e-08
-2.7735e-08
-2.51118e-08
-2.17769e-08
-2.92771e-08
-1.49914e-08
-3.271e-08
-7.59172e-09
-3.51674e-08
-3.57937e-08
-6.85736e-09
3.77187e-08
-1.3677e-08
3.75583e-08
-2.01647e-08
3.58154e-08
-2.61789e-08
3.32766e-08
-3.16007e-08
3.00247e-08
-3.6333e-08
2.61481e-08
-4.02976e-08
2.17332e-08
-4.34302e-08
1.68584e-08
-4.56745e-08
1.15925e-08
-4.69769e-08
5.99683e-09
-4.72986e-08
1.52178e-10
-4.65472e-08
-5.98849e-09
-4.46764e-08
-1.22334e-08
-4.16281e-08
-1.85212e-08
-3.73577e-08
-2.47141e-08
-3.1853e-08
-3.06165e-08
-2.51599e-08
-3.59702e-08
-1.74106e-08
-4.04593e-08
-8.85119e-09
-4.37268e-08
-4.46449e-08
-7.72664e-09
4.54453e-08
-1.53988e-08
4.52304e-08
-2.26776e-08
4.30942e-08
-2.94048e-08
4.00038e-08
-3.5454e-08
3.60738e-08
-4.07291e-08
3.14233e-08
-4.51585e-08
2.61626e-08
-4.86868e-08
2.03867e-08
-5.12661e-08
1.41719e-08
-5.28486e-08
7.57924e-09
-5.33788e-08
6.82429e-10
-5.27733e-08
-6.59402e-09
-5.09413e-08
-1.40653e-08
-4.77852e-08
-2.16773e-08
-4.32087e-08
-2.92907e-08
-3.71404e-08
-3.66848e-08
-2.95736e-08
-4.3537e-08
-2.0615e-08
-4.9418e-08
-1.05431e-08
-5.37987e-08
-5.5188e-08
-8.79338e-09
5.42387e-08
-1.75023e-08
5.39393e-08
-2.57305e-08
5.13225e-08
-3.32987e-08
4.75719e-08
-4.00742e-08
4.28494e-08
-4.59671e-08
3.73161e-08
-5.09197e-08
3.11152e-08
-5.48942e-08
2.43612e-08
-5.78595e-08
1.71371e-08
-5.97785e-08
9.49828e-09
-6.05963e-08
1.50024e-09
-6.02233e-08
-6.96701e-09
-5.85291e-08
-1.57595e-08
-5.53589e-08
-2.48475e-08
-5.05379e-08
-3.41117e-08
-4.39001e-08
-4.33226e-08
-3.53396e-08
-5.20974e-08
-2.48905e-08
-5.98671e-08
-1.28522e-08
-6.58369e-08
-6.80402e-08
-1.01035e-08
6.43422e-08
-2.00678e-08
6.39036e-08
-2.94259e-08
6.06807e-08
-3.79711e-08
5.61171e-08
-4.55682e-08
5.04464e-08
-5.21414e-08
4.38894e-08
-5.76592e-08
3.6633e-08
-6.21147e-08
2.88167e-08
-6.55064e-08
2.05288e-08
-6.78203e-08
1.18122e-08
-6.90127e-08
2.69269e-09
-6.89937e-08
-6.98597e-09
-6.75917e-08
-1.71615e-08
-6.45807e-08
-2.78586e-08
-5.96717e-08
-3.90206e-08
-5.25488e-08
-5.04456e-08
-4.2932e-08
-6.17142e-08
-3.06863e-08
-7.21127e-08
-1.60979e-08
-8.04253e-08
-8.41381e-08
-1.17248e-08
7.6067e-08
-2.32098e-08
7.53885e-08
-3.39072e-08
7.13781e-08
-4.35721e-08
6.5782e-08
-5.20746e-08
5.89489e-08
-5.93673e-08
5.11821e-08
-6.5463e-08
4.27287e-08
-7.04052e-08
3.3759e-08
-7.42413e-08
2.43648e-08
-7.6998e-08
1.45689e-08
-7.86601e-08
4.35478e-09
-7.91512e-08
-6.49481e-09
-7.82652e-08
-1.80476e-08
-7.56974e-08
-3.04264e-08
-7.10098e-08
-4.37083e-08
-6.36541e-08
-5.78012e-08
-5.30558e-08
-7.23124e-08
-3.87252e-08
-8.64434e-08
-2.08587e-08
-9.82918e-08
-1.04997e-07
-1.37688e-08
8.98358e-08
-2.70968e-08
8.87166e-08
-3.93798e-08
8.36611e-08
-5.03091e-08
7.67113e-08
-5.97777e-08
6.84175e-08
-6.77885e-08
5.91928e-08
-7.44255e-08
4.93658e-08
-7.98104e-08
3.9144e-08
-8.40678e-08
2.86222e-08
-8.72899e-08
1.7791e-08
-8.95122e-08
6.5771e-09
-9.06997e-08
-5.30729e-09
-9.06316e-08
-1.81157e-08
-8.89352e-08
-3.21228e-08
-8.50035e-08
-4.764e-08
-7.79688e-08
-6.48359e-08
-6.67629e-08
-8.35183e-08
-5.01922e-08
-1.03014e-07
-2.8232e-08
-1.20252e-07
-1.33229e-07
-1.63371e-08
1.06173e-07
-3.19515e-08
1.04331e-07
-4.61356e-08
9.78453e-08
-5.84732e-08
8.90489e-08
-6.8928e-08
7.88723e-08
-7.75875e-08
6.78523e-08
-8.46484e-08
5.64266e-08
-9.03534e-08
4.48489e-08
-9.49412e-08
3.321e-08
-9.86015e-08
2.14513e-08
-1.01451e-07
9.42625e-09
-1.03533e-07
-3.22476e-09
-1.04659e-07
-1.69896e-08
-1.04432e-07
-3.23503e-08
-1.02096e-07
-4.99753e-08
-9.6416e-08
-7.05164e-08
-8.56046e-08
-9.43297e-08
-6.70478e-08
-1.21571e-07
-4.0392e-08
-1.46908e-07
-1.73621e-07
-2.00436e-08
1.26216e-07
-3.82556e-08
1.22543e-07
-5.46615e-08
1.14251e-07
-6.84922e-08
1.0288e-07
-7.98694e-08
9.02494e-08
-8.89924e-08
7.69754e-08
-9.62402e-08
6.36745e-08
-1.02029e-07
5.06377e-08
-1.06753e-07
3.79338e-08
-1.10743e-07
2.54413e-08
-1.14225e-07
1.29079e-08
-1.1736e-07
-8.92076e-11
-1.20104e-07
-1.42457e-08
-1.2211e-07
-3.03443e-08
-1.22588e-07
-4.94977e-08
-1.19981e-07
-7.31232e-08
-1.11745e-07
-1.02566e-07
-9.23677e-08
-1.40948e-07
-6.18269e-08
-1.77448e-07
-2.35448e-07
-2.23875e-08
1.48604e-07
-4.5783e-08
1.45938e-07
-6.53977e-08
1.33866e-07
-8.09333e-08
1.18415e-07
-9.30607e-08
1.02377e-07
-1.02289e-07
8.62033e-08
-1.09314e-07
7.07e-08
-1.14793e-07
5.61168e-08
-1.19314e-07
4.24546e-08
-1.23376e-07
2.95034e-08
-1.27348e-07
1.68801e-08
-1.31656e-07
4.21892e-09
-1.36372e-07
-9.52971e-09
-1.4144e-07
-2.52763e-08
-1.4635e-07
-4.45881e-08
-1.49385e-07
-7.00877e-08
-1.48199e-07
-1.03752e-07
-1.30848e-07
-1.583e-07
-1.01798e-07
-2.06498e-07
-3.37246e-07
-3.71446e-08
1.85749e-07
-5.92953e-08
1.68089e-07
-8.03815e-08
1.54952e-07
-9.68005e-08
1.34834e-07
-1.09099e-07
1.14675e-07
-1.17805e-07
9.49094e-08
-1.2396e-07
7.68554e-08
-1.28539e-07
6.0695e-08
-1.32364e-07
4.62798e-08
-1.36142e-07
3.32812e-08
-1.40542e-07
2.12808e-08
-1.45867e-07
9.54334e-09
-1.52654e-07
-2.74266e-09
-1.61775e-07
-1.61553e-08
-1.73248e-07
-3.31153e-08
-1.85061e-07
-5.82739e-08
-1.96849e-07
-9.19643e-08
-1.90347e-07
-1.64802e-07
-1.74111e-07
-2.22734e-07
-5.11357e-07
-2.34377e-08
2.09186e-07
-7.06333e-08
2.15285e-07
-9.85679e-08
1.82887e-07
-1.17504e-07
1.5377e-07
-1.29298e-07
1.26469e-07
-1.36206e-07
1.01818e-07
-1.40335e-07
8.0984e-08
-1.43103e-07
6.34633e-08
-1.45469e-07
4.86461e-08
-1.48109e-07
3.59209e-08
-1.51611e-07
2.4783e-08
-1.56658e-07
1.45904e-08
-1.649e-07
5.49896e-09
-1.76441e-07
-4.6145e-09
-1.94724e-07
-1.48324e-08
-2.1703e-07
-3.59676e-08
-2.59529e-07
-4.94657e-08
-2.72674e-07
-1.51657e-07
-2.80982e-07
-2.14426e-07
-7.92339e-07
-4.48216e-08
2.54008e-07
-7.71031e-08
2.47566e-07
-1.0679e-07
2.12573e-07
-1.33184e-07
1.80165e-07
-1.46439e-07
1.39724e-07
-1.53336e-07
1.08715e-07
-1.56309e-07
8.39571e-08
-1.57454e-07
6.46079e-08
-1.58317e-07
4.95096e-08
-1.6005e-07
3.76534e-08
-1.63962e-07
2.86946e-08
-1.70858e-07
2.14864e-08
-1.83334e-07
1.7975e-08
-2.01803e-07
1.38543e-08
-2.3533e-07
1.8695e-08
-2.72534e-07
1.23656e-09
-3.20806e-07
-1.19336e-09
-3.36651e-07
-1.35812e-07
-2.50958e-07
-3.0012e-07
-1.0433e-06
-3.41129e-07
5.95136e-07
-3.37841e-07
2.44278e-07
-3.31041e-07
2.05773e-07
-2.98297e-07
1.47422e-07
-2.67709e-07
1.09135e-07
-2.38999e-07
8.00052e-08
-2.15257e-07
6.02156e-08
-1.96741e-07
4.60917e-08
-1.82778e-07
3.55468e-08
-1.72306e-07
2.71812e-08
-1.65244e-07
2.16323e-08
-1.5896e-07
1.52024e-08
-1.56102e-07
1.5117e-08
-1.48954e-07
6.70698e-09
-1.41318e-07
1.10581e-08
-1.33255e-07
-6.82643e-09
-9.14744e-08
-4.29737e-08
-8.16315e-08
-1.45655e-07
4.70598e-08
-4.28811e-07
-9.96236e-07
5.95136e-07
8.39415e-07
1.04519e-06
1.19261e-06
1.30174e-06
1.38175e-06
1.44197e-06
1.48806e-06
1.5236e-06
1.55079e-06
1.57242e-06
1.58762e-06
1.60274e-06
1.60944e-06
1.6205e-06
1.61368e-06
1.5707e-06
1.42505e-06
9.96236e-07
)
;

boundaryField
{
    movingWall
    {
        type            calculated;
        value           uniform 0;
    }
    fixedWalls
    {
        type            calculated;
        value           uniform 0;
    }
    frontAndBack
    {
        type            empty;
        value           nonuniform 0();
    }
}


// ************************************************************************* //
