/*--------------------------------*- C++ -*----------------------------------*\
| =========                 |                                                 |
| \\      /  F ield         | OpenFOAM: The Open Source CFD Toolbox           |
|  \\    /   O peration     | Version:  5.x                                   |
|   \\  /    A nd           | Web:      www.OpenFOAM.org                      |
|    \\/     M anipulation  |                                                 |
\*---------------------------------------------------------------------------*/
FoamFile
{
    version     2.0;
    format      ascii;
    class       volVectorField;
    location    "1.2";
    object      U;
}
// * * * * * * * * * * * * * * * * * * * * * * * * * * * * * * * * * * * * * //

dimensions      [0 1 -1 0 0 0 0];

internalField   nonuniform List<vector> 
400
(
(-4.46101e-05 4.43348e-05 0)
(-0.000133823 4.41777e-05 0)
(-0.00022092 4.21793e-05 0)
(-0.000302934 3.9226e-05 0)
(-0.000378098 3.53842e-05 0)
(-0.000444692 3.07323e-05 0)
(-0.000501183 2.53594e-05 0)
(-0.000546222 1.93628e-05 0)
(-0.000578664 1.28469e-05 0)
(-0.000597584 5.92452e-06 0)
(-0.000602279 -1.28087e-06 0)
(-0.000592303 -8.64512e-06 0)
(-0.00056752 -1.59905e-05 0)
(-0.000528131 -2.31426e-05 0)
(-0.000474715 -2.98995e-05 0)
(-0.000408279 -3.6039e-05 0)
(-0.000330289 -4.13281e-05 0)
(-0.000242698 -4.5538e-05 0)
(-0.000147774 -4.84584e-05 0)
(-4.93855e-05 -4.90381e-05 0)
(-4.64764e-05 0.000135147 0)
(-0.000139414 0.000134656 0)
(-0.000230133 0.000128559 0)
(-0.000315549 0.000119552 0)
(-0.000393829 0.000107841 0)
(-0.000463193 9.36694e-05 0)
(-0.000522061 7.7309e-05 0)
(-0.000569044 5.90562e-05 0)
(-0.000602965 3.92262e-05 0)
(-0.000622867 1.81569e-05 0)
(-0.000628027 -3.78408e-06 0)
(-0.000617942 -2.61981e-05 0)
(-0.000592431 -4.85891e-05 0)
(-0.000551679 -7.0418e-05 0)
(-0.000496233 -9.10698e-05 0)
(-0.000427091 -0.000109864 0)
(-0.000345741 -0.00012608 0)
(-0.0002542 -0.000139007 0)
(-0.000154846 -0.000147986 0)
(-5.17611e-05 -0.000149799 0)
(-4.85364e-05 0.000229992 0)
(-0.000145593 0.000229144 0)
(-0.000240328 0.000218761 0)
(-0.000329522 0.000203434 0)
(-0.000411278 0.000183525 0)
(-0.000483769 0.000159452 0)
(-0.000545377 0.000131685 0)
(-0.00059469 0.000100723 0)
(-0.000630501 6.70924e-05 0)
(-0.000651822 3.13513e-05 0)
(-0.00065788 -5.89677e-06 0)
(-0.000648099 -4.39884e-05 0)
(-0.000622208 -8.21215e-05 0)
(-0.000580297 -0.000119389 0)
(-0.000522821 -0.000154747 0)
(-0.000450703 -0.000187027 0)
(-0.000365408 -0.000214973 0)
(-0.000269009 -0.00023732 0)
(-0.000164019 -0.000252883 0)
(-5.48518e-05 -0.000256118 0)
(-5.16854e-05 0.000329876 0)
(-0.000155034 0.000328649 0)
(-0.000255896 0.000313742 0)
(-0.000350837 0.000291765 0)
(-0.000437873 0.000263258 0)
(-0.000515103 0.000228837 0)
(-0.000580865 0.000189181 0)
(-0.000633714 0.000144999 0)
(-0.000672413 9.7025e-05 0)
(-0.000695929 4.6022e-05 0)
(-0.000703435 -7.19082e-06 0)
(-0.000694229 -6.17361e-05 0)
(-0.000667885 -0.000116501 0)
(-0.000624351 -0.000170224 0)
(-0.00056391 -0.000221429 0)
(-0.000487346 -0.000268413 0)
(-0.000396056 -0.000309303 0)
(-0.00029217 -0.00034217 0)
(-0.000178407 -0.000365161 0)
(-5.97072e-05 -0.00037014 0)
(-5.60083e-05 0.000437204 0)
(-0.000167989 0.000435555 0)
(-0.000277231 0.000415755 0)
(-0.000380007 0.000386623 0)
(-0.000474207 0.000348912 0)
(-0.000557847 0.000303474 0)
(-0.000629216 0.000251221 0)
(-0.000686847 0.000193084 0)
(-0.00072948 0.000129993 0)
(-0.000756039 6.28949e-05 0)
(-0.000765639 -7.21265e-06 0)
(-0.00075741 -7.92893e-05 0)
(-0.000730697 -0.000151955 0)
(-0.000685227 -0.000223621 0)
(-0.000621011 -0.000292369 0)
(-0.000538579 -0.00035591 0)
(-0.000439168 -0.000411636 0)
(-0.000324935 -0.000456768 0)
(-0.00019885 -0.000488554 0)
(-6.66225e-05 -0.000495823 0)
(-6.16185e-05 0.000554405 0)
(-0.000184787 0.000552257 0)
(-0.00030485 0.000527041 0)
(-0.000417682 0.000490044 0)
(-0.000521024 0.000442297 0)
(-0.000612795 0.000384943 0)
(-0.000691257 0.00031917 0)
(-0.000754943 0.000246141 0)
(-0.000802603 0.000166976 0)
(-0.000833136 8.2768e-05 0)
(-0.00084562 -5.35461e-06 0)
(-0.000838972 -9.62925e-05 0)
(-0.000812219 -0.000188456 0)
(-0.000764767 -0.000279999 0)
(-0.0006962 -0.000368572 0)
(-0.000606616 -0.000451248 0)
(-0.000496919 -0.000524531 0)
(-0.000369183 -0.000584517 0)
(-0.000226642 -0.000627181 0)
(-7.60591e-05 -0.000637647 0)
(-6.86769e-05 0.000684184 0)
(-0.000205894 0.000681399 0)
(-0.000339469 0.000650034 0)
(-0.000464752 0.000604203 0)
(-0.00057931 0.000545307 0)
(-0.000680976 0.000474872 0)
(-0.000768021 0.000394419 0)
(-0.000839043 0.000305372 0)
(-0.000892855 0.000209024 0)
(-0.000928372 0.000106551 0)
(-0.0009447 -9.14944e-07 0)
(-0.000940514 -0.000112135 0)
(-0.000914406 -0.000225651 0)
(-0.000865346 -0.00033944 0)
(-0.000792264 -0.000450774 0)
(-0.000694542 -0.000556052 0)
(-0.000572444 -0.000650707 0)
(-0.000427716 -0.000729337 0)
(-0.000263769 -0.00078605 0)
(-8.87432e-05 -0.000801231 0)
(-7.74122e-05 0.000829615 0)
(-0.000231963 0.000825949 0)
(-0.000382071 0.000787414 0)
(-0.00052241 0.000731423 0)
(-0.000650357 0.000659903 0)
(-0.000763687 0.000574892 0)
(-0.000860761 0.000478339 0)
(-0.000940342 0.000371971 0)
(-0.00100143 0.000257238 0)
(-0.00104308 0.00013533 0)
(-0.00106431 7.26906e-06 0)
(-0.00106371 -0.000125786 0)
(-0.00103953 -0.00026269 0)
(-0.000989893 -0.000401473 0)
(-0.000912817 -0.000539201 0)
(-0.000806556 -0.000671632 0)
(-0.000670214 -0.000792954 0)
(-0.000504702 -0.000895772 0)
(-0.000313326 -0.000971397 0)
(-0.000105849 -0.000993954 0)
(-8.81547e-05 0.000994295 0)
(-0.000263917 0.000989316 0)
(-0.000434015 0.000942171 0)
(-0.000592266 0.000874196 0)
(-0.000735846 0.00078808 0)
(-0.000862545 0.000686576 0)
(-0.000970948 0.0005722 0)
(-0.00106015 0.000447043 0)
(-0.0011295 0.000312699 0)
(-0.00117835 0.000170289 0)
(-0.00120582 2.05879e-05 0)
(-0.00121048 -0.000135751 0)
(-0.0011901 -0.000298037 0)
(-0.00114186 -0.000464771 0)
(-0.00106243 -0.000633188 0)
(-0.000948303 -0.000798611 0)
(-0.0007966 -0.000953887 0)
(-0.0006064 -0.00108907 0)
(-0.000380266 -0.00119118 0)
(-0.000129368 -0.00122602 0)
(-0.000101398 0.00118256 0)
(-0.000303091 0.0011755 0)
(-0.000497202 0.00111769 0)
(-0.000676506 0.00103519 0)
(-0.000837985 0.000931813 0)
(-0.000979576 0.000811334 0)
(-0.0011003 0.000677034 0)
(-0.00119985 0.000531462 0)
(-0.00127819 0.000376339 0)
(-0.0013352 0.000212594 0)
(-0.00137035 4.05142e-05 0)
(-0.00138235 -0.00014 0)
(-0.00136856 -0.00032924 0)
(-0.00132505 -0.000526734 0)
(-0.00124667 -0.000730569 0)
(-0.00112727 -0.000936233 0)
(-0.000960692 -0.00113539 0)
(-0.000742326 -0.00131508 0)
(-0.000472833 -0.00145562 0)
(-0.000162905 -0.0015124 0)
(-0.000117902 0.00139995 0)
(-0.000351444 0.00138933 0)
(-0.000574321 0.00131789 0)
(-0.000778151 0.00121722 0)
(-0.000959709 0.00109294 0)
(-0.00111734 0.000950226 0)
(-0.00125084 0.000793411 0)
(-0.00136086 0.000625639 0)
(-0.00144839 0.000448753 0)
(-0.00151419 0.000263327 0)
(-0.00155842 6.88841e-05 0)
(-0.00158025 -0.000135817 0)
(-0.00157685 -0.000352643 0)
(-0.00154321 -0.000582971 0)
(-0.00147194 -0.000826825 0)
(-0.00135314 -0.00108115 0)
(-0.00117548 -0.00133742 0)
(-0.000927115 -0.00157982 0)
(-0.000605333 -0.0017777 0)
(-0.000213451 -0.00187638 0)
(-0.000138999 0.00165268 0)
(-0.00041206 0.00163649 0)
(-0.000669263 0.0015473 0)
(-0.000901464 0.00142325 0)
(-0.001105 0.00127299 0)
(-0.00127913 0.00110365 0)
(-0.00142491 0.00092106 0)
(-0.00154453 0.000729166 0)
(-0.00164053 0.000529879 0)
(-0.00171509 0.000323215 0)
(-0.00176951 0.000107597 0)
(-0.0018039 -0.000119815 0)
(-0.00181574 -0.000363139 0)
(-0.00179927 -0.000626673 0)
(-0.00174488 -0.000913955 0)
(-0.00163789 -0.00122562 0)
(-0.00145937 -0.00155555 0)
(-0.00118338 -0.00188784 0)
(-0.000803659 -0.00217282 0)
(-0.000295416 -0.00235647 0)
(-0.00016608 0.00195608 0)
(-0.000488687 0.00192559 0)
(-0.00078744 0.00181196 0)
(-0.00105248 0.00165632 0)
(-0.00127934 0.00147281 0)
(-0.0014693 0.00127085 0)
(-0.00162534 0.00105845 0)
(-0.00175207 0.000840392 0)
(-0.00185437 0.000618556 0)
(-0.0019365 0.000392193 0)
(-0.00200148 0.000158225 0)
(-0.00205101 -8.82284e-05 0)
(-0.00208374 -0.00035406 0)
(-0.00209407 -0.000647931 0)
(-0.00207093 -0.000978952 0)
(-0.00199479 -0.00135477 0)
(-0.00183761 -0.00177658 0)
(-0.00154585 -0.00223821 0)
(-0.00111633 -0.0026556 0)
(-0.000440139 -0.00302022 0)
(-0.000207935 0.00227961 0)
(-0.000594349 0.00226008 0)
(-0.000938236 0.0021163 0)
(-0.00124067 0.00191899 0)
(-0.00149049 0.00169205 0)
(-0.00169353 0.0014495 0)
(-0.00185541 0.00120226 0)
(-0.00198447 0.000955882 0)
(-0.00208876 0.000711986 0)
(-0.00217546 0.000468817 0)
(-0.00224998 0.00022165 0)
(-0.00231622 -3.66671e-05 0)
(-0.00237549 -0.000317017 0)
(-0.00242423 -0.000632902 0)
(-0.0024518 -0.0010014 0)
(-0.00243564 -0.00144224 0)
(-0.00234227 -0.00197155 0)
(-0.00206592 -0.00261933 0)
(-0.00163608 -0.00322855 0)
(-0.000719444 -0.00399256 0)
(-0.000228584 0.00285311 0)
(-0.000695666 0.00267305 0)
(-0.00112811 0.00248172 0)
(-0.00147693 0.00221228 0)
(-0.00174887 0.00192789 0)
(-0.00195915 0.00163423 0)
(-0.00211902 0.00134621 0)
(-0.0022424 0.00106953 0)
(-0.00234147 0.000804983 0)
(-0.00242687 0.00054936 0)
(-0.002507 0.00029592 0)
(-0.00258971 3.35082e-05 0)
(-0.00268002 -0.000250268 0)
(-0.00277852 -0.000573913 0)
(-0.00288033 -0.000967683 0)
(-0.00296523 -0.0014694 0)
(-0.00301242 -0.00211408 0)
(-0.00281316 -0.00300793 0)
(-0.0025325 -0.00384983 0)
(-0.00130109 -0.00550033 0)
(-0.000444321 0.00293036 0)
(-0.00102341 0.00321255 0)
(-0.00139416 0.00287646 0)
(-0.00179487 0.00255368 0)
(-0.00206843 0.00218387 0)
(-0.00227539 0.00182122 0)
(-0.00242023 0.00148278 0)
(-0.00252578 0.00117323 0)
(-0.002609 0.000890614 0)
(-0.00268458 0.000629598 0)
(-0.00276592 0.000383122 0)
(-0.00286256 0.000141891 0)
(-0.0029832 -0.000106282 0)
(-0.00314231 -0.00038954 0)
(-0.00334858 -0.000736403 0)
(-0.00358536 -0.00121312 0)
(-0.00387539 -0.00184772 0)
(-0.00383366 -0.00313947 0)
(-0.0040526 -0.00412413 0)
(-0.00245388 -0.00799998 0)
(-0.000186755 0.00473078 0)
(-0.000863361 0.00325857 0)
(-0.00181624 0.00333539 0)
(-0.0021788 0.00274106 0)
(-0.00248362 0.00233896 0)
(-0.00266087 0.00193198 0)
(-0.00276712 0.00156477 0)
(-0.00283456 0.0012363 0)
(-0.00288506 0.000946055 0)
(-0.00293427 0.000687411 0)
(-0.00299453 0.000450245 0)
(-0.00307875 0.00021873 0)
(-0.00321041 -2.68636e-05 0)
(-0.00340613 -0.000326474 0)
(-0.00369731 -0.000709426 0)
(-0.00406508 -0.00131212 0)
(-0.00488322 -0.00212454 0)
(-0.00506654 -0.00374624 0)
(-0.00652822 -0.00517069 0)
(-0.00376664 -0.0123999 0)
(0.000177612 0.00329734 0)
(-0.00182619 0.00593976 0)
(-0.00147812 0.00421574 0)
(-0.00261864 0.00372136 0)
(-0.0027949 0.0029366 0)
(-0.00301459 0.00229584 0)
(-0.0031003 0.001775 0)
(-0.00313855 0.00136625 0)
(-0.00315639 0.00104265 0)
(-0.00318067 0.000782122 0)
(-0.00323515 0.000572756 0)
(-0.00333983 0.000398699 0)
(-0.00352849 0.00027893 0)
(-0.0038265 0.00019173 0)
(-0.00434228 0.000232987 0)
(-0.00500326 9.742e-05 0)
(-0.00619169 0.000505759 0)
(-0.006128 -0.00182828 0)
(-0.00827874 -0.0026807 0)
(-0.000676734 -0.0187602 0)
(-0.00968106 0.00763214 0)
(-0.00494039 0.00310534 0)
(-0.00773237 0.00383331 0)
(-0.00601779 0.0029872 0)
(-0.00566374 0.0022975 0)
(-0.00501836 0.0017835 0)
(-0.00451552 0.00139297 0)
(-0.00409998 0.00108367 0)
(-0.00377979 0.000839572 0)
(-0.00353703 0.000648391 0)
(-0.00336987 0.000512033 0)
(-0.00322416 0.000398818 0)
(-0.00316995 0.000369729 0)
(-0.00298368 0.000273542 0)
(-0.00316003 0.000372827 0)
(-0.00216294 -9.6885e-05 0)
(-0.00374915 -0.00066822 0)
(0.000717047 -0.00432112 0)
(-0.00480552 -0.0110677 0)
(0.00736665 -0.0260424 0)
(0.0111736 0.0147242 0)
(0.0137707 0.00741737 0)
(0.0188689 0.00478383 0)
(0.0228116 0.00327209 0)
(0.0251595 0.00230267 0)
(0.0269213 0.0015856 0)
(0.0283085 0.00111954 0)
(0.0293616 0.00081585 0)
(0.0301487 0.000608257 0)
(0.0307908 0.00045262 0)
(0.0311899 0.000361887 0)
(0.0317527 0.000239299 0)
(0.0315638 0.000270127 0)
(0.0328092 4.22928e-05 0)
(0.0309152 0.000150181 0)
(0.0344873 -7.6623e-05 0)
(0.0286147 -0.000652634 0)
(0.0345124 -0.000770061 0)
(0.0206456 -0.00366826 0)
(0.0226802 -0.00958541 0)
)
;

boundaryField
{
    movingWall
    {
        type            fixedValue;
        value           uniform (1 0 0);
    }
    fixedWalls
    {
        type            noSlip;
    }
    frontAndBack
    {
        type            empty;
    }
}


// ************************************************************************* //
