/*--------------------------------*- C++ -*----------------------------------*\
| =========                 |                                                 |
| \\      /  F ield         | OpenFOAM: The Open Source CFD Toolbox           |
|  \\    /   O peration     | Version:  5.x                                   |
|   \\  /    A nd           | Web:      www.OpenFOAM.org                      |
|    \\/     M anipulation  |                                                 |
\*---------------------------------------------------------------------------*/
FoamFile
{
    version     2.0;
    format      ascii;
    class       volScalarField;
    location    "1.3";
    object      p;
}
// * * * * * * * * * * * * * * * * * * * * * * * * * * * * * * * * * * * * * //

dimensions      [0 2 -2 0 0 0 0];

internalField   nonuniform List<scalar> 
400
(
7.42505e-11
2.66555e-07
8.13824e-07
1.63541e-06
2.72334e-06
4.06535e-06
5.64446e-06
7.43798e-06
9.41687e-06
1.15451e-05
1.37792e-05
1.60691e-05
1.8355e-05
2.05725e-05
2.26528e-05
2.45254e-05
2.61213e-05
2.73774e-05
2.82413e-05
2.86717e-05
-2.80198e-07
-1.11673e-08
5.41766e-07
1.37249e-06
2.4736e-06
3.83348e-06
5.43575e-06
7.2583e-06
9.27245e-06
1.14423e-05
1.37244e-05
1.60692e-05
1.84147e-05
2.06949e-05
2.28388e-05
2.4773e-05
2.64251e-05
2.77278e-05
2.86252e-05
2.90727e-05
-8.66819e-07
-5.92436e-07
-2.76464e-08
8.22225e-07
1.95093e-06
3.34815e-06
4.9988e-06
6.88189e-06
8.96961e-06
1.12264e-05
1.36088e-05
1.60671e-05
1.85366e-05
2.09479e-05
2.32255e-05
2.52896e-05
2.70604e-05
2.84623e-05
2.94312e-05
2.99153e-05
-1.76348e-06
-1.48146e-06
-8.9962e-07
-2.19614e-08
1.14717e-06
2.59957e-06
4.32225e-06
6.29609e-06
8.49467e-06
1.08831e-05
1.34174e-05
1.60501e-05
1.87108e-05
2.13254e-05
2.38118e-05
2.60806e-05
2.80399e-05
2.96005e-05
3.06845e-05
3.12279e-05
-2.982e-06
-2.69085e-06
-2.08818e-06
-1.17597e-06
4.43112e-08
1.56761e-06
3.38408e-06
5.47746e-06
7.82362e-06
1.03888e-05
1.3126e-05
1.59985e-05
1.89215e-05
2.18186e-05
2.45983e-05
2.71582e-05
2.93889e-05
3.11807e-05
3.24344e-05
3.3066e-05
-4.53691e-06
-4.23632e-06
-3.61121e-06
-2.66055e-06
-1.38158e-06
2.25169e-07
2.15429e-06
4.39363e-06
6.92289e-06
9.7128e-06
1.27263e-05
1.5885e-05
1.91439e-05
2.2411e-05
2.55815e-05
2.85356e-05
3.11401e-05
3.32557e-05
3.47508e-05
3.55097e-05
-6.44512e-06
-6.13657e-06
-5.49064e-06
-4.50176e-06
-3.16109e-06
-1.46285e-06
5.93585e-07
3.00141e-06
5.74478e-06
8.79725e-06
1.21197e-05
1.56545e-05
1.9337e-05
2.30743e-05
2.675e-05
3.0224e-05
3.33325e-05
3.58948e-05
3.77304e-05
3.86732e-05
-8.72471e-06
-8.41234e-06
-7.75195e-06
-6.73101e-06
-5.33191e-06
-3.54016e-06
-1.34719e-06
1.24705e-06
4.23248e-06
7.58745e-06
1.1277e-05
1.52516e-05
1.94453e-05
2.37628e-05
2.80774e-05
3.22262e-05
3.6008e-05
3.91851e-05
4.15035e-05
4.27175e-05
-1.1393e-05
-1.10851e-05
-1.04237e-05
-9.38528e-06
-7.93963e-06
-6.06026e-06
-3.72844e-06
-9.35743e-07
2.31472e-06
6.00778e-06
1.01153e-05
1.45948e-05
1.93887e-05
2.44043e-05
2.95112e-05
3.45258e-05
3.92027e-05
4.32303e-05
4.62425e-05
4.78731e-05
-1.44639e-05
-1.41753e-05
-1.35369e-05
-1.25079e-05
-1.10391e-05
-9.08803e-06
-6.62334e-06
-3.62726e-06
-9.54539e-08
3.96407e-06
8.53169e-06
1.35755e-05
1.90545e-05
2.48887e-05
3.09565e-05
3.70669e-05
4.29301e-05
4.81443e-05
5.21697e-05
5.44773e-05
-1.79419e-05
-1.76992e-05
-1.71252e-05
-1.615e-05
-1.4697e-05
-1.27022e-05
-1.01198e-05
-6.92279e-06
-3.1006e-06
1.34483e-06
6.40276e-06
1.20556e-05
1.82908e-05
2.50538e-05
3.22539e-05
3.97212e-05
4.7146e-05
5.40302e-05
5.95579e-05
6.304e-05
-2.18203e-05
-2.16681e-05
-2.12265e-05
-2.03747e-05
-1.89964e-05
-1.69995e-05
-1.4323e-05
-1.09332e-05
-6.81741e-06
-1.97577e-06
3.5867e-06
9.86738e-06
1.69004e-05
2.46694e-05
3.31499e-05
4.22427e-05
5.16788e-05
6.09285e-05
6.87044e-05
7.43547e-05
-2.60178e-05
-2.60736e-05
-2.58828e-05
-2.52641e-05
-2.4045e-05
-2.21011e-05
-1.93589e-05
-1.57846e-05
-1.13728e-05
-6.13051e-06
-6.67543e-08
6.8074e-06
1.46425e-05
2.34253e-05
3.32593e-05
4.41972e-05
5.6123e-05
6.8685e-05
7.98216e-05
8.96694e-05
-3.0586e-05
-3.09398e-05
-3.11812e-05
-3.09362e-05
-2.99896e-05
-2.81628e-05
-2.53781e-05
-2.16166e-05
-1.68964e-05
-1.12445e-05
-4.67321e-06
2.85629e-06
1.12854e-05
2.09415e-05
3.20352e-05
4.48572e-05
5.96222e-05
7.66521e-05
9.2593e-05
0.000110891
-3.41936e-05
-3.62716e-05
-3.71584e-05
-3.75904e-05
-3.70514e-05
-3.53961e-05
-3.25639e-05
-2.85793e-05
-2.35123e-05
-1.74364e-05
-1.04094e-05
-2.47977e-06
6.32388e-06
1.66214e-05
2.85657e-05
4.28631e-05
6.0314e-05
8.35795e-05
0.000105063
0.000140532
-4.01305e-05
-4.11929e-05
-4.41417e-05
-4.51893e-05
-4.53939e-05
-4.40115e-05
-4.11135e-05
-3.68176e-05
-3.13087e-05
-2.47341e-05
-1.71689e-05
-8.53334e-06
1.36789e-06
1.28971e-05
2.57964e-05
4.1576e-05
6.12983e-05
8.98836e-05
0.000115133
0.000176792
-4.01047e-05
-5.55865e-05
-5.29734e-05
-5.72687e-05
-5.69851e-05
-5.5205e-05
-5.16406e-05
-4.66502e-05
-4.04708e-05
-3.33339e-05
-2.55164e-05
-1.7241e-05
-8.8314e-06
-6.22632e-07
7.4879e-06
1.97546e-05
3.12128e-05
7.31375e-05
8.36268e-05
0.000205973
-4.43367e-05
-4.26103e-05
-5.67175e-05
-5.85397e-05
-6.31697e-05
-6.33685e-05
-6.10854e-05
-5.63707e-05
-4.98433e-05
-4.20036e-05
-3.33733e-05
-2.39816e-05
-1.4472e-05
-4.02428e-06
6.81239e-06
1.86253e-05
2.81963e-05
7.03583e-05
5.82408e-05
0.000218067
-2.60155e-05
-9.71235e-05
-8.17529e-05
-9.93421e-05
-9.47679e-05
-9.10406e-05
-8.34798e-05
-7.4531e-05
-6.49007e-05
-5.47757e-05
-4.51633e-05
-3.53054e-05
-2.82941e-05
-2.12168e-05
-2.21625e-05
-1.74744e-05
-5.34741e-05
2.58488e-06
-5.82431e-05
0.000214758
-0.000111843
-6.17659e-05
-6.64849e-05
-8.53071e-05
-9.12031e-05
-8.97218e-05
-8.52402e-05
-7.82765e-05
-6.95404e-05
-5.90334e-05
-4.9644e-05
-3.75888e-05
-3.1844e-05
-1.99825e-05
-2.35605e-05
-1.51433e-05
-9.19174e-06
7.61435e-05
0.000295
0.000782455
)
;

boundaryField
{
    movingWall
    {
        type            zeroGradient;
    }
    fixedWalls
    {
        type            zeroGradient;
    }
    frontAndBack
    {
        type            empty;
    }
}


// ************************************************************************* //
