/*--------------------------------*- C++ -*----------------------------------*\
| =========                 |                                                 |
| \\      /  F ield         | OpenFOAM: The Open Source CFD Toolbox           |
|  \\    /   O peration     | Version:  5.x                                   |
|   \\  /    A nd           | Web:      www.OpenFOAM.org                      |
|    \\/     M anipulation  |                                                 |
\*---------------------------------------------------------------------------*/
FoamFile
{
    version     2.0;
    format      ascii;
    class       surfaceScalarField;
    location    "1.3";
    object      phi;
}
// * * * * * * * * * * * * * * * * * * * * * * * * * * * * * * * * * * * * * //

dimensions      [0 3 -1 0 0 0 0];

internalField   nonuniform List<scalar> 
760
(
-4.72907e-09
4.72906e-09
-9.45255e-09
4.72348e-09
-1.3968e-08
4.5155e-09
-1.81755e-08
4.20744e-09
-2.19811e-08
3.80564e-09
-2.52987e-08
3.31754e-09
-2.80503e-08
2.75164e-09
-3.01676e-08
2.1173e-09
-3.15923e-08
1.42473e-09
-3.22776e-08
6.85225e-10
-3.2188e-08
-8.95285e-11
-3.13017e-08
-8.86314e-10
-2.96165e-08
-1.68517e-09
-2.71487e-08
-2.46781e-09
-2.39371e-08
-3.21162e-09
-2.00458e-08
-3.89134e-09
-1.55658e-08
-4.47994e-09
-1.06153e-08
-4.9505e-09
-5.33748e-09
-5.27785e-09
-5.33748e-09
-4.93253e-09
9.6616e-09
-9.85823e-09
9.64919e-09
-1.45669e-08
9.22417e-09
-1.89544e-08
8.59494e-09
-2.29235e-08
7.77474e-09
-2.6385e-08
6.77903e-09
-2.92586e-08
5.62526e-09
-3.14738e-08
4.33246e-09
-3.29702e-08
2.9212e-09
-3.36992e-08
1.41414e-09
-3.3625e-08
-1.63663e-10
-3.27188e-08
-1.79257e-09
-3.0979e-08
-3.42493e-09
-2.84196e-08
-5.02723e-09
-2.50777e-08
-6.5535e-09
-2.10174e-08
-7.95163e-09
-1.63319e-08
-9.1654e-09
-1.11443e-08
-1.01381e-08
-5.606e-09
-1.08162e-08
-1.09435e-08
-5.14487e-09
1.48065e-08
-1.02831e-08
1.47874e-08
-1.51953e-08
1.41364e-08
-1.97739e-08
1.31735e-08
-2.39188e-08
1.19197e-08
-2.75388e-08
1.03989e-08
-3.05517e-08
8.63821e-09
-3.28855e-08
6.66627e-09
-3.44781e-08
4.51375e-09
-3.5278e-08
2.21404e-09
-3.52463e-08
-1.95372e-10
-3.4348e-08
-2.69088e-09
-3.25761e-08
-5.19675e-09
-2.99387e-08
-7.66471e-09
-2.64671e-08
-1.00251e-08
-2.22216e-08
-1.21971e-08
-1.72956e-08
-1.40915e-08
-1.18172e-08
-1.56165e-08
-5.94953e-09
-1.66838e-08
-1.6893e-08
-5.46854e-09
2.0275e-08
-1.09303e-08
2.02492e-08
-1.61521e-08
1.93582e-08
-2.10208e-08
1.80422e-08
-2.54323e-08
1.63312e-08
-2.92923e-08
1.4259e-08
-3.25167e-08
1.18627e-08
-3.50315e-08
9.18103e-09
-3.67719e-08
6.2542e-09
-3.7683e-08
3.12513e-09
-3.77229e-08
-1.55526e-10
-3.68437e-08
-3.5701e-09
-3.50313e-08
-7.00909e-09
-3.22835e-08
-1.04125e-08
-2.86213e-08
-1.36873e-08
-2.40974e-08
-1.67209e-08
-1.88032e-08
-1.93857e-08
-1.28738e-08
-2.15459e-08
-6.49048e-09
-2.30671e-08
-2.33835e-08
-5.91147e-09
2.61865e-08
-1.18154e-08
2.61531e-08
-1.7459e-08
2.50018e-08
-2.27217e-08
2.3305e-08
-2.74942e-08
2.11036e-08
-3.16787e-08
1.84435e-08
-3.51893e-08
1.53732e-08
-3.79501e-08
1.19418e-08
-3.98941e-08
8.19819e-09
-4.09618e-08
4.19284e-09
-4.11091e-08
-8.22783e-12
-4.02691e-08
-4.41006e-09
-3.84179e-08
-8.86035e-09
-3.55367e-08
-1.32937e-08
-3.16295e-08
-1.75945e-08
-2.67345e-08
-2.16159e-08
-2.09366e-08
-2.51837e-08
-1.43775e-08
-2.8105e-08
-7.26358e-09
-3.01811e-08
-3.06471e-08
-6.48374e-09
3.26702e-08
-1.29576e-08
3.26269e-08
-1.91428e-08
3.11869e-08
-2.4909e-08
2.90712e-08
-3.01404e-08
2.63351e-08
-3.47364e-08
2.30394e-08
-3.86096e-08
1.92465e-08
-4.16843e-08
1.50164e-08
-4.38922e-08
1.04061e-08
-4.51706e-08
5.47126e-09
-4.54672e-08
2.88293e-10
-4.47024e-08
-5.17483e-09
-4.28306e-08
-1.07322e-08
-3.98095e-08
-1.63148e-08
-3.56159e-08
-2.17881e-08
-3.02625e-08
-2.69693e-08
-2.38174e-08
-3.16287e-08
-1.64252e-08
-3.54972e-08
-8.32327e-09
-3.8283e-08
-3.89703e-08
-7.19944e-09
3.98697e-08
-1.43838e-08
3.98114e-08
-2.12401e-08
3.80432e-08
-2.76258e-08
3.54568e-08
-3.34179e-08
3.21272e-08
-3.85135e-08
2.81351e-08
-4.28269e-08
2.35599e-08
-4.62848e-08
1.84743e-08
-4.88212e-08
1.29425e-08
-5.03726e-08
7.02264e-09
-5.08725e-08
7.88234e-10
-5.02386e-08
-5.80871e-09
-4.83893e-08
-1.25815e-08
-4.52482e-08
-1.94559e-08
-4.07507e-08
-2.62855e-08
-3.48653e-08
-3.28548e-08
-2.7625e-08
-3.8869e-08
-1.91642e-08
-4.39581e-08
-9.75548e-09
-4.76917e-08
-4.87258e-08
-8.07822e-09
4.79479e-08
-1.61307e-08
4.78639e-08
-2.38003e-08
4.57128e-08
-3.09289e-08
4.25854e-08
-3.73862e-08
3.85845e-08
-4.30695e-08
3.38184e-08
-4.78984e-08
2.83888e-08
-5.18076e-08
2.23834e-08
-5.47381e-08
1.58731e-08
-5.66295e-08
8.91402e-09
-5.74106e-08
1.56932e-09
-5.69859e-08
-6.23338e-09
-5.52367e-08
-1.43307e-08
-5.20373e-08
-2.26553e-08
-4.72599e-08
-3.10629e-08
-4.08001e-08
-3.93146e-08
-3.2622e-08
-4.70471e-08
-2.282e-08
-5.376e-08
-1.16989e-08
-5.88127e-08
-6.04247e-08
-9.1477e-09
5.70956e-08
-1.82487e-08
5.69649e-08
-2.68899e-08
5.4354e-08
-3.48931e-08
5.05886e-08
-4.21214e-08
4.58127e-08
-4.8476e-08
4.01731e-08
-5.3889e-08
3.38018e-08
-5.83112e-08
2.68056e-08
-6.16996e-08
1.92615e-08
-6.40048e-08
1.12192e-08
-6.51579e-08
2.72242e-09
-6.50538e-08
-6.33749e-09
-6.35312e-08
-1.58533e-08
-6.03997e-08
-2.57867e-08
-5.54369e-08
-3.60257e-08
-4.84224e-08
-4.63291e-08
-3.91939e-08
-5.62757e-08
-2.77425e-08
-6.52114e-08
-1.43865e-08
-7.21688e-08
-7.48112e-08
-1.04475e-08
6.75431e-08
-2.0808e-08
6.73254e-08
-3.05999e-08
6.41458e-08
-3.96182e-08
5.96069e-08
-4.77208e-08
5.39153e-08
-5.482e-08
4.72723e-08
-6.08707e-08
3.98525e-08
-6.58528e-08
3.17877e-08
-6.97528e-08
2.31615e-08
-7.25452e-08
1.40117e-08
-7.41746e-08
4.35182e-09
-7.45387e-08
-5.97345e-09
-7.34322e-08
-1.69598e-08
-7.05881e-08
-2.86309e-08
-6.56526e-08
-4.09611e-08
-5.82209e-08
-5.37609e-08
-4.79121e-08
-6.65844e-08
-3.4487e-08
-7.86365e-08
-1.82275e-08
-8.84282e-08
-9.30388e-08
-1.20341e-08
7.95772e-08
-2.39065e-08
7.91978e-08
-3.50564e-08
7.52957e-08
-4.52391e-08
6.97895e-08
-5.43116e-08
6.29879e-08
-6.22082e-08
5.51688e-08
-6.89228e-08
4.65671e-08
-7.44833e-08
3.73482e-08
-7.89249e-08
2.76031e-08
-8.22659e-08
1.73527e-08
-8.44837e-08
6.5696e-09
-8.54991e-08
-4.958e-09
-8.5074e-08
-1.73849e-08
-8.28632e-08
-3.08417e-08
-7.83503e-08
-4.54741e-08
-7.08568e-08
-6.12544e-08
-5.96277e-08
-7.78135e-08
-4.39532e-08
-9.4311e-08
-2.39763e-08
-1.08405e-07
-1.17015e-07
-1.40019e-08
9.35791e-08
-2.76867e-08
9.28826e-08
-4.04397e-08
8.80487e-08
-5.19431e-08
8.1293e-08
-6.20644e-08
7.31092e-08
-7.07754e-08
6.38799e-08
-7.81339e-08
5.39256e-08
-8.42418e-08
4.3456e-08
-8.92117e-08
3.2573e-08
-9.31321e-08
2.12731e-08
-9.60402e-08
9.47775e-09
-9.79166e-08
-3.08169e-09
-9.85186e-08
-1.67829e-08
-9.74464e-08
-3.19138e-08
-9.40133e-08
-4.89073e-08
-8.71869e-08
-6.80807e-08
-7.56089e-08
-8.93915e-08
-5.76272e-08
-1.12293e-07
-3.30848e-08
-1.32948e-07
-1.501e-07
-1.63833e-08
1.09962e-07
-3.23153e-08
1.08815e-07
-4.69995e-08
1.02733e-07
-5.99937e-08
9.42872e-08
-7.12137e-08
8.43292e-08
-8.06978e-08
7.3364e-08
-8.86038e-08
6.18316e-08
-9.51488e-08
5.00011e-08
-1.00561e-07
3.79853e-08
-1.05033e-07
2.5745e-08
-1.08692e-07
1.31371e-08
-1.11644e-07
-1.30088e-10
-1.13682e-07
-1.47447e-08
-1.1443e-07
-3.11662e-08
-1.13079e-07
-5.02577e-08
-1.08225e-07
-7.29353e-08
-9.76914e-08
-9.99248e-08
-7.79636e-08
-1.32021e-07
-4.84717e-08
-1.62439e-07
-1.98572e-07
-1.98492e-08
1.29812e-07
-3.82443e-08
1.2721e-07
-5.51872e-08
1.19676e-07
-6.9788e-08
1.08888e-07
-8.20906e-08
9.66317e-08
-9.22041e-08
8.34776e-08
-1.00448e-07
7.00751e-08
-1.07204e-07
5.67579e-08
-1.12863e-07
4.36434e-08
-1.17769e-07
3.06509e-08
-1.22187e-07
1.75557e-08
-1.26281e-07
3.96388e-09
-1.30213e-07
-1.08132e-08
-1.33612e-07
-2.77669e-08
-1.35741e-07
-4.8129e-08
-1.34955e-07
-7.37212e-08
-1.28348e-07
-1.06531e-07
-1.0864e-07
-1.51729e-07
-7.62598e-08
-1.9482e-07
-2.74831e-07
-2.096e-08
1.50772e-07
-4.49546e-08
1.51204e-07
-6.52791e-08
1.4e-07
-8.18469e-08
1.25456e-07
-9.51531e-08
1.09938e-07
-1.05599e-07
9.39232e-08
-1.13803e-07
7.82796e-08
-1.20383e-07
6.33381e-08
-1.25929e-07
4.91891e-08
-1.30968e-07
3.56897e-08
-1.35903e-07
2.24909e-08
-1.412e-07
9.26029e-09
-1.47376e-07
-4.63697e-09
-1.54189e-07
-2.09533e-08
-1.61557e-07
-4.07616e-08
-1.67803e-07
-6.74748e-08
-1.71101e-07
-1.03234e-07
-1.5576e-07
-1.6707e-07
-1.28774e-07
-2.21805e-07
-4.03606e-07
-3.64576e-08
1.87229e-07
-5.74692e-08
1.72216e-07
-7.94115e-08
1.61943e-07
-9.70497e-08
1.43094e-07
-1.10935e-07
1.23823e-07
-1.21219e-07
1.04208e-07
-1.28801e-07
8.58617e-08
-1.34621e-07
6.91575e-08
-1.39541e-07
5.41098e-08
-1.44353e-07
4.05017e-08
-1.49897e-07
2.80349e-08
-1.56697e-07
1.60603e-08
-1.64796e-07
3.46155e-09
-1.75884e-07
-9.86504e-09
-1.90728e-07
-2.59176e-08
-2.07287e-07
-5.09159e-08
-2.26153e-07
-8.43674e-08
-2.26863e-07
-1.6636e-07
-2.18513e-07
-2.30155e-07
-6.22118e-07
-1.7648e-08
2.04877e-07
-6.86279e-08
2.23196e-07
-9.68826e-08
1.90197e-07
-1.17929e-07
1.64141e-07
-1.31583e-07
1.37477e-07
-1.40236e-07
1.12861e-07
-1.45848e-07
9.14732e-08
-1.49853e-07
7.31624e-08
-1.53221e-07
5.74778e-08
-1.56601e-07
4.38821e-08
-1.60616e-07
3.20496e-08
-1.65802e-07
2.12463e-08
-1.74535e-07
1.2195e-08
-1.87615e-07
3.21531e-09
-2.10022e-07
-3.51123e-09
-2.39009e-07
-2.19287e-08
-2.96482e-07
-2.68942e-08
-3.19517e-07
-1.43326e-07
-3.27733e-07
-2.21939e-07
-9.49852e-07
-2.54379e-08
2.30315e-07
-6.01853e-08
2.57943e-07
-9.28434e-08
2.22856e-07
-1.25929e-07
1.97227e-07
-1.44045e-07
1.55592e-07
-1.55045e-07
1.23862e-07
-1.61056e-07
9.74834e-08
-1.64356e-07
7.64623e-08
-1.66713e-07
5.98353e-08
-1.69445e-07
4.66139e-08
-1.74357e-07
3.69613e-08
-1.82086e-07
2.89753e-08
-1.96516e-07
2.66251e-08
-2.16303e-07
2.3003e-08
-2.53269e-07
3.34547e-08
-2.95235e-07
2.00372e-08
-3.49576e-07
2.7446e-08
-3.61796e-07
-1.31106e-07
-2.38503e-07
-3.45231e-07
-1.18835e-06
-3.63681e-07
5.93996e-07
-3.65018e-07
2.59281e-07
-3.63629e-07
2.21466e-07
-3.28029e-07
1.61627e-07
-2.96319e-07
1.23882e-07
-2.65466e-07
9.3009e-08
-2.39181e-07
7.11985e-08
-2.18079e-07
5.53597e-08
-2.01817e-07
4.35732e-08
-1.88866e-07
3.36631e-08
-1.79834e-07
2.7929e-08
-1.70253e-07
1.93949e-08
-1.64873e-07
2.12454e-08
-1.53058e-07
1.11878e-08
-1.37163e-07
1.75594e-08
-1.23981e-07
6.85531e-09
-5.55099e-08
-4.10252e-08
-4.34074e-08
-1.43208e-07
1.03095e-07
-4.91733e-07
-1.08526e-06
5.93996e-07
8.53277e-07
1.07474e-06
1.23637e-06
1.36025e-06
1.45326e-06
1.52446e-06
1.57982e-06
1.62339e-06
1.65705e-06
1.68498e-06
1.70438e-06
1.72562e-06
1.73681e-06
1.75437e-06
1.76123e-06
1.7202e-06
1.57699e-06
1.08526e-06
)
;

boundaryField
{
    movingWall
    {
        type            calculated;
        value           uniform 0;
    }
    fixedWalls
    {
        type            calculated;
        value           uniform 0;
    }
    frontAndBack
    {
        type            empty;
        value           nonuniform 0();
    }
}


// ************************************************************************* //
