/*--------------------------------*- C++ -*----------------------------------*\
| =========                 |                                                 |
| \\      /  F ield         | OpenFOAM: The Open Source CFD Toolbox           |
|  \\    /   O peration     | Version:  5.x                                   |
|   \\  /    A nd           | Web:      www.OpenFOAM.org                      |
|    \\/     M anipulation  |                                                 |
\*---------------------------------------------------------------------------*/
FoamFile
{
    version     2.0;
    format      ascii;
    class       volVectorField;
    location    "1.3";
    object      U;
}
// * * * * * * * * * * * * * * * * * * * * * * * * * * * * * * * * * * * * * //

dimensions      [0 1 -1 0 0 0 0];

internalField   nonuniform List<vector> 
400
(
(-4.73304e-05 4.70161e-05 0)
(-0.00014211 4.69615e-05 0)
(-0.000234815 4.48966e-05 0)
(-0.000322249 4.18372e-05 0)
(-0.000402572 3.78452e-05 0)
(-0.000473968 3.29938e-05 0)
(-0.000534798 2.73668e-05 0)
(-0.000583599 2.10572e-05 0)
(-0.000619104 1.41667e-05 0)
(-0.000640263 6.80756e-06 0)
(-0.000646253 -8.94291e-07 0)
(-0.000636497 -8.81797e-06 0)
(-0.000610753 -1.67637e-05 0)
(-0.000569155 -2.45424e-05 0)
(-0.000512251 -3.19302e-05 0)
(-0.000441064 -3.86763e-05 0)
(-0.000357144 -4.45137e-05 0)
(-0.000262599 -4.91771e-05 0)
(-0.000159902 -5.24194e-05 0)
(-5.34166e-05 -5.30075e-05 0)
(-4.93686e-05 0.000143426 0)
(-0.000148221 0.000143246 0)
(-0.000244899 0.000136944 0)
(-0.000336077 0.000127609 0)
(-0.000419844 0.000115435 0)
(-0.000494321 0.000100647 0)
(-0.000557815 8.35037e-05 0)
(-0.000608817 6.42865e-05 0)
(-0.000646022 4.33024e-05 0)
(-0.000668338 2.08866e-05 0)
(-0.000674924 -2.58708e-06 0)
(-0.000665127 -2.67153e-05 0)
(-0.000638639 -5.09555e-05 0)
(-0.000595584 -7.47198e-05 0)
(-0.000536461 -9.73248e-05 0)
(-0.000462279 -0.000118001 0)
(-0.000374604 -0.000135923 0)
(-0.000275617 -0.000150265 0)
(-0.000167912 -0.000160249 0)
(-5.61076e-05 -0.000162101 0)
(-5.14955e-05 0.000244135 0)
(-0.000154611 0.00024382 0)
(-0.000255467 0.000233095 0)
(-0.000350598 0.000217222 0)
(-0.000438039 0.000196537 0)
(-0.000515861 0.00017143 0)
(-0.000582332 0.000142343 0)
(-0.000635915 0.000109751 0)
(-0.000675267 7.4163e-05 0)
(-0.000699258 3.61324e-05 0)
(-0.000706986 -3.72858e-06 0)
(-0.000697703 -4.47478e-05 0)
(-0.000670987 -8.60561e-05 0)
(-0.000626844 -0.000126663 0)
(-0.000565655 -0.00016541 0)
(-0.000488331 -0.000200975 0)
(-0.000396395 -0.000231915 0)
(-0.00029208 -0.00025676 0)
(-0.00017813 -0.000274108 0)
(-5.95516e-05 -0.000277444 0)
(-5.47383e-05 0.00035001 0)
(-0.00016435 0.000349563 0)
(-0.000271563 0.000334199 0)
(-0.000372702 0.000311485 0)
(-0.000465716 0.00028192 0)
(-0.000548605 0.000246077 0)
(-0.000619591 0.000204591 0)
(-0.000677096 0.000158133 0)
(-0.000719737 0.000107408 0)
(-0.000746323 5.31683e-05 0)
(-0.00075589 -3.7559e-06 0)
(-0.000747532 -6.24938e-05 0)
(-0.000720621 -0.000121835 0)
(-0.000674994 -0.000180413 0)
(-0.00061082 -0.000236588 0)
(-0.00052882 -0.000288437 0)
(-0.000430416 -0.000333805 0)
(-0.000317888 -0.000370443 0)
(-0.000194199 -0.000396155 0)
(-6.49774e-05 -0.000401357 0)
(-5.91774e-05 0.000463544 0)
(-0.000177675 0.000462958 0)
(-0.000293566 0.000442618 0)
(-0.000402879 0.000412598 0)
(-0.000503449 0.000373591 0)
(-0.000593192 0.000326387 0)
(-0.000670278 0.000271831 0)
(-0.000733099 0.000210798 0)
(-0.000780234 0.000144175 0)
(-0.000810424 7.28783e-05 0)
(-0.000822649 -2.09587e-06 0)
(-0.000815784 -7.96705e-05 0)
(-0.000788908 -0.000158418 0)
(-0.000741599 -0.000236618 0)
(-0.000673681 -0.000312141 0)
(-0.00058555 -0.000382403 0)
(-0.000478406 -0.000444406 0)
(-0.00035452 -0.000494897 0)
(-0.00021712 -0.000530601 0)
(-7.27381e-05 -0.000538328 0)
(-6.49155e-05 0.000587195 0)
(-0.000194889 0.000586446 0)
(-0.000321949 0.000560652 0)
(-0.000441729 0.000522679 0)
(-0.000551928 0.000473466 0)
(-0.000650367 0.000414065 0)
(-0.000735181 0.000345572 0)
(-0.000804754 0.000269072 0)
(-0.000857659 0.000185619 0)
(-0.000892595 9.62506e-05 0)
(-0.00090844 2.04223e-06 0)
(-0.000903856 -9.57306e-05 0)
(-0.000877571 -0.000195606 0)
(-0.00082872 -0.000295571 0)
(-0.000756608 -0.000393023 0)
(-0.000661089 -0.000484666 0)
(-0.000542917 -0.000566481 0)
(-0.00040421 -0.000633897 0)
(-0.000248446 -0.000682096 0)
(-8.33909e-05 -0.000693452 0)
(-7.20977e-05 0.000723677 0)
(-0.000216411 0.0007227 0)
(-0.000357361 0.000690792 0)
(-0.000490066 0.000643985 0)
(-0.000612065 0.000583549 0)
(-0.000721089 0.000510876 0)
(-0.000815275 0.000427365 0)
(-0.000893055 0.000334338 0)
(-0.000953059 0.000232998 0)
(-0.000994004 0.000124452 0)
(-0.00101463 9.77579e-06 0)
(-0.00101344 -0.000109781 0)
(-0.000988752 -0.000232801 0)
(-0.000939019 -0.000357144 0)
(-0.00086278 -0.000479837 0)
(-0.000759014 -0.000596848 0)
(-0.000627647 -0.000702948 0)
(-0.000470309 -0.000791806 0)
(-0.000290585 -0.000856338 0)
(-9.78248e-05 -0.000873213 0)
(-8.09278e-05 0.000876031 0)
(-0.000242827 0.000874686 0)
(-0.000400691 0.000835751 0)
(-0.000548975 0.000778917 0)
(-0.000685041 0.000705915 0)
(-0.000806555 0.000618598 0)
(-0.000911725 0.000518755 0)
(-0.000999127 0.000407984 0)
(-0.00106755 0.000287626 0)
(-0.00111582 0.000158783 0)
(-0.00114267 2.24135e-05 0)
(-0.00114644 -0.000120518 0)
(-0.00112494 -0.000268826 0)
(-0.00107576 -0.000420534 0)
(-0.000996319 -0.000572533 0)
(-0.000884208 -0.000720134 0)
(-0.000737889 -0.000856729 0)
(-0.000557836 -0.000973674 0)
(-0.000347334 -0.00106047 0)
(-0.000117503 -0.00108625 0)
(-9.16976e-05 0.00104776 0)
(-0.000274954 0.00104577 0)
(-0.000453151 0.000998531 0)
(-0.000619907 0.00093004 0)
(-0.000772391 0.000842687 0)
(-0.000908256 0.000738971 0)
(-0.0010259 0.000621206 0)
(-0.00112419 0.00049133 0)
(-0.00120227 0.000350814 0)
(-0.00125922 0.000200665 0)
(-0.00129394 4.15333e-05 0)
(-0.00130468 -0.000126095 0)
(-0.00128878 -0.000301703 0)
(-0.00124274 -0.000483905 0)
(-0.00116239 -0.000669936 0)
(-0.00104322 -0.000854783 0)
(-0.000881208 -0.00103041 0)
(-0.000674376 -0.00118528 0)
(-0.000424859 -0.00130364 0)
(-0.000144966 -0.00134473 0)
(-0.000104837 0.001243 0)
(-0.00031396 0.00123982 0)
(-0.000516424 0.0011825 0)
(-0.000704825 0.0011001 0)
(-0.00087612 0.00099599 0)
(-0.00102805 0.0008736 0)
(-0.00115938 0.000735971 0)
(-0.00126953 0.00058549 0)
(-0.00135823 0.000423761 0)
(-0.00142512 0.000251594 0)
(-0.00146944 6.91207e-05 0)
(-0.00148969 -0.000123983 0)
(-0.00148276 -0.000328371 0)
(-0.00144401 -0.00054392 0)
(-0.00136721 -0.000769036 0)
(-0.0012447 -0.000999241 0)
(-0.00106842 -0.00122548 0)
(-0.000831528 -0.00143296 0)
(-0.000533579 -0.0015976 0)
(-0.000184924 -0.00166685 0)
(-0.000120989 0.00146698 0)
(-0.00036152 0.0014615 0)
(-0.000592859 0.00139155 0)
(-0.000806428 0.00129203 0)
(-0.000998903 0.00116787 0)
(-0.00116829 0.00102379 0)
(-0.00131403 0.000863878 0)
(-0.00143642 0.000691131 0)
(-0.00153619 0.000507322 0)
(-0.00161388 0.000312945 0)
(-0.00166953 0.000107369 0)
(-0.0017022 -0.000110938 0)
(-0.00170874 -0.00034442 0)
(-0.00168343 -0.000595149 0)
(-0.00161774 -0.000864005 0)
(-0.00149969 -0.00114869 0)
(-0.00131496 -0.0014407 0)
(-0.00104718 -0.00172276 0)
(-0.000691856 -0.00195702 0)
(-0.000246726 -0.00208151 0)
(-0.000141316 0.00172484 0)
(-0.000420284 0.00171605 0)
(-0.000685829 0.00163014 0)
(-0.000928525 0.00150896 0)
(-0.00114438 0.00136014 0)
(-0.00133207 0.00119028 0)
(-0.00149207 0.00100497 0)
(-0.00162612 0.000808111 0)
(-0.00173644 0.000601663 0)
(-0.0018251 0.000385673 0)
(-0.00189335 0.000158478 0)
(-0.00194151 -8.30323e-05 0)
(-0.00196701 -0.000343878 0)
(-0.00196364 -0.000629418 0)
(-0.00192079 -0.000944874 0)
(-0.00182144 -0.00129286 0)
(-0.0016425 -0.00166895 0)
(-0.00134898 -0.00205815 0)
(-0.000933371 -0.00239858 0)
(-0.000350023 -0.00263749 0)
(-0.000166402 0.0020329 0)
(-0.000492672 0.00201206 0)
(-0.0007998 0.00190459 0)
(-0.00107646 0.00175429 0)
(-0.00131761 0.00157415 0)
(-0.0015235 0.00137279 0)
(-0.00169623 0.00115809 0)
(-0.00183977 0.000935023 0)
(-0.00195866 0.000705766 0)
(-0.00205711 0.000469794 0)
(-0.00213827 0.000224068 0)
(-0.00220459 -3.66275e-05 0)
(-0.00225517 -0.000319353 0)
(-0.00228448 -0.000635238 0)
(-0.00228125 -0.000995872 0)
(-0.00222385 -0.00141271 0)
(-0.00208006 -0.00189164 0)
(-0.00177908 -0.00243391 0)
(-0.00132186 -0.00293485 0)
(-0.000538335 -0.00342194 0)
(-0.000206237 0.0023435 0)
(-0.000592275 0.00235201 0)
(-0.00094323 0.00221869 0)
(-0.00125904 0.00203145 0)
(-0.00152591 0.00181043 0)
(-0.00174817 0.00156971 0)
(-0.00192988 0.00132039 0)
(-0.00207849 0.00106864 0)
(-0.00220172 0.000816823 0)
(-0.00230684 0.000563762 0)
(-0.00239983 0.000305072 0)
(-0.00248499 3.37271e-05 0)
(-0.0025657 -0.000260808 0)
(-0.00264026 -0.000596289 0)
(-0.0026984 -0.000991966 0)
(-0.00271743 -0.00147428 0)
(-0.00266276 -0.00206928 0)
(-0.002398 -0.0028319 0)
(-0.00197912 -0.00355596 0)
(-0.000913964 -0.00459852 0)
(-0.00020636 0.00293693 0)
(-0.000666497 0.00276068 0)
(-0.00112 0.00259687 0)
(-0.00148493 0.00233977 0)
(-0.00177941 0.00206628 0)
(-0.00201363 0.00177613 0)
(-0.00219737 0.00148597 0)
(-0.0023434 0.00120292 0)
(-0.00246359 0.000929358 0)
(-0.0025689 0.000663152 0)
(-0.00266834 0.000397969 0)
(-0.00277048 0.000121787 0)
(-0.00288519 -0.000180724 0)
(-0.00301563 -0.000523731 0)
(-0.00315916 -0.000942318 0)
(-0.00330144 -0.00148512 0)
(-0.00343362 -0.00219758 0)
(-0.00328249 -0.00322906 0)
(-0.0031181 -0.00420279 0)
(-0.00171091 -0.00645488 0)
(-0.00044309 0.00293398 0)
(-0.000996879 0.00339378 0)
(-0.00135731 0.00301215 0)
(-0.00179 0.00272794 0)
(-0.00208937 0.00236055 0)
(-0.00232873 0.00199663 0)
(-0.00250325 0.00165095 0)
(-0.00263523 0.00133123 0)
(-0.00274158 0.00103706 0)
(-0.00283834 0.000764675 0)
(-0.00294137 0.000509153 0)
(-0.00306401 0.000263488 0)
(-0.00321188 1.97568e-05 0)
(-0.00340328 -0.000249476 0)
(-0.00366252 -0.000579958 0)
(-0.00397896 -0.00105502 0)
(-0.00439907 -0.00169254 0)
(-0.00445102 -0.00321331 0)
(-0.0049876 -0.00429983 0)
(-0.00315203 -0.00959908 0)
(-8.23023e-05 0.0047666 0)
(-0.000734108 0.00316736 0)
(-0.00183472 0.00342308 0)
(-0.00215059 0.00283499 0)
(-0.00251504 0.00248837 0)
(-0.00272433 0.00210067 0)
(-0.00286297 0.00174061 0)
(-0.00295728 0.00140766 0)
(-0.00303006 0.00110669 0)
(-0.00309662 0.000834904 0)
(-0.00316917 0.000585867 0)
(-0.00325922 0.000344691 0)
(-0.00339642 9.6825e-05 0)
(-0.00361112 -0.000210886 0)
(-0.00395384 -0.000588885 0)
(-0.0043947 -0.00118682 0)
(-0.00550665 -0.00199382 0)
(-0.00580663 -0.00377589 0)
(-0.00785784 -0.00534431 0)
(-0.00407511 -0.0151306 0)
(0.000605873 0.00309658 0)
(-0.00151773 0.00639795 0)
(-0.00108351 0.00447427 0)
(-0.00245883 0.00411075 0)
(-0.00269 0.0032782 0)
(-0.00301569 0.00261537 0)
(-0.00316693 0.00205563 0)
(-0.00325637 0.00161008 0)
(-0.00330981 0.00125469 0)
(-0.00335855 0.000967187 0)
(-0.00343233 0.000740668 0)
(-0.00355425 0.000553247 0)
(-0.00376939 0.000443502 0)
(-0.00409469 0.000374785 0)
(-0.00465666 0.000511856 0)
(-0.00538846 0.000473144 0)
(-0.00680478 0.00116837 0)
(-0.00648373 -0.00147732 0)
(-0.0091949 -0.00286019 0)
(0.000893634 -0.0224112 0)
(-0.0105467 0.00688175 0)
(-0.0050495 0.00302618 0)
(-0.00864141 0.00393534 0)
(-0.00649351 0.0031938 0)
(-0.00630471 0.00253136 0)
(-0.00555655 0.00201257 0)
(-0.00501672 0.00160621 0)
(-0.00454934 0.00127749 0)
(-0.00418183 0.00101309 0)
(-0.00388868 0.00079969 0)
(-0.00368474 0.000655476 0)
(-0.00346981 0.000523538 0)
(-0.00339354 0.000527187 0)
(-0.00307294 0.000427837 0)
(-0.00325143 0.000641144 0)
(-0.0018823 0.000167575 0)
(-0.00364942 -0.000389523 0)
(0.00192775 -0.00450036 0)
(-0.0043098 -0.0128828 0)
(0.00951865 -0.0286989 0)
(0.0107515 0.0153934 0)
(0.0141271 0.00813945 0)
(0.019123 0.00538757 0)
(0.0235254 0.00371741 0)
(0.0262223 0.00271304 0)
(0.0282398 0.00192613 0)
(0.0298555 0.00138722 0)
(0.031121 0.00102675 0)
(0.0320624 0.000781673 0)
(0.0328905 0.000582368 0)
(0.033314 0.000486006 0)
(0.0342005 0.000297384 0)
(0.0336968 0.000371607 0)
(0.0357481 8.35222e-05 0)
(0.0329539 0.000154367 0)
(0.0378736 0.000174087 0)
(0.0310042 -0.000878427 0)
(0.0376601 -0.00044954 0)
(0.023474 -0.00400172 0)
(0.023864 -0.00986703 0)
)
;

boundaryField
{
    movingWall
    {
        type            fixedValue;
        value           uniform (1 0 0);
    }
    fixedWalls
    {
        type            noSlip;
    }
    frontAndBack
    {
        type            empty;
    }
}


// ************************************************************************* //
