/*--------------------------------*- C++ -*----------------------------------*\
| =========                 |                                                 |
| \\      /  F ield         | OpenFOAM: The Open Source CFD Toolbox           |
|  \\    /   O peration     | Version:  5.x                                   |
|   \\  /    A nd           | Web:      www.OpenFOAM.org                      |
|    \\/     M anipulation  |                                                 |
\*---------------------------------------------------------------------------*/
FoamFile
{
    version     2.0;
    format      ascii;
    class       volScalarField;
    location    "10.6";
    object      p;
}
// * * * * * * * * * * * * * * * * * * * * * * * * * * * * * * * * * * * * * //

dimensions      [0 2 -2 0 0 0 0];

internalField   nonuniform List<scalar> 
400
(
2.39066e-11
-0.000487029
-0.000823749
-0.00101807
-0.0011166
-0.0011822
-0.00120496
-0.00120339
-0.00120943
-0.00121094
-0.00121527
-0.00120081
-0.00118657
-0.00119342
-0.00118689
-0.00111929
-0.00102084
-0.000799485
-0.00055641
0.000300791
-0.000607343
-0.000863927
-0.00103621
-0.0011193
-0.0011526
-0.00119465
-0.00122372
-0.00121398
-0.00121052
-0.00122336
-0.00122661
-0.00119924
-0.00119528
-0.0011971
-0.00119281
-0.00114817
-0.00119542
-0.00113037
-0.00101651
-0.000406895
-0.000812403
-0.00102067
-0.00109592
-0.00113449
-0.00116575
-0.00119621
-0.00120916
-0.00120936
-0.00121725
-0.00120759
-0.00122124
-0.00119888
-0.00121268
-0.00119793
-0.00120641
-0.00117443
-0.00118532
-0.00115457
-0.00107382
-0.000822297
-0.000958634
-0.0010652
-0.00109424
-0.00113527
-0.00116744
-0.00119403
-0.00121072
-0.00121495
-0.00122092
-0.00121473
-0.00121828
-0.00120332
-0.00120266
-0.00118756
-0.00119738
-0.00117059
-0.00118846
-0.00118119
-0.00121179
-0.0010706
-0.00103313
-0.00107737
-0.00109192
-0.00113861
-0.00117381
-0.0012009
-0.00121747
-0.00121888
-0.00122688
-0.00121491
-0.00122407
-0.00120427
-0.00121789
-0.00119696
-0.00121546
-0.00119861
-0.00121544
-0.00120232
-0.00119773
-0.00112693
-0.00108005
-0.00109113
-0.00111529
-0.00116473
-0.00120473
-0.00122855
-0.0012416
-0.00123638
-0.00123877
-0.00122407
-0.0012235
-0.00120724
-0.00120677
-0.00119125
-0.00119569
-0.00117868
-0.00119654
-0.00116573
-0.00119019
-0.00116448
-0.00112949
-0.0011377
-0.0011762
-0.00123412
-0.00126387
-0.00127663
-0.0012758
-0.00126087
-0.00125536
-0.0012351
-0.00123398
-0.00121432
-0.00122095
-0.00120125
-0.00121755
-0.00119775
-0.00121893
-0.00119898
-0.00123318
-0.0011744
-0.00123711
-0.00126951
-0.00131038
-0.00136837
-0.00138678
-0.00136593
-0.00133465
-0.00129634
-0.00127434
-0.00124516
-0.00123328
-0.00121256
-0.00120929
-0.00119141
-0.00119774
-0.00117761
-0.00119574
-0.00116325
-0.00118113
-0.00117553
-0.00133555
-0.00139533
-0.00148752
-0.00156645
-0.00157795
-0.00151122
-0.00141785
-0.00134313
-0.00130097
-0.00126363
-0.00124564
-0.00122258
-0.00122163
-0.0011975
-0.00121303
-0.00118638
-0.00121338
-0.00118695
-0.00123008
-0.00117818
-0.00149029
-0.00160336
-0.0017695
-0.00188157
-0.00184627
-0.00171134
-0.00152559
-0.00137924
-0.00131291
-0.00125828
-0.00123793
-0.00120825
-0.00120532
-0.00118196
-0.00119605
-0.00117021
-0.00119299
-0.00115248
-0.00117761
-0.00116628
-0.00153037
-0.0016847
-0.00188979
-0.00203763
-0.00204656
-0.00189582
-0.00164222
-0.00142733
-0.00134301
-0.00127552
-0.00124702
-0.00121522
-0.00121816
-0.00118557
-0.00119862
-0.00116674
-0.00120838
-0.00116193
-0.00122024
-0.00115965
-0.00139081
-0.0016011
-0.00185997
-0.00208832
-0.00216268
-0.00196411
-0.00165278
-0.00142118
-0.00131883
-0.00124897
-0.00122628
-0.00119063
-0.00118688
-0.00116469
-0.0011803
-0.00114314
-0.00118879
-0.00113561
-0.00116447
-0.0011278
-0.00108578
-0.00138284
-0.0016952
-0.00194814
-0.00200598
-0.0018439
-0.00153662
-0.00129693
-0.00116819
-0.00121111
-0.00119214
-0.00119203
-0.0012009
-0.00118027
-0.00119956
-0.0011256
-0.00118785
-0.00113931
-0.00118099
-0.00112958
-0.000720084
-0.0010735
-0.00137261
-0.00154892
-0.00156901
-0.00146691
-0.00135441
-0.00128571
-0.00125976
-0.00122986
-0.00118424
-0.00117499
-0.00116319
-0.0011349
-0.00110765
-0.00111328
-0.0011678
-0.00108394
-0.00117246
-0.00113844
-0.000644652
-0.000996149
-0.00117123
-0.00125587
-0.00125234
-0.0012209
-0.00122341
-0.00121381
-0.00121792
-0.00117356
-0.0011781
-0.00122805
-0.001141
-0.00124394
-0.00114063
-0.00119616
-0.00123332
-0.00116903
-0.0012893
-0.0011699
-0.00101562
-0.00114758
-0.00116605
-0.00110236
-0.00108937
-0.00110111
-0.00114144
-0.00114718
-0.00115672
-0.00113249
-0.00112633
-0.00111943
-0.00111036
-0.00112369
-0.00110672
-0.00108035
-0.00111463
-0.00116349
-0.00115664
-0.00111583
-0.00101402
-0.00119463
-0.00117308
-0.0010666
-0.00102871
-0.00103502
-0.00107761
-0.00109229
-0.00113712
-0.00111361
-0.00115338
-0.00115862
-0.00113322
-0.00120049
-0.00112936
-0.00121605
-0.00134993
-0.00112614
-0.00125664
-0.00100935
-0.00100438
-0.00116785
-0.00107428
-0.00106035
-0.00105186
-0.00106844
-0.00109192
-0.00110809
-0.00112075
-0.00112108
-0.00113489
-0.00110098
-0.0011225
-0.00112965
-0.0011202
-0.00127215
-0.00119173
-0.000947533
-0.00100682
-0.000778379
-0.000962938
-0.00109886
-0.001083
-0.00106666
-0.0010312
-0.00102381
-0.00106102
-0.00107844
-0.00110821
-0.0011151
-0.00114038
-0.00111895
-0.0011788
-0.0011089
-0.00119201
-0.00119184
-0.00108607
-0.00129935
-0.00100083
-0.00056732
-0.0011141
-0.00106769
-0.000978256
-0.00105577
-0.00103933
-0.00105281
-0.0010678
-0.00108721
-0.00109902
-0.00110724
-0.00110739
-0.00110209
-0.00109529
-0.00108629
-0.00113023
-0.00115599
-0.0010916
-0.000851454
-0.000405666
0.000939591
)
;

boundaryField
{
    movingWall
    {
        type            zeroGradient;
    }
    fixedWalls
    {
        type            zeroGradient;
    }
    frontAndBack
    {
        type            empty;
    }
}


// ************************************************************************* //
