/*--------------------------------*- C++ -*----------------------------------*\
| =========                 |                                                 |
| \\      /  F ield         | OpenFOAM: The Open Source CFD Toolbox           |
|  \\    /   O peration     | Version:  5.x                                   |
|   \\  /    A nd           | Web:      www.OpenFOAM.org                      |
|    \\/     M anipulation  |                                                 |
\*---------------------------------------------------------------------------*/
FoamFile
{
    version     2.0;
    format      ascii;
    class       volVectorField;
    location    "10.6";
    object      U;
}
// * * * * * * * * * * * * * * * * * * * * * * * * * * * * * * * * * * * * * //

dimensions      [0 1 -1 0 0 0 0];

internalField   nonuniform List<vector> 
400
(
(-0.0141263 0.00218048 0)
(-0.0312443 0.00309707 0)
(-0.0389985 0.00163354 0)
(-0.0432465 -0.00173672 0)
(-0.0437548 -0.0010128 0)
(-0.0468083 -5.94585e-05 0)
(-0.0471838 -0.00151241 0)
(-0.0461679 -0.0020569 0)
(-0.0474873 -0.000755732 0)
(-0.0467137 -0.000830898 0)
(-0.0483548 -0.00161013 0)
(-0.0470872 -0.00231351 0)
(-0.0466641 0.000114603 0)
(-0.0486103 -0.000991718 0)
(-0.0485429 -0.00187878 0)
(-0.0454581 -0.000460943 0)
(-0.0479481 -0.00166845 0)
(-0.0399995 -0.00735682 0)
(-0.0391327 -0.00841649 0)
(-0.00337521 -0.0138747 0)
(-0.00883256 0.0349714 0)
(-0.0157404 0.0224617 0)
(-0.0159689 0.0101019 0)
(-0.0175258 0.0060168 0)
(-0.018922 0.00373714 0)
(-0.0191742 0.00265346 0)
(-0.0202662 0.00142186 0)
(-0.0198636 0.00168334 0)
(-0.0204655 0.00125165 0)
(-0.020524 0.00144624 0)
(-0.0201451 0.00179093 0)
(-0.01926 0.00078992 0)
(-0.0208473 0.00209665 0)
(-0.016734 6.70066e-05 0)
(-0.0210676 0.000892622 0)
(-0.014663 -0.00170645 0)
(-0.0239914 -0.00139542 0)
(-0.0155519 -0.0101101 0)
(-0.0303536 -0.0209545 0)
(-0.00218872 -0.03949 0)
(-0.00558227 0.0327356 0)
(-0.00551156 0.0169699 0)
(-0.00566036 0.00603425 0)
(-0.0062021 0.00263773 0)
(-0.00614868 0.000842062 0)
(-0.00684108 0.000653083 0)
(-0.00618478 -0.000340215 0)
(-0.00615142 -0.0010436 0)
(-0.00602989 -0.000741156 0)
(-0.00447717 -0.00158038 0)
(-0.00614427 -0.00154307 0)
(-0.00178577 -0.00244224 0)
(-0.00699618 -0.00162361 0)
(0.000730406 -0.0025743 0)
(-0.00795486 -0.00125863 0)
(0.00144205 -0.00104376 0)
(-0.00972345 0.00210671 0)
(0.00215351 -0.000621832 0)
(-0.00809727 -0.00808654 0)
(0.00106524 -0.0437054 0)
(-0.0012985 0.040936 0)
(0.000314061 0.024118 0)
(-0.00177413 0.010245 0)
(-0.00346221 0.00605882 0)
(-0.0037748 0.00374464 0)
(-0.0054457 0.00311014 0)
(-0.00448153 0.000833576 0)
(-0.00456511 0.000691323 0)
(-0.00461761 0.000485362 0)
(-0.00274842 0.00034278 0)
(-0.00426806 0.000206091 0)
(-0.00173121 0.000402631 0)
(-0.00448361 0.000781243 0)
(-0.00171966 0.000429171 0)
(-0.0054568 0.00129509 0)
(-0.00247741 -0.000596634 0)
(-0.00519425 -0.0018133 0)
(-0.00073832 -0.0137374 0)
(-0.00970716 -0.0225094 0)
(0.00173075 -0.05129 0)
(-0.00215021 0.0351614 0)
(0.000146402 0.0177086 0)
(-0.00426286 0.00915478 0)
(-0.00575445 0.00511323 0)
(-0.0059717 0.00280096 0)
(-0.00643114 0.00145454 0)
(-0.005706 -0.000871873 0)
(-0.00529775 -0.00129166 0)
(-0.00524566 -0.00196497 0)
(-0.00287413 -0.00229354 0)
(-0.00453482 -0.00211431 0)
(-0.000408164 -0.00264487 0)
(-0.00369229 -0.0012463 0)
(0.00197804 -0.0028124 0)
(-0.00205239 0.000269876 0)
(0.0043257 -0.00298771 0)
(-2.1271e-05 0.00112225 0)
(0.00485831 0.00205017 0)
(-0.00276646 -0.00515061 0)
(0.00352902 -0.0488012 0)
(0.00110748 0.0421848 0)
(-0.000661261 0.026814 0)
(-0.00610629 0.0152478 0)
(-0.00803176 0.00836426 0)
(-0.00832081 0.00423751 0)
(-0.00739713 0.00234677 0)
(-0.00677471 0.000155824 0)
(-0.00497023 -0.000652752 0)
(-0.00536619 -0.00127781 0)
(-0.00230266 -0.00144636 0)
(-0.00426776 -0.00115102 0)
(-0.000810402 -0.00121876 0)
(-0.00372944 -0.000646935 0)
(-1.15692e-05 -0.00107278 0)
(-0.0038076 -0.000410047 0)
(0.00107337 -0.00241298 0)
(-0.00533079 -0.00139451 0)
(0.00296143 -0.0102827 0)
(-0.00524492 -0.0212588 0)
(0.00328216 -0.053609 0)
(-0.00326864 0.0348189 0)
(-0.00321386 0.0238185 0)
(-0.0100877 0.0159897 0)
(-0.0118209 0.00777963 0)
(-0.0118594 0.00247539 0)
(-0.0102628 -0.000377952 0)
(-0.00828757 -0.00247875 0)
(-0.00618255 -0.0033438 0)
(-0.00591109 -0.00395326 0)
(-0.00240199 -0.00403889 0)
(-0.00421516 -0.00340682 0)
(0.000568296 -0.0039702 0)
(-0.00311645 -0.002009 0)
(0.0027264 -0.00380109 0)
(-0.00197834 -0.000533006 0)
(0.00423314 -0.00310044 0)
(-0.00132031 -0.000379192 0)
(0.00456124 -0.000309178 0)
(-0.00397237 -0.00713111 0)
(0.00376191 -0.0502809 0)
(-0.00344458 0.0463585 0)
(-0.00465091 0.0324532 0)
(-0.0119925 0.0222397 0)
(-0.0149897 0.0113173 0)
(-0.015097 0.00231693 0)
(-0.012852 -0.0018733 0)
(-0.00985826 -0.00349758 0)
(-0.00623883 -0.00393036 0)
(-0.00613886 -0.00407586 0)
(-0.00238143 -0.00355338 0)
(-0.00428082 -0.00298445 0)
(-0.000107855 -0.00241046 0)
(-0.00376916 -0.0018668 0)
(0.00146366 -0.00190952 0)
(-0.00396302 -0.00101428 0)
(0.00291817 -0.00280866 0)
(-0.00499739 -0.000515777 0)
(0.00369862 -0.00672217 0)
(-0.00411968 -0.0170594 0)
(0.00472726 -0.0540183 0)
(0.000187308 0.0437818 0)
(-0.00745794 0.0336395 0)
(-0.0117734 0.0259994 0)
(-0.0154393 0.0116568 0)
(-0.0168362 0.000710849 0)
(-0.0143449 -0.00687912 0)
(-0.0107791 -0.008681 0)
(-0.00543973 -0.00815622 0)
(-0.00479617 -0.00763902 0)
(-0.00100575 -0.00710826 0)
(-0.00293232 -0.00581405 0)
(0.00170489 -0.0055916 0)
(-0.00243833 -0.00381811 0)
(0.00344574 -0.00473271 0)
(-0.00279525 -0.00212264 0)
(0.00512068 -0.00339706 0)
(-0.00253735 -0.00104291 0)
(0.00550446 -0.00299737 0)
(-0.00505645 -0.0111644 0)
(0.00381258 -0.0514886 0)
(-0.000256168 0.0506615 0)
(-0.00654225 0.0411 0)
(-0.0104377 0.0282021 0)
(-0.0118449 0.015602 0)
(-0.0137042 0.0014516 0)
(-0.0135509 -0.00859981 0)
(-0.0099674 -0.0127956 0)
(-0.00409909 -0.00953322 0)
(-0.00287777 -0.00710677 0)
(-0.000418592 -0.0048696 0)
(-0.00278623 -0.00454402 0)
(0.00127171 -0.00234654 0)
(-0.00341432 -0.00251801 0)
(0.00296122 -0.00120532 0)
(-0.00423131 -0.00156448 0)
(0.00564101 -0.00303507 0)
(-0.00387541 0.000303147 0)
(0.00466521 -0.0035143 0)
(-0.00412485 -0.0116366 0)
(0.00568035 -0.0536923 0)
(0.000975782 0.0531193 0)
(0.0017997 0.0466654 0)
(0.00252647 0.0347575 0)
(-0.00195144 0.0197215 0)
(-0.00434269 0.00291575 0)
(-0.00620813 -0.0108026 0)
(-0.00481274 -0.019814 0)
(-0.00137341 -0.0175167 0)
(0.00332005 -0.0118967 0)
(0.00455035 -0.00880631 0)
(0.000808564 -0.00804688 0)
(0.00391809 -0.00622264 0)
(-0.00093096 -0.00615116 0)
(0.00359844 -0.00495681 0)
(-0.00275825 -0.00503842 0)
(0.00457849 -0.00502231 0)
(-0.00524565 0.000147374 0)
(0.00695664 -0.00426768 0)
(-0.00571485 -0.0148636 0)
(0.00405936 -0.0524534 0)
(0.000292093 0.0479634 0)
(0.00771046 0.0393092 0)
(0.00795313 0.0307443 0)
(0.00730423 0.019804 0)
(0.00655572 0.00564107 0)
(0.00790431 -0.00767807 0)
(0.00705621 -0.0176794 0)
(7.04111e-06 -0.0187399 0)
(0.000303058 -0.0124516 0)
(0.00203971 -0.00201917 0)
(0.000949219 -0.00249821 0)
(0.00202001 -0.000350389 0)
(-0.00130149 -0.000443827 0)
(0.000283139 0.000812375 0)
(-0.00592268 -0.00123426 0)
(0.0062329 -0.000449016 0)
(-0.00848086 -0.00120143 0)
(0.00878521 -0.00281493 0)
(-0.00463096 -0.00502814 0)
(0.00654427 -0.0526649 0)
(0.00601781 0.0464114 0)
(0.017226 0.0408201 0)
(0.017652 0.0367799 0)
(0.0230651 0.0230581 0)
(0.0240463 0.00524857 0)
(0.024482 -0.0111646 0)
(0.0274797 -0.0104859 0)
(0.0192604 -0.00837573 0)
(0.00879881 -0.0106569 0)
(0.00300177 -0.00978867 0)
(0.00297206 -0.00732663 0)
(0.00355288 -0.00516056 0)
(-0.00174656 -0.00513339 0)
(0.00712869 -0.00151544 0)
(-0.00352526 -0.0117611 0)
(0.00601491 -0.00316311 0)
(-0.00599459 -0.0022631 0)
(0.00666339 -0.0100461 0)
(-0.0061412 -0.013965 0)
(0.00493097 -0.0533476 0)
(0.0107863 0.0232693 0)
(0.0244522 0.0291834 0)
(0.0305839 0.0260963 0)
(0.036383 0.0181532 0)
(0.0312483 0.00643238 0)
(0.0339483 -0.00745859 0)
(0.0212031 -0.0144032 0)
(0.0272521 -0.00385096 0)
(0.0218724 -0.000616896 0)
(0.0256307 0.00449029 0)
(0.0178798 -0.0040222 0)
(0.0189507 0.0049002 0)
(0.0156194 -0.00240859 0)
(0.0123381 0.0020132 0)
(0.0103136 0.00287705 0)
(-0.00714044 0.00159938 0)
(-0.00571001 -0.000846274 0)
(-0.000970317 -0.00132683 0)
(-0.00574168 -0.000715258 0)
(0.00712957 -0.0527792 0)
(-0.000167389 0.00547625 0)
(0.026558 0.0199101 0)
(0.032253 0.0223853 0)
(0.0361204 0.0187942 0)
(0.0310509 0.00648412 0)
(0.0273731 -0.00367896 0)
(0.0131243 -0.00656195 0)
(0.00742144 -0.00736327 0)
(0.00261362 -0.00681098 0)
(0.000598048 -0.0044896 0)
(0.000864971 -0.00270979 0)
(-0.00718318 -0.00294353 0)
(0.00266973 0.00148669 0)
(-0.00904378 0.00266298 0)
(0.00347613 0.0051635 0)
(-0.0011851 0.0101184 0)
(0.00760278 -0.00771178 0)
(0.00107699 -0.0144496 0)
(-0.00783361 -0.0239625 0)
(0.00571707 -0.0553269 0)
(0.00291783 -0.00679989 0)
(0.0141162 0.000467566 0)
(0.0204795 0.014329 0)
(0.0248749 0.0186213 0)
(0.0283854 0.0150066 0)
(0.0261758 0.00873436 0)
(0.0240129 0.00757142 0)
(0.0209397 0.00491304 0)
(0.0162813 0.00655988 0)
(0.0149991 0.00593163 0)
(0.00930406 0.00364497 0)
(0.0122776 0.00589842 0)
(0.00261079 -0.0022557 0)
(0.010818 0.00561941 0)
(0.000817417 -0.00547949 0)
(0.00659134 0.000220638 0)
(0.00640872 0.000944831 0)
(0.0101237 0.0134549 0)
(-0.00488785 0.000964469 0)
(0.00888545 -0.0519635 0)
(0.00572589 -0.0105806 0)
(-0.00608231 0.00691278 0)
(-0.00135857 0.0130336 0)
(0.00350654 0.00811888 0)
(0.00539618 0.00801086 0)
(0.00549122 -0.000346989 0)
(0.00248447 0.00163477 0)
(0.00605001 -0.00110383 0)
(-0.00214347 0.000418266 0)
(0.00799489 0.00131026 0)
(-0.00339065 -8.72976e-05 0)
(0.00634939 0.00236161 0)
(0.00114114 0.00157583 0)
(-0.00133388 0.00295507 0)
(0.00337727 0.00889184 0)
(-0.00336189 0.001528 0)
(-0.00996811 -0.0151205 0)
(0.012391 -0.00318074 0)
(-0.00496838 -0.0276145 0)
(0.00702363 -0.0547208 0)
(-0.00697201 -0.00867903 0)
(0.000782303 0.00851675 0)
(0.00624342 0.00704362 0)
(0.00486017 0.0113528 0)
(0.0127699 0.0118163 0)
(0.0116243 0.00998114 0)
(0.0145491 0.00673755 0)
(0.0138975 0.00764021 0)
(0.0144153 0.00591804 0)
(0.0151828 0.0055157 0)
(0.0142845 0.00685206 0)
(0.0161992 0.00365151 0)
(0.01141 0.0053789 0)
(0.0191095 0.00618144 0)
(0.00742812 -0.00306851 0)
(0.0222284 0.0120853 0)
(0.0101283 -0.00801559 0)
(0.0110963 0.0077065 0)
(-0.0006749 0.0136617 0)
(0.0136567 -0.0462235 0)
(-0.0192687 -0.00403234 0)
(-0.0114954 -0.00427829 0)
(-0.0204597 0.00470997 0)
(-0.0106208 0.00264847 0)
(-0.0142782 0.00224697 0)
(-0.00638684 -0.000163937 0)
(-0.0125312 0.00104088 0)
(-0.00474963 -0.000279968 0)
(-0.0123136 4.88648e-05 0)
(-0.00299759 0.000503201 0)
(-0.012357 0.000128481 0)
(0.00153723 0.00173912 0)
(-0.0127245 -0.00121514 0)
(0.00599545 0.00654145 0)
(-0.00802372 0.000829895 0)
(7.53319e-05 0.00413209 0)
(0.00455795 -0.00468968 0)
(-0.0151294 -6.49111e-05 0)
(0.0193167 -0.0312649 0)
(0.0130962 -0.0537939 0)
(0.00024252 0.0172454 0)
(0.0147955 0.0127112 0)
(0.0102132 0.0062477 0)
(0.0210594 0.0073308 0)
(0.0235413 0.00599361 0)
(0.027138 0.0058513 0)
(0.0311631 0.00558363 0)
(0.0330149 0.00547623 0)
(0.0372568 0.00530686 0)
(0.038272 0.00417649 0)
(0.0421468 0.00478264 0)
(0.0425544 0.00303062 0)
(0.0460303 0.00422637 0)
(0.0472277 0.000921104 0)
(0.0495555 0.00405068 0)
(0.051862 -0.000484313 0)
(0.0525796 0.00358861 0)
(0.0516814 -0.00068541 0)
(0.0463231 -0.00502218 0)
(0.0247881 0.000423057 0)
)
;

boundaryField
{
    movingWall
    {
        type            fixedValue;
        value           uniform (1 0 0);
    }
    fixedWalls
    {
        type            noSlip;
    }
    frontAndBack
    {
        type            empty;
    }
}


// ************************************************************************* //
