/*--------------------------------*- C++ -*----------------------------------*\
| =========                 |                                                 |
| \\      /  F ield         | OpenFOAM: The Open Source CFD Toolbox           |
|  \\    /   O peration     | Version:  5.x                                   |
|   \\  /    A nd           | Web:      www.OpenFOAM.org                      |
|    \\/     M anipulation  |                                                 |
\*---------------------------------------------------------------------------*/
FoamFile
{
    version     2.0;
    format      ascii;
    class       surfaceScalarField;
    location    "19.3";
    object      phi;
}
// * * * * * * * * * * * * * * * * * * * * * * * * * * * * * * * * * * * * * //

dimensions      [0 3 -1 0 0 0 0];

internalField   nonuniform List<scalar> 
760
(
-1.32576e-06
1.32576e-06
-2.23174e-06
9.05985e-07
-2.68184e-06
4.50103e-07
-2.92094e-06
2.391e-07
-3.0161e-06
9.5157e-08
-3.08781e-06
7.17083e-08
-3.10997e-06
2.21624e-08
-3.15092e-06
4.09485e-08
-3.16093e-06
1.0012e-08
-3.17644e-06
1.55075e-08
-3.16536e-06
-1.10796e-08
-3.16979e-06
4.42709e-09
-3.14853e-06
-2.12552e-08
-3.11756e-06
-3.09718e-08
-3.05076e-06
-6.67988e-08
-2.93046e-06
-1.20305e-07
-2.76952e-06
-1.60934e-07
-2.34869e-06
-4.20829e-07
-1.65594e-06
-6.92757e-07
-1.65594e-06
-7.49793e-07
2.07555e-06
-1.19733e-06
1.35352e-06
-1.35066e-06
6.0344e-07
-1.42026e-06
3.08701e-07
-1.46223e-06
1.3712e-07
-1.48172e-06
9.12053e-08
-1.50388e-06
4.4317e-08
-1.51724e-06
5.43115e-08
-1.50579e-06
-1.4413e-09
-1.52693e-06
3.66517e-08
-1.54144e-06
3.42559e-09
-1.57046e-06
3.34497e-08
-1.56044e-06
-3.1277e-08
-1.53632e-06
-5.50908e-08
-1.5363e-06
-6.68169e-08
-1.4701e-06
-1.86509e-07
-1.45916e-06
-1.71872e-07
-1.36761e-06
-5.12376e-07
-9.63017e-07
-1.09735e-06
-2.61895e-06
-3.96204e-07
2.47175e-06
-5.88839e-07
1.54615e-06
-6.06761e-07
6.21362e-07
-6.56479e-07
3.58419e-07
-6.92195e-07
1.72837e-07
-7.41822e-07
1.40832e-07
-7.91725e-07
9.42202e-08
-7.83692e-07
4.62781e-08
-7.92636e-07
7.50313e-09
-7.64697e-07
8.71293e-09
-8.01603e-07
4.03317e-08
-8.22956e-07
5.48027e-08
-8.65961e-07
1.17273e-08
-8.03908e-07
-1.17143e-07
-7.2783e-07
-1.42895e-07
-6.47123e-07
-2.67216e-07
-3.30834e-07
-4.88161e-07
-2.13939e-07
-6.29271e-07
-3.95985e-07
-9.15306e-07
-3.01494e-06
-2.09361e-07
2.68111e-06
-2.93197e-07
1.62999e-06
-2.66517e-07
5.94682e-07
-2.67231e-07
3.59133e-07
-2.77823e-07
1.83428e-07
-2.94286e-07
1.57295e-07
-3.3392e-07
1.33855e-07
-3.68371e-07
8.07285e-08
-4.00113e-07
3.9245e-08
-4.20913e-07
2.95137e-08
-4.63373e-07
8.27919e-08
-4.82445e-07
7.38744e-08
-4.86673e-07
1.59553e-08
-5.34924e-07
-6.88918e-08
-5.91237e-07
-8.65822e-08
-6.1228e-07
-2.46174e-07
-4.97386e-07
-6.03055e-07
-2.21099e-07
-9.05558e-07
-1.83427e-07
-9.52979e-07
-3.19836e-06
-1.16399e-07
2.79751e-06
-1.13911e-07
1.6275e-06
-1.00702e-07
5.81473e-07
-5.94865e-08
3.17917e-07
-5.26839e-08
1.76626e-07
-7.05583e-08
1.7517e-07
-9.71704e-08
1.60467e-07
-1.35969e-07
1.19527e-07
-2.08977e-07
1.12254e-07
-2.32349e-07
5.28856e-08
-1.86819e-07
3.72615e-08
-9.97587e-08
-1.31858e-08
1.49396e-08
-9.8743e-08
-2.40622e-08
-2.98901e-08
7.58626e-08
-1.86507e-07
6.09583e-09
-1.76407e-07
-6.30201e-08
-5.33939e-07
-1.49254e-08
-9.53653e-07
-4.76398e-08
-9.20264e-07
-3.246e-06
-5.4044e-08
2.85156e-06
-7.71692e-08
1.65063e-06
-1.06464e-08
5.1495e-07
4.15583e-08
2.65712e-07
-1.45406e-08
2.32725e-07
-1.603e-08
1.76659e-07
-3.57268e-08
1.80163e-07
-7.1139e-08
1.54939e-07
-7.99974e-08
1.21112e-07
-1.50074e-07
1.22963e-07
-2.91965e-07
1.79152e-07
-2.78817e-07
-2.63335e-08
-7.60399e-08
-3.01521e-07
-1.13395e-07
7.46542e-09
1.35023e-07
-4.34925e-07
2.56501e-07
-2.97885e-07
-2.15598e-08
-2.55878e-07
-3.37588e-08
-9.41454e-07
-5.10083e-08
-9.03015e-07
-3.29701e-06
-5.52053e-08
2.90676e-06
-1.86223e-08
1.61404e-06
-3.3698e-08
5.30026e-07
-2.22025e-08
2.54217e-07
1.3418e-09
2.0918e-07
3.11828e-08
1.46818e-07
6.63815e-08
1.44965e-07
4.88042e-08
1.72516e-07
1.64114e-08
1.53505e-07
-1.46043e-08
1.53978e-07
-3.29278e-08
1.97476e-07
-7.75871e-08
1.83259e-08
-1.31594e-07
-2.47514e-07
-1.79936e-07
5.58072e-08
-1.32549e-08
-6.01606e-07
-3.02135e-08
-2.80927e-07
-2.172e-07
-6.88914e-08
-1.05349e-07
-1.05331e-06
1.50068e-08
-1.02337e-06
-3.28201e-06
-1.49727e-08
2.92173e-06
-4.73464e-08
1.64642e-06
-3.17555e-08
5.14435e-07
1.95182e-08
2.02943e-07
1.0722e-08
2.17977e-07
-1.65948e-08
1.74135e-07
-9.23906e-08
2.2076e-07
-1.80158e-07
2.60283e-07
-2.76478e-07
2.49825e-07
-2.94646e-07
1.72146e-07
-1.30966e-07
3.37958e-08
-5.3288e-08
-5.93519e-08
-2.29927e-07
-7.08744e-08
-4.06807e-07
2.32687e-07
-2.05984e-07
-8.0243e-07
-1.54083e-07
-3.32827e-07
-3.11073e-07
8.80983e-08
-2.20371e-07
-1.14401e-06
-7.87028e-08
-1.16504e-06
-3.36071e-06
-3.19498e-08
2.95368e-06
-1.83065e-08
1.63277e-06
-3.05003e-08
5.26629e-07
-5.78077e-08
2.30251e-07
-2.80908e-08
1.8826e-07
4.78629e-08
9.81811e-08
5.07537e-08
2.1787e-07
5.12585e-08
2.59779e-07
2.59999e-07
4.10848e-08
3.41713e-07
9.04319e-08
2.30151e-07
1.45358e-07
4.67392e-08
1.2406e-07
-6.85884e-08
4.44531e-08
-1.25912e-07
2.90011e-07
-7.98278e-08
-8.48514e-07
-1.88968e-08
-3.93758e-07
2.33342e-08
4.58673e-08
3.51414e-08
-1.15581e-06
2.8675e-09
-1.13276e-06
-3.35784e-06
-1.38597e-08
2.96754e-06
-8.5521e-08
1.70444e-06
-1.07707e-07
5.48815e-07
-6.76931e-08
1.90237e-07
-1.0719e-09
1.21638e-07
5.18313e-08
4.52779e-08
1.40197e-07
1.29504e-07
2.06627e-07
1.93349e-07
2.79331e-07
-3.16193e-08
1.80635e-07
1.89128e-07
-2.12955e-08
3.47288e-07
-8.29836e-08
1.85748e-07
-1.00732e-07
6.22014e-08
-1.69577e-07
3.58856e-07
-5.61494e-07
-4.56597e-07
-4.31835e-07
-5.23417e-07
2.2692e-07
-6.12888e-07
2.56472e-07
-1.18537e-06
1.00954e-09
-8.77303e-07
-3.35683e-06
-4.51242e-09
2.97206e-06
2.80509e-08
1.67187e-06
9.85261e-09
5.67013e-07
3.30487e-08
1.67041e-07
6.13291e-08
9.33581e-08
1.09365e-07
-2.75794e-09
2.81791e-07
-4.29224e-08
2.71808e-07
2.03332e-07
1.08047e-07
1.32142e-07
-6.23345e-09
3.03408e-07
-2.0496e-08
3.61551e-07
1.58412e-07
6.83944e-09
2.79385e-07
-5.87716e-08
1.89927e-08
6.19249e-07
-1.05084e-07
-3.32521e-07
-1.24559e-07
-5.03942e-07
-7.30502e-08
-6.64397e-07
-9.86101e-08
-1.15981e-06
4.76557e-08
-1.02357e-06
-3.30918e-06
-2.78301e-09
2.97484e-06
-7.63341e-08
1.74542e-06
6.19534e-08
4.28726e-07
1.3651e-07
9.24838e-08
3.12841e-08
1.98584e-07
2.55778e-08
2.94836e-09
1.96325e-07
-2.1367e-07
2.7499e-07
1.24667e-07
1.46936e-07
2.60196e-07
7.54988e-08
3.74846e-07
1.00077e-07
3.36972e-07
6.46122e-08
4.23044e-08
4.15295e-08
-3.56889e-08
8.61539e-08
5.74625e-07
-1.84886e-08
-2.27878e-07
-2.50617e-08
-4.97369e-07
-1.19552e-07
-5.69906e-07
-3.57313e-07
-9.22045e-07
-8.63476e-08
-1.29453e-06
-3.39552e-06
1.46033e-08
2.96024e-06
1.87039e-08
1.74132e-06
-6.71457e-08
5.14575e-07
-1.92894e-07
2.18232e-07
-1.29091e-07
1.34781e-07
-1.67103e-07
4.09602e-08
-1.50222e-07
-2.30551e-07
1.29703e-07
-1.55257e-07
3.07836e-07
8.20629e-08
3.07144e-07
3.75538e-07
1.95403e-07
4.48713e-07
7.87607e-08
1.58947e-07
-2.193e-08
6.50017e-08
8.04536e-09
5.44649e-07
6.44677e-08
-2.843e-07
9.32862e-08
-5.26187e-07
2.22912e-07
-6.99533e-07
9.8108e-08
-7.9724e-07
2.27368e-08
-1.21916e-06
-3.37279e-06
2.00082e-08
2.94023e-06
1.55613e-09
1.75977e-06
-2.23023e-08
5.38434e-07
-1.08829e-07
3.04759e-07
-6.00668e-08
8.60192e-08
-1.51943e-07
1.32837e-07
-1.00052e-07
-2.82442e-07
2.13194e-07
-4.68504e-07
3.29994e-07
-3.47372e-08
4.24933e-07
2.80599e-07
3.34562e-07
5.39083e-07
1.62506e-07
3.31003e-07
-3.17705e-09
2.30685e-07
-6.78699e-08
6.09342e-07
1.40777e-07
-4.92947e-07
1.61366e-07
-5.46776e-07
3.30592e-07
-8.68759e-07
3.13079e-07
-7.79727e-07
7.49332e-08
-9.81017e-07
-3.29785e-06
5.67811e-08
2.88345e-06
2.88339e-08
1.78772e-06
-1.14042e-07
6.8131e-07
6.37766e-08
1.2694e-07
1.90517e-07
-4.07216e-08
1.5041e-07
1.72945e-07
4.92723e-07
-6.24755e-07
6.30896e-07
-6.06676e-07
4.69927e-07
1.26231e-07
5.12121e-07
2.38405e-07
7.00838e-07
3.50366e-07
5.06547e-07
5.25294e-07
7.34195e-07
3.03657e-09
7.92635e-07
5.50902e-07
7.4328e-07
-4.43592e-07
8.38561e-07
-6.42058e-07
2.18943e-07
-2.4914e-07
-1.29661e-07
-4.31124e-07
-1.25432e-08
-1.09813e-06
-3.3104e-06
1.13746e-07
2.7697e-06
2.38639e-07
1.66283e-06
1.83912e-07
7.36037e-07
3.35626e-08
2.77289e-07
1.30964e-07
-1.38123e-07
4.66555e-07
-1.62646e-07
4.82416e-07
-6.40615e-07
3.97074e-07
-5.21335e-07
5.15361e-07
7.9448e-09
5.61451e-07
1.92315e-07
6.36134e-07
2.75683e-07
6.4022e-07
5.21208e-07
6.98507e-07
-5.52507e-08
8.23537e-07
4.25872e-07
6.92054e-07
-3.12109e-07
-2.18957e-08
7.18919e-08
-2.09466e-07
-6.15696e-08
-2.20641e-08
-6.18526e-07
-1.11806e-08
-1.10902e-06
-3.32158e-06
2.5315e-07
2.51655e-06
2.46752e-07
1.66923e-06
2.46762e-07
7.36027e-07
4.04089e-07
1.19962e-07
2.81778e-07
-1.58123e-08
4.66098e-07
-3.46966e-07
4.34387e-07
-6.08905e-07
5.07293e-07
-5.94241e-07
9.5878e-07
-4.43542e-07
1.11713e-06
3.39631e-08
9.2511e-07
4.67705e-07
9.34624e-07
5.11695e-07
7.91396e-07
8.79771e-08
8.36081e-07
3.81188e-07
8.75691e-07
-3.51719e-07
4.58707e-07
4.88876e-07
8.2531e-07
-4.28173e-07
5.18587e-07
-3.11802e-07
6.13725e-08
-6.51804e-07
-3.2602e-06
4.70466e-07
2.04608e-06
8.59344e-07
1.28035e-06
8.33992e-07
7.6138e-07
8.31376e-07
1.22577e-07
9.00034e-07
-8.44697e-08
8.78903e-07
-3.25834e-07
9.10312e-07
-6.40315e-07
9.19704e-07
-6.03633e-07
8.607e-07
-3.84538e-07
9.43849e-07
-4.91859e-08
1.09861e-06
3.12948e-07
1.01137e-06
5.98926e-07
1.10805e-06
-8.69979e-09
1.05747e-06
4.31769e-07
1.02123e-06
-3.15484e-07
9.7824e-07
5.3187e-07
7.93852e-07
-2.43785e-07
3.03723e-07
1.78326e-07
4.31521e-07
-7.79602e-07
-2.82868e-06
7.01781e-07
1.3443e-06
1.16783e-06
8.14298e-07
1.42735e-06
5.01857e-07
1.31809e-06
2.31844e-07
1.09898e-06
1.34642e-07
7.33849e-07
3.92936e-08
4.78716e-09
8.87466e-08
-7.11965e-07
1.1312e-07
-1.15486e-06
5.8357e-08
-1.17463e-06
-2.94161e-08
-9.1227e-07
5.05883e-08
-4.20046e-07
1.06702e-07
-3.71953e-07
-5.67929e-08
-6.67265e-08
1.26542e-07
-3.19489e-07
-6.27219e-08
4.69595e-08
1.65422e-07
-1.63607e-08
-1.80465e-07
2.92884e-07
-1.30919e-07
8.62419e-07
-1.34914e-06
-1.96627e-06
1.3443e-06
2.1586e-06
2.66046e-06
2.8923e-06
3.02694e-06
3.06624e-06
3.15498e-06
3.2681e-06
3.32646e-06
3.29704e-06
3.34763e-06
3.45434e-06
3.39754e-06
3.52409e-06
3.46136e-06
3.62679e-06
3.44632e-06
3.3154e-06
1.96627e-06
)
;

boundaryField
{
    movingWall
    {
        type            calculated;
        value           uniform 0;
    }
    fixedWalls
    {
        type            calculated;
        value           uniform 0;
    }
    frontAndBack
    {
        type            empty;
        value           nonuniform 0();
    }
}


// ************************************************************************* //
