/*--------------------------------*- C++ -*----------------------------------*\
| =========                 |                                                 |
| \\      /  F ield         | OpenFOAM: The Open Source CFD Toolbox           |
|  \\    /   O peration     | Version:  5.x                                   |
|   \\  /    A nd           | Web:      www.OpenFOAM.org                      |
|    \\/     M anipulation  |                                                 |
\*---------------------------------------------------------------------------*/
FoamFile
{
    version     2.0;
    format      ascii;
    class       volScalarField;
    location    "17.5";
    object      p;
}
// * * * * * * * * * * * * * * * * * * * * * * * * * * * * * * * * * * * * * //

dimensions      [0 2 -2 0 0 0 0];

internalField   nonuniform List<scalar> 
400
(
3.04719e-10
-0.000760672
-0.00132257
-0.00168239
-0.00185074
-0.00195091
-0.00199836
-0.0020233
-0.00203538
-0.00204245
-0.00204269
-0.00203634
-0.00200723
-0.00197057
-0.00190321
-0.00177885
-0.00155013
-0.0012012
-0.000896713
0.000522427
-0.00082592
-0.00134834
-0.00169984
-0.00187271
-0.00195494
-0.00199944
-0.00202115
-0.00203508
-0.00204085
-0.00205213
-0.00206156
-0.00206902
-0.00203522
-0.00199245
-0.00196608
-0.00188774
-0.00184447
-0.00163531
-0.00156611
-0.000531274
-0.00137394
-0.00173724
-0.00188553
-0.00197071
-0.00198313
-0.00200355
-0.00200745
-0.00201727
-0.00202525
-0.00203331
-0.00204119
-0.00203662
-0.00202475
-0.00198057
-0.00195872
-0.00185821
-0.0018539
-0.00176038
-0.00164594
-0.00122495
-0.00170423
-0.0019461
-0.00198317
-0.00201331
-0.00200799
-0.00201398
-0.00201916
-0.00202602
-0.00203395
-0.00204192
-0.00205003
-0.00204562
-0.00202838
-0.00199278
-0.00199401
-0.00197234
-0.00197079
-0.00185717
-0.00186195
-0.00166821
-0.00189771
-0.00202804
-0.00202448
-0.00202822
-0.00201222
-0.0020147
-0.00201186
-0.00201622
-0.00202199
-0.00202326
-0.00202661
-0.00201766
-0.00201185
-0.00201393
-0.00203224
-0.00202614
-0.00201999
-0.00195569
-0.00191026
-0.00188459
-0.00196731
-0.00205428
-0.0020251
-0.00202601
-0.00201383
-0.00201229
-0.00201499
-0.00201902
-0.00202614
-0.00202902
-0.0020382
-0.00204056
-0.00202772
-0.00199737
-0.00203899
-0.00202123
-0.0020539
-0.00201178
-0.00201014
-0.00199057
-0.0020037
-0.00204824
-0.00204832
-0.00202847
-0.00201866
-0.00201351
-0.00201426
-0.00201537
-0.00202492
-0.00201852
-0.0020209
-0.00202247
-0.00202464
-0.00202352
-0.0020304
-0.0020388
-0.0020648
-0.00204604
-0.00200871
-0.00204112
-0.00199963
-0.00202994
-0.0020055
-0.00200291
-0.00199862
-0.00199638
-0.00200062
-0.00201071
-0.00200689
-0.00201428
-0.00205371
-0.00204383
-0.00204997
-0.00204753
-0.002059
-0.00203808
-0.00206752
-0.00207208
-0.00206866
-0.00207399
-0.00198294
-0.00199564
-0.00201162
-0.0019965
-0.00200336
-0.00199315
-0.00201262
-0.00201347
-0.00205318
-0.00204535
-0.00207153
-0.00201273
-0.00215077
-0.00206809
-0.00207073
-0.0020571
-0.00213617
-0.00208401
-0.0020573
-0.00201738
-0.00196049
-0.00197467
-0.00197375
-0.00197067
-0.00197451
-0.00197559
-0.00198545
-0.00198791
-0.0020155
-0.00205268
-0.0020474
-0.00203272
-0.0021072
-0.00217581
-0.00207185
-0.00203874
-0.00202035
-0.00202626
-0.00204413
-0.00193536
-0.00193249
-0.00193135
-0.00194508
-0.00195038
-0.0019586
-0.00196195
-0.00199669
-0.00200604
-0.0020084
-0.00207076
-0.00212676
-0.00216137
-0.00217647
-0.00216683
-0.00208336
-0.0020614
-0.00205087
-0.00192802
-0.0020068
-0.00192236
-0.00189774
-0.00189937
-0.00190433
-0.00191559
-0.00194827
-0.00195624
-0.00198899
-0.00203784
-0.0020152
-0.00211428
-0.00214706
-0.0022058
-0.00212526
-0.00207361
-0.00205196
-0.00197784
-0.00206161
-0.00195626
-0.00200264
-0.00198852
-0.0018673
-0.0018789
-0.00189604
-0.0019046
-0.00193677
-0.00192652
-0.00196742
-0.0019969
-0.00198489
-0.00207908
-0.00210636
-0.00217358
-0.00209036
-0.00208104
-0.00213291
-0.00199044
-0.00213248
-0.00198019
-0.00205959
-0.00187198
-0.00182714
-0.00183076
-0.00186565
-0.00185306
-0.00191248
-0.00194771
-0.00188257
-0.00195296
-0.0019167
-0.00205446
-0.00216617
-0.00219543
-0.00215663
-0.00207349
-0.00209905
-0.0019246
-0.00199877
-0.0018335
-0.00187358
-0.00171659
-0.00177102
-0.00178112
-0.0018374
-0.00184326
-0.00188879
-0.00187038
-0.0018778
-0.00194404
-0.0019134
-0.0020361
-0.00214489
-0.00218953
-0.00214205
-0.00209114
-0.00212544
-0.00198556
-0.00198634
-0.00173504
-0.00191335
-0.00178209
-0.00170108
-0.0017344
-0.00179068
-0.00178449
-0.00184919
-0.00186415
-0.00185153
-0.00194274
-0.00189373
-0.00201802
-0.00206609
-0.00203566
-0.00201673
-0.00187118
-0.00191232
-0.00184521
-0.00201501
-0.00181188
-0.00184214
-0.00176974
-0.00158195
-0.00166661
-0.00174803
-0.00179659
-0.00179664
-0.00184079
-0.00182877
-0.00193691
-0.00200989
-0.00205288
-0.00206818
-0.00205414
-0.00197067
-0.00200597
-0.00201205
-0.00205781
-0.00203618
-0.00194575
-0.00197855
-0.00167989
-0.00141609
-0.00159398
-0.00167817
-0.0017356
-0.00177456
-0.0018367
-0.0018118
-0.0019602
-0.00201577
-0.00210318
-0.00207222
-0.00202375
-0.00205362
-0.00201865
-0.00189584
-0.00185346
-0.00190792
-0.00173246
-0.00154726
-0.00141002
-0.00114421
-0.00137967
-0.00156615
-0.0016683
-0.00169829
-0.00170523
-0.00168649
-0.00194559
-0.00215709
-0.00229123
-0.0021906
-0.0020617
-0.00215193
-0.00189388
-0.00182511
-0.00180446
-0.00188139
-0.00204285
-0.00194083
-0.0008961
-0.000850343
-0.00115932
-0.00142134
-0.00161335
-0.00173009
-0.00181085
-0.00185831
-0.001943
-0.00204814
-0.0021157
-0.00209763
-0.00203084
-0.00188708
-0.0017969
-0.00178601
-0.00172171
-0.00171172
-0.00140844
-0.000795409
0.00123042
)
;

boundaryField
{
    movingWall
    {
        type            zeroGradient;
    }
    fixedWalls
    {
        type            zeroGradient;
    }
    frontAndBack
    {
        type            empty;
    }
}


// ************************************************************************* //
