/*--------------------------------*- C++ -*----------------------------------*\
| =========                 |                                                 |
| \\      /  F ield         | OpenFOAM: The Open Source CFD Toolbox           |
|  \\    /   O peration     | Version:  5.x                                   |
|   \\  /    A nd           | Web:      www.OpenFOAM.org                      |
|    \\/     M anipulation  |                                                 |
\*---------------------------------------------------------------------------*/
FoamFile
{
    version     2.0;
    format      ascii;
    class       surfaceScalarField;
    location    "17.5";
    object      phi;
}
// * * * * * * * * * * * * * * * * * * * * * * * * * * * * * * * * * * * * * //

dimensions      [0 3 -1 0 0 0 0];

internalField   nonuniform List<scalar> 
760
(
-1.31762e-06
1.31762e-06
-2.25495e-06
9.37328e-07
-2.66871e-06
4.13766e-07
-2.92291e-06
2.54202e-07
-3.00501e-06
8.20989e-08
-3.09391e-06
8.88976e-08
-3.10787e-06
1.39551e-08
-3.16108e-06
5.32098e-08
-3.15201e-06
-9.06318e-09
-3.18675e-06
3.47418e-08
-3.16641e-06
-2.0347e-08
-3.17173e-06
5.32303e-09
-3.11243e-06
-5.92958e-08
-3.06339e-06
-4.9049e-08
-2.98546e-06
-7.79235e-08
-2.87946e-06
-1.06007e-07
-2.75137e-06
-1.28083e-07
-2.3081e-06
-4.4327e-07
-1.52665e-06
-7.81454e-07
-1.52665e-06
-8.04114e-07
2.12173e-06
-1.19617e-06
1.32939e-06
-1.36826e-06
5.85853e-07
-1.38404e-06
2.69988e-07
-1.39845e-06
9.6505e-08
-1.39006e-06
8.05086e-08
-1.3932e-06
1.7097e-08
-1.38975e-06
4.97525e-08
-1.4149e-06
1.60912e-08
-1.42849e-06
4.83269e-08
-1.47532e-06
2.64911e-08
-1.48129e-06
1.12913e-08
-1.46774e-06
-7.28481e-08
-1.41908e-06
-9.77124e-08
-1.40057e-06
-9.64329e-08
-1.36879e-06
-1.37783e-07
-1.31743e-06
-1.79446e-07
-1.36539e-06
-3.95306e-07
-1.09793e-06
-1.04892e-06
-2.62458e-06
-3.80156e-07
2.50189e-06
-5.83255e-07
1.53249e-06
-5.64601e-07
5.67199e-07
-5.28076e-07
2.33462e-07
-5.22427e-07
9.08568e-08
-5.12696e-07
7.07767e-08
-5.48409e-07
5.28103e-08
-5.82316e-07
8.36594e-08
-6.39718e-07
7.34938e-08
-6.77989e-07
8.65976e-08
-6.99735e-07
4.82368e-08
-6.72278e-07
-1.61648e-08
-6.65548e-07
-7.95787e-08
-6.96326e-07
-6.69344e-08
-6.73221e-07
-1.19538e-07
-6.48224e-07
-1.6278e-07
-3.5844e-07
-4.69229e-07
-2.44443e-07
-5.09303e-07
-3.71442e-07
-9.21918e-07
-2.99602e-06
-2.18962e-07
2.72085e-06
-2.66462e-07
1.57999e-06
-2.15499e-07
5.16235e-07
-1.72248e-07
1.90211e-07
-1.69538e-07
8.81466e-08
-1.83078e-07
8.43167e-08
-2.27745e-07
9.74773e-08
-2.60888e-07
1.16803e-07
-2.9676e-07
1.09366e-07
-3.04577e-07
9.44147e-08
-2.88988e-07
3.26477e-08
-3.12149e-07
6.99634e-09
-3.08263e-07
-8.34646e-08
-3.93801e-07
1.86036e-08
-5.61309e-07
4.79694e-08
-6.5099e-07
-7.30992e-08
-6.56399e-07
-4.63819e-07
-4.98414e-07
-6.67289e-07
-2.49435e-07
-1.1709e-06
-3.24546e-06
-6.31008e-08
2.78395e-06
-8.43081e-08
1.60119e-06
-4.60537e-08
4.77981e-07
3.33117e-09
1.40827e-07
-1.46921e-08
1.0617e-07
-5.30512e-08
1.22676e-07
-8.5029e-08
1.29455e-07
-1.112e-07
1.42974e-07
-1.31864e-07
1.30029e-07
-1.44759e-07
1.0731e-07
-1.55103e-07
4.29915e-08
-1.63764e-07
1.56573e-08
-1.33957e-07
-1.13271e-07
-2.51514e-07
1.36161e-07
-2.66296e-07
6.27514e-08
-2.62395e-07
-7.70007e-08
-2.22045e-07
-5.04169e-07
-1.14101e-07
-7.75232e-07
-7.63913e-08
-1.20861e-06
-3.32185e-06
-5.32023e-08
2.83715e-06
-3.29858e-08
1.58098e-06
-8.32896e-09
4.53324e-07
-6.02501e-09
1.38523e-07
-4.44354e-08
1.4458e-07
-5.72775e-08
1.35518e-07
-7.60181e-08
1.48196e-07
-1.08939e-07
1.75895e-07
-1.17966e-07
1.39057e-07
-1.05151e-07
9.44943e-08
-1.77492e-07
1.15332e-07
-2.62316e-07
1.00481e-07
-1.03272e-07
-2.72315e-07
-7.84497e-08
1.11338e-07
-4.06846e-08
2.49863e-08
-4.5355e-08
-7.23302e-08
-2.64591e-07
-2.84932e-07
-2.20186e-07
-8.19638e-07
-6.56931e-08
-1.3631e-06
-3.38754e-06
4.90992e-08
2.78805e-06
6.62606e-08
1.56382e-06
6.19186e-08
4.57666e-07
3.48781e-08
1.65563e-07
3.94419e-08
1.40016e-07
1.06052e-08
1.64355e-07
-2.66196e-08
1.8542e-07
-6.52482e-08
2.14524e-07
-1.00911e-07
1.74719e-07
-1.02283e-07
9.58668e-08
-6.77858e-08
8.08351e-08
-3.99861e-08
7.26812e-08
9.28373e-08
-4.05138e-07
-7.02911e-08
2.74466e-07
-4.40125e-08
-1.29239e-09
2.82366e-08
-1.44579e-07
-9.11965e-08
-1.65499e-07
-1.60115e-09
-9.09233e-07
3.48824e-08
-1.39958e-06
-3.35266e-06
3.32167e-08
2.75484e-06
6.43264e-08
1.53271e-06
1.01901e-07
4.20091e-07
8.44494e-08
1.83015e-07
5.25839e-08
1.71882e-07
1.81083e-08
1.9883e-07
-6.5216e-08
2.68745e-07
-8.45918e-08
2.339e-07
-6.60209e-08
1.56148e-07
-2.47573e-07
2.77419e-07
-3.9883e-07
2.32092e-07
-1.46272e-07
-1.79877e-07
-4.66315e-10
-5.50944e-07
-1.4958e-07
4.2358e-07
-2.37871e-07
8.69989e-08
-1.54072e-07
-2.28379e-07
-1.19728e-07
-1.99842e-07
-9.203e-08
-9.36932e-07
-2.14758e-08
-1.47014e-06
-3.37413e-06
7.2474e-08
2.68236e-06
9.3945e-08
1.51123e-06
7.32774e-08
4.40759e-07
3.21985e-08
2.24094e-07
4.69984e-08
1.57082e-07
1.14868e-07
1.30961e-07
1.58261e-07
2.25352e-07
2.46643e-07
1.45517e-07
2.92505e-07
1.10286e-07
1.32932e-07
4.36992e-07
-8.48124e-08
4.49836e-07
-4.94935e-08
-2.15196e-07
8.13992e-09
-6.08577e-07
-1.22706e-07
5.54426e-07
1.02128e-08
-4.59201e-08
1.46654e-07
-3.64821e-07
1.14033e-07
-1.67221e-07
1.80983e-07
-1.00388e-06
1.408e-08
-1.30323e-06
-3.36005e-06
7.32165e-08
2.60915e-06
1.31385e-07
1.45307e-06
1.38944e-07
4.332e-07
1.80461e-07
1.82577e-07
1.43684e-07
1.93859e-07
1.49557e-07
1.25088e-07
1.82243e-07
1.92666e-07
7.79406e-09
3.19966e-07
-2.55008e-07
3.73088e-07
-3.78452e-07
5.60437e-07
-2.97987e-07
3.69371e-07
-2.78829e-07
-2.34354e-07
-3.18179e-07
-5.69227e-07
-4.68023e-07
7.0427e-07
-1.24035e-07
-3.89908e-07
1.50101e-07
-6.38957e-07
2.72287e-07
-2.89407e-07
2.84137e-07
-1.01573e-06
6.26232e-09
-1.02536e-06
-3.35379e-06
9.23177e-08
2.51683e-06
1.10614e-07
1.43477e-06
1.73361e-07
3.70453e-07
2.29303e-07
1.26635e-07
1.83355e-07
2.39807e-07
2.35011e-07
7.34318e-08
2.51901e-07
1.75776e-07
5.13927e-08
5.20475e-07
-1.88374e-07
6.12854e-07
-3.35427e-07
7.0749e-07
-3.31953e-07
3.65896e-07
-4.13418e-07
-1.52888e-07
-3.12324e-07
-6.70321e-07
-6.53543e-08
4.57301e-07
1.23613e-07
-5.78876e-07
1.97203e-07
-7.12546e-07
7.63893e-08
-1.68594e-07
4.9472e-08
-9.88815e-07
6.39089e-08
-1.0398e-06
-3.28988e-06
5.92878e-08
2.45754e-06
1.08263e-07
1.3858e-06
8.76196e-08
3.91096e-07
-2.26258e-08
2.3688e-07
-1.43876e-07
3.61058e-07
-9.91175e-08
2.8673e-08
-6.62108e-09
8.32791e-08
9.94448e-08
4.14409e-07
8.79927e-08
6.24306e-07
2.68541e-08
7.68629e-07
1.09919e-08
3.81759e-07
-1.6908e-07
2.71836e-08
-3.48949e-07
-4.90453e-07
-3.63733e-08
1.44725e-07
-9.59026e-09
-6.05659e-07
-2.50099e-07
-4.72037e-07
-1.16219e-07
-3.02474e-07
-1.17052e-07
-9.87982e-07
-7.03609e-08
-1.08649e-06
-3.36024e-06
9.36562e-08
2.36389e-06
1.2927e-07
1.35018e-06
9.1544e-09
5.11212e-07
-1.2761e-07
3.73645e-07
-1.30035e-07
3.63483e-07
-2.05808e-07
1.04445e-07
-2.95437e-07
1.72908e-07
-1.68793e-07
2.87765e-07
4.02784e-09
4.51485e-07
8.97138e-08
6.82943e-07
5.05835e-08
4.20889e-07
5.19654e-08
2.58017e-08
-1.62863e-07
-2.75624e-07
1.07127e-07
-1.25265e-07
2.23035e-07
-7.21567e-07
-6.3237e-08
-1.85765e-07
1.69226e-07
-5.34936e-07
8.2437e-08
-9.01193e-07
-2.14036e-09
-1.00191e-06
-3.36238e-06
8.59264e-08
2.27796e-06
1.82429e-07
1.25368e-06
1.59749e-07
5.33892e-07
1.23335e-07
4.10059e-07
6.25621e-08
4.24256e-07
7.36258e-08
9.33816e-08
4.79323e-08
1.98602e-07
1.368e-08
3.22018e-07
9.42091e-08
3.70956e-07
2.49295e-07
5.27857e-07
2.41999e-07
4.28185e-07
2.66734e-07
1.06698e-09
1.70439e-07
-1.79329e-07
3.35749e-07
-2.90576e-07
3.77386e-07
-7.63204e-07
4.62664e-07
-2.71043e-07
5.97813e-07
-6.70085e-07
4.00232e-07
-7.03612e-07
1.58394e-07
-7.60071e-07
-3.20399e-06
7.19479e-08
2.20601e-06
1.32676e-07
1.19295e-06
1.08731e-07
5.57836e-07
3.71732e-07
1.47058e-07
3.92489e-07
4.03499e-07
4.74714e-07
1.11565e-08
5.43742e-07
1.29574e-07
5.22201e-07
3.43559e-07
8.83076e-07
1.00809e-08
8.46911e-07
5.64022e-07
1.01501e-06
2.60084e-07
9.50064e-07
6.60146e-08
9.77638e-07
-2.06902e-07
1.19796e-06
-5.10896e-07
9.71884e-07
-5.3713e-07
9.40204e-07
-2.39363e-07
4.14167e-07
-1.44049e-07
-1.24555e-07
-1.64889e-07
-6.88118e-08
-8.15815e-07
-3.2728e-06
1.5055e-07
2.05546e-06
2.52064e-07
1.09144e-06
2.30686e-07
5.79214e-07
7.90774e-08
2.98666e-07
3.28896e-07
1.5368e-07
3.96834e-07
-5.67815e-08
3.55999e-07
1.70408e-07
7.27467e-07
-2.79087e-08
1.05204e-06
-3.14493e-07
1.25079e-06
3.65277e-07
1.27784e-06
2.33031e-07
1.35704e-06
-1.31916e-08
1.08552e-06
6.46257e-08
7.73209e-07
-1.9859e-07
4.96989e-07
-2.60909e-07
-1.76428e-07
4.34054e-07
-3.19243e-07
-1.23376e-09
1.40583e-08
-4.9819e-07
2.29743e-08
-8.24731e-07
-3.24983e-06
1.36482e-07
1.91898e-06
1.39166e-07
1.08875e-06
2.56913e-07
4.61467e-07
2.43034e-07
3.12545e-07
2.99329e-07
9.73859e-08
3.30812e-07
-8.82649e-08
6.37315e-07
-1.36095e-07
1.02687e-06
-4.17465e-07
1.00476e-06
-2.92378e-07
1.25015e-06
1.19888e-07
1.10607e-06
3.77104e-07
1.01529e-06
7.75937e-08
7.24355e-07
3.5556e-07
9.95587e-08
4.26207e-07
-3.20456e-08
-1.29305e-07
-4.25042e-08
4.44512e-07
6.25564e-07
-6.69302e-07
4.05442e-07
-2.78069e-07
9.20895e-08
-5.11378e-07
-3.15774e-06
3.76614e-07
1.54236e-06
5.72047e-07
8.9332e-07
5.14344e-07
5.19171e-07
6.23336e-07
2.03553e-07
7.16629e-07
4.09299e-09
8.13547e-07
-1.85183e-07
9.56397e-07
-2.78946e-07
9.24083e-07
-3.8515e-07
7.58508e-07
-1.26804e-07
8.87261e-07
-8.86438e-09
1.07552e-06
1.88843e-07
1.10374e-06
4.93763e-08
1.32967e-06
1.29624e-07
1.24468e-06
5.11206e-07
1.09481e-06
2.05591e-08
1.0428e-06
4.96519e-07
7.66244e-07
-3.92741e-07
7.18124e-08
4.16363e-07
3.11036e-07
-7.50601e-07
-2.8467e-06
4.6881e-07
1.07355e-06
7.32073e-07
6.30057e-07
8.81914e-07
3.6933e-07
8.55958e-07
2.29509e-07
6.58693e-07
2.01357e-07
3.56467e-07
1.17043e-07
-9.92877e-08
1.76809e-07
-6.2801e-07
1.43572e-07
-8.65501e-07
1.10687e-07
-9.3579e-07
6.14244e-08
-7.90697e-07
4.37495e-08
-7.17026e-07
-2.42942e-08
-6.07428e-07
2.00256e-08
-2.24986e-07
1.28765e-07
-1.72247e-07
-3.21798e-08
1.59762e-07
1.6451e-07
-1.687e-07
-6.42795e-08
2.84478e-07
-3.68147e-08
7.94683e-07
-1.26081e-06
-2.05202e-06
1.07355e-06
1.70361e-06
2.07294e-06
2.30245e-06
2.50381e-06
2.62085e-06
2.79766e-06
2.94123e-06
3.05192e-06
3.11334e-06
3.15709e-06
3.1328e-06
3.15282e-06
3.28159e-06
3.24941e-06
3.41392e-06
3.34964e-06
3.31283e-06
2.05202e-06
)
;

boundaryField
{
    movingWall
    {
        type            calculated;
        value           uniform 0;
    }
    fixedWalls
    {
        type            calculated;
        value           uniform 0;
    }
    frontAndBack
    {
        type            empty;
        value           nonuniform 0();
    }
}


// ************************************************************************* //
