/*--------------------------------*- C++ -*----------------------------------*\
| =========                 |                                                 |
| \\      /  F ield         | OpenFOAM: The Open Source CFD Toolbox           |
|  \\    /   O peration     | Version:  5.x                                   |
|   \\  /    A nd           | Web:      www.OpenFOAM.org                      |
|    \\/     M anipulation  |                                                 |
\*---------------------------------------------------------------------------*/
FoamFile
{
    version     2.0;
    format      ascii;
    class       volScalarField;
    location    "13.3";
    object      p;
}
// * * * * * * * * * * * * * * * * * * * * * * * * * * * * * * * * * * * * * //

dimensions      [0 2 -2 0 0 0 0];

internalField   nonuniform List<scalar> 
400
(
-1.01465e-08
-0.000475385
-0.000847881
-0.00107931
-0.00115978
-0.0012157
-0.00122598
-0.00123759
-0.0012428
-0.0012394
-0.00123199
-0.00121907
-0.00120824
-0.00121018
-0.00121062
-0.00115145
-0.00101517
-0.000759002
-0.000612547
0.0002737
-0.000533364
-0.000875784
-0.00109788
-0.00120576
-0.00123446
-0.0012375
-0.00124005
-0.00123954
-0.00123544
-0.00123816
-0.00123504
-0.0012126
-0.00122296
-0.00121335
-0.00125222
-0.00119929
-0.00117947
-0.00105556
-0.00104946
-0.000425346
-0.000852229
-0.00112048
-0.00116191
-0.0012524
-0.00123027
-0.00123829
-0.00124726
-0.00123638
-0.0012461
-0.00123064
-0.0012361
-0.00121864
-0.00122761
-0.00121587
-0.00123005
-0.00119613
-0.00117645
-0.00111172
-0.00107412
-0.000817172
-0.00103832
-0.00120406
-0.00122231
-0.00124015
-0.00124906
-0.00124044
-0.0012454
-0.0012403
-0.00124124
-0.00123284
-0.00123544
-0.00121873
-0.00123323
-0.00121073
-0.00123525
-0.00120417
-0.00118918
-0.00115351
-0.001219
-0.00105718
-0.00116335
-0.00123736
-0.00124134
-0.0012436
-0.00124473
-0.00124195
-0.00124809
-0.0012422
-0.00124546
-0.00123233
-0.00123448
-0.0012205
-0.00123091
-0.00121494
-0.00122805
-0.00120257
-0.0012108
-0.00118101
-0.00117481
-0.00111473
-0.00121151
-0.00124527
-0.00125225
-0.00124226
-0.00125125
-0.00124769
-0.00125493
-0.00124918
-0.00124927
-0.0012376
-0.00123229
-0.00122337
-0.0012297
-0.00121308
-0.00122331
-0.00120061
-0.00121606
-0.00117733
-0.0012071
-0.00116094
-0.00123715
-0.00124064
-0.00126145
-0.00124749
-0.00125587
-0.00125694
-0.00126201
-0.00125923
-0.00125676
-0.00124236
-0.00123194
-0.00122818
-0.00123542
-0.00122238
-0.00123445
-0.00122049
-0.00122173
-0.00118207
-0.00120477
-0.00116933
-0.00125713
-0.00123928
-0.00126245
-0.00125626
-0.00126754
-0.00127504
-0.00128369
-0.00127865
-0.00127155
-0.00125682
-0.00123169
-0.00122685
-0.00123102
-0.00121777
-0.00123074
-0.00120953
-0.00123255
-0.00118287
-0.00120765
-0.00118438
-0.00124244
-0.00125801
-0.00126829
-0.0012786
-0.00128977
-0.00130225
-0.00131216
-0.00130911
-0.0012957
-0.00127857
-0.00124929
-0.0012385
-0.00125245
-0.0012355
-0.00124739
-0.00124054
-0.00124186
-0.00119859
-0.0012409
-0.00118623
-0.00128246
-0.00127597
-0.00128904
-0.00129011
-0.00132158
-0.00134717
-0.00136846
-0.0013593
-0.00133121
-0.00130164
-0.00126282
-0.00122755
-0.00124776
-0.00122276
-0.0012459
-0.0012276
-0.00125403
-0.00120125
-0.00119591
-0.0012089
-0.00129813
-0.00129534
-0.0012973
-0.00132022
-0.00135353
-0.00141566
-0.00147471
-0.00145709
-0.00140053
-0.00133488
-0.00128715
-0.00125167
-0.00128216
-0.00126863
-0.00130999
-0.00127108
-0.00129044
-0.00123926
-0.00125136
-0.00122209
-0.00129402
-0.00130522
-0.00132235
-0.00135417
-0.00145665
-0.00161163
-0.00173822
-0.00172865
-0.00160078
-0.00144431
-0.00131003
-0.00125225
-0.00126983
-0.00124101
-0.00129816
-0.0012606
-0.00127947
-0.00120951
-0.00124973
-0.00118845
-0.0013036
-0.00131133
-0.00133072
-0.00139799
-0.00157611
-0.0017867
-0.00196451
-0.00197187
-0.00181935
-0.00158675
-0.00132849
-0.00127253
-0.00131789
-0.00130822
-0.00135957
-0.00129832
-0.00133485
-0.00122936
-0.00128991
-0.00113259
-0.00126842
-0.00131022
-0.00132993
-0.00140851
-0.00159109
-0.00186074
-0.0020282
-0.0020257
-0.00186261
-0.00161781
-0.00132932
-0.00128705
-0.0012995
-0.00126577
-0.00125168
-0.00119681
-0.00121355
-0.00111632
-0.00113976
-0.00110403
-0.00123649
-0.00127119
-0.00128342
-0.00135143
-0.0015532
-0.00175365
-0.00189595
-0.00192036
-0.00178844
-0.00153953
-0.00131952
-0.00134296
-0.00131452
-0.00134423
-0.00142543
-0.00134684
-0.00141521
-0.00125412
-0.00132987
-0.00117614
-0.00110489
-0.00111716
-0.00117162
-0.00121679
-0.00136936
-0.0015083
-0.00162456
-0.00167055
-0.00159253
-0.00139595
-0.00128987
-0.0013107
-0.00134033
-0.00136895
-0.00139438
-0.00134781
-0.00113893
-0.00106604
-0.00115024
-0.00113707
-0.000956261
-0.00106365
-0.00108264
-0.00111199
-0.00119799
-0.00136505
-0.00141646
-0.00150181
-0.00149186
-0.00129201
-0.00124453
-0.00133358
-0.00154755
-0.00156533
-0.0013426
-0.00128039
-0.00129034
-0.00117138
-0.00133841
-0.00106199
-0.00081104
-0.000934932
-0.000957966
-0.00100068
-0.0010794
-0.00119723
-0.00126103
-0.00136847
-0.0015207
-0.00150071
-0.00146063
-0.00144314
-0.00159484
-0.00151089
-0.00128753
-0.00116434
-0.00112639
-0.00101185
-0.00102204
-0.000731122
-0.000543488
-0.000761933
-0.000872955
-0.000914208
-0.000940147
-0.000970098
-0.000944414
-0.00115347
-0.00165676
-0.00189408
-0.00167303
-0.00146598
-0.00158429
-0.00117218
-0.00126855
-0.00122125
-0.00105219
-0.0013908
-0.000851025
-0.000489435
-0.000387609
-0.000680443
-0.00079751
-0.000873743
-0.000954506
-0.00114005
-0.00131078
-0.00137074
-0.00145622
-0.00155905
-0.00156672
-0.00142604
-0.00124401
-0.00107793
-0.00100115
-0.00103124
-0.00110176
-0.00107332
-0.000319601
0.00124545
)
;

boundaryField
{
    movingWall
    {
        type            zeroGradient;
    }
    fixedWalls
    {
        type            zeroGradient;
    }
    frontAndBack
    {
        type            empty;
    }
}


// ************************************************************************* //
