/*--------------------------------*- C++ -*----------------------------------*\
| =========                 |                                                 |
| \\      /  F ield         | OpenFOAM: The Open Source CFD Toolbox           |
|  \\    /   O peration     | Version:  5.x                                   |
|   \\  /    A nd           | Web:      www.OpenFOAM.org                      |
|    \\/     M anipulation  |                                                 |
\*---------------------------------------------------------------------------*/
FoamFile
{
    version     2.0;
    format      ascii;
    class       surfaceScalarField;
    location    "13.3";
    object      phi;
}
// * * * * * * * * * * * * * * * * * * * * * * * * * * * * * * * * * * * * * //

dimensions      [0 3 -1 0 0 0 0];

internalField   nonuniform List<scalar> 
760
(
-1.03703e-06
1.03703e-06
-1.79771e-06
7.60678e-07
-2.11808e-06
3.20372e-07
-2.33061e-06
2.1253e-07
-2.33309e-06
2.472e-09
-2.3975e-06
6.44184e-08
-2.39562e-06
-1.88867e-09
-2.40927e-06
1.36539e-08
-2.4184e-06
9.12876e-09
-2.41206e-06
-6.33911e-09
-2.41711e-06
5.05361e-09
-2.38754e-06
-2.95681e-08
-2.39837e-06
1.08272e-08
-2.37319e-06
-2.51824e-08
-2.36087e-06
-1.232e-08
-2.2777e-06
-8.31648e-08
-2.18802e-06
-8.96866e-08
-1.85024e-06
-3.37783e-07
-1.17124e-06
-6.78993e-07
-1.17124e-06
-6.42313e-07
1.67935e-06
-9.65699e-07
1.08406e-06
-1.06955e-06
4.24226e-07
-1.03421e-06
1.77189e-07
-1.07034e-06
3.86017e-08
-1.02654e-06
2.06213e-08
-1.01873e-06
-9.70667e-09
-9.99448e-07
-5.6248e-09
-9.76698e-07
-1.36206e-08
-9.77204e-07
-5.83363e-09
-9.66884e-07
-5.26667e-09
-9.85418e-07
-1.10337e-08
-1.01269e-06
3.81039e-08
-1.02176e-06
-1.61212e-08
-1.04082e-06
6.74485e-09
-9.87537e-07
-1.36449e-07
-9.37053e-07
-1.40171e-07
-9.65144e-07
-3.09692e-07
-9.37507e-07
-7.0663e-07
-2.10875e-06
-3.02364e-07
1.98171e-06
-3.99609e-07
1.18131e-06
-3.80402e-07
4.05019e-07
-3.41441e-07
1.38228e-07
-3.06754e-07
3.91484e-09
-2.95749e-07
9.6162e-09
-2.72273e-07
-3.31825e-08
-2.86095e-07
8.19735e-09
-2.61491e-07
-3.82252e-08
-2.8008e-07
1.27552e-08
-2.60056e-07
-2.52899e-08
-2.90306e-07
1.92156e-08
-2.95356e-07
4.31541e-08
-3.32744e-07
2.12666e-08
-3.32494e-07
6.4947e-09
-3.064e-07
-1.62542e-07
-2.40742e-07
-2.05829e-07
-1.06004e-07
-4.4443e-07
-1.82029e-07
-6.30605e-07
-2.29078e-06
-1.40879e-07
2.12259e-06
-1.52141e-07
1.19257e-06
-1.45704e-07
3.98582e-07
-1.54722e-07
1.47246e-07
-1.71495e-07
2.0688e-08
-2.0947e-07
4.75914e-08
-2.36681e-07
-5.97223e-09
-2.65322e-07
3.68389e-08
-2.73136e-07
-3.04111e-08
-2.71183e-07
1.08016e-08
-2.64219e-07
-3.2253e-08
-2.47622e-07
2.61776e-09
-2.05966e-07
1.49838e-09
-1.56421e-07
-2.82787e-08
-1.37005e-07
-1.29207e-08
-3.53652e-08
-2.64182e-07
-1.15267e-07
-1.25927e-07
-2.56583e-07
-3.03114e-07
-2.20208e-07
-6.6698e-07
-2.51099e-06
-6.91753e-08
2.19177e-06
-8.46631e-08
1.20806e-06
-2.9646e-08
3.43565e-07
-7.99833e-08
1.97583e-07
-1.56799e-07
9.75039e-08
-2.03374e-07
9.41661e-08
-2.44169e-07
3.48226e-08
-2.47872e-07
4.05422e-08
-2.41553e-07
-3.67306e-08
-2.30241e-07
-5.1e-10
-1.74048e-07
-8.84456e-08
-1.39952e-07
-3.14787e-08
-8.15413e-08
-5.69121e-08
-2.45869e-08
-8.52332e-08
3.40572e-09
-4.09134e-08
6.88891e-09
-2.67665e-07
3.4352e-08
-1.5339e-07
7.75454e-08
-3.46307e-07
3.08569e-08
-6.20292e-07
-2.48013e-06
-2.55333e-08
2.2173e-06
-1.61817e-08
1.19871e-06
-6.59345e-09
3.33977e-07
-9.19445e-08
2.82934e-07
-1.81855e-07
1.87414e-07
-2.33059e-07
1.4537e-07
-2.78554e-07
8.03179e-08
-2.90987e-07
5.29747e-08
-2.89972e-07
-3.77456e-08
-2.80801e-07
-9.6805e-09
-2.19903e-07
-1.49344e-07
-1.88872e-07
-6.25093e-08
-1.5567e-07
-9.01139e-08
-1.10303e-07
-1.30601e-07
-1.26852e-07
-2.43641e-08
-1.64445e-07
-2.30072e-07
-9.18939e-08
-2.25941e-07
-5.79967e-08
-3.80204e-07
-9.23621e-08
-5.85926e-07
-2.57249e-06
5.94427e-09
2.21135e-06
-4.39828e-08
1.24864e-06
-8.97047e-08
3.79698e-07
-1.11387e-07
3.04617e-07
-1.99856e-07
2.75883e-07
-2.72503e-07
2.18017e-07
-3.1238e-07
1.20195e-07
-3.21806e-07
6.24009e-08
-3.11729e-07
-4.78222e-08
-3.01985e-07
-1.94249e-08
-1.84077e-07
-2.67251e-07
-1.45351e-07
-1.01236e-07
-8.35055e-08
-1.51959e-07
-3.60973e-08
-1.78009e-07
3.31733e-08
-9.36347e-08
1.04943e-07
-3.01842e-07
3.03468e-08
-1.51345e-07
1.88074e-08
-3.68665e-07
2.24144e-08
-5.89533e-07
-2.55008e-06
5.26698e-09
2.20609e-06
1.43388e-08
1.23956e-06
-5.14748e-08
4.45512e-07
-1.8861e-07
4.41751e-07
-2.88279e-07
3.75552e-07
-3.44492e-07
2.7423e-07
-4.12566e-07
1.88269e-07
-4.12105e-07
6.19397e-08
-4.04678e-07
-5.52484e-08
-3.89228e-07
-3.48747e-08
-2.42375e-07
-4.14105e-07
-2.19213e-07
-1.24398e-07
-2.11624e-07
-1.59549e-07
-2.25104e-07
-1.64529e-07
-1.25273e-07
-1.93465e-07
-1.19194e-07
-3.0792e-07
-1.34637e-07
-1.35903e-07
-5.78975e-08
-4.45404e-07
-6.61489e-08
-5.81282e-07
-2.61623e-06
-2.65089e-09
2.20874e-06
-3.92393e-08
1.27615e-06
-1.62991e-07
5.69264e-07
-2.09211e-07
4.87971e-07
-2.91022e-07
4.57363e-07
-3.95317e-07
3.78525e-07
-4.37083e-07
2.30034e-07
-4.56438e-07
8.12944e-08
-4.50594e-07
-6.10924e-08
-3.64677e-07
-1.20791e-07
-1.6591e-07
-6.12872e-07
-1.6619e-07
-1.24118e-07
-1.54534e-07
-1.71205e-07
-1.75748e-07
-1.43316e-07
-8.23176e-08
-2.86895e-07
-4.10079e-08
-3.4923e-07
-2.59559e-08
-1.50955e-07
2.89932e-08
-5.00353e-07
-5.5954e-09
-5.46693e-07
-2.62182e-06
-1.45354e-08
2.22327e-06
-2.52803e-08
1.2869e-06
-9.96772e-08
6.43661e-07
-2.01316e-07
5.8961e-07
-3.63907e-07
6.19954e-07
-5.47398e-07
5.62016e-07
-6.50838e-07
3.33474e-07
-6.49043e-07
7.94992e-08
-5.37642e-07
-1.72494e-07
-3.1211e-07
-3.46323e-07
-1.94195e-07
-7.30786e-07
-1.85241e-07
-1.33072e-07
-2.10828e-07
-1.45618e-07
-2.61333e-07
-9.28109e-08
-3.47155e-07
-2.01073e-07
-4.00557e-07
-2.95828e-07
-2.78152e-07
-2.7336e-07
-1.27378e-07
-6.51127e-07
-1.11398e-08
-6.62931e-07
-2.63296e-06
-5.5965e-08
2.27924e-06
4.84112e-09
1.22609e-06
-9.44054e-08
7.42907e-07
-3.33605e-07
8.2881e-07
-6.29535e-07
9.15883e-07
-8.54029e-07
7.8651e-07
-9.61502e-07
4.40948e-07
-8.39834e-07
-4.21692e-08
-5.49864e-07
-4.62464e-07
-1.82052e-07
-7.14134e-07
-4.45917e-08
-8.68247e-07
-7.84447e-09
-1.6982e-07
-5.20907e-08
-1.01372e-07
-1.7415e-07
2.92488e-08
-2.61121e-07
-1.14102e-07
-2.42458e-07
-3.14491e-07
-1.89397e-07
-3.26421e-07
-1.41956e-07
-6.98569e-07
-4.36798e-08
-7.61207e-07
-2.67664e-06
2.30463e-08
2.25619e-06
-7.87369e-08
1.32787e-06
-2.29569e-07
8.93739e-07
-4.93683e-07
1.09292e-06
-7.7029e-07
1.19249e-06
-9.59844e-07
9.76064e-07
-9.60701e-07
4.41804e-07
-8.27743e-07
-1.75127e-07
-5.94028e-07
-6.96178e-07
-2.1653e-07
-1.09163e-06
-6.87807e-08
-1.016e-06
4.22667e-08
-2.80867e-07
1.08415e-07
-1.6752e-07
8.94501e-08
4.82135e-08
1.27475e-08
-3.73998e-08
-1.79924e-08
-2.83751e-07
-3.46967e-08
-3.09717e-07
-1.39307e-07
-5.93958e-07
2.64191e-09
-9.03156e-07
-2.674e-06
-5.22362e-09
2.26142e-06
1.83692e-08
1.30428e-06
-1.39836e-07
1.05194e-06
-2.82457e-07
1.23555e-06
-3.5346e-07
1.26349e-06
-3.72065e-07
9.94669e-07
-3.83246e-07
4.52985e-07
-2.78032e-07
-2.80341e-07
-1.70917e-07
-8.03293e-07
4.9025e-08
-1.31157e-06
1.80107e-07
-1.14708e-06
2.73863e-07
-3.74623e-07
4.54297e-07
-3.47954e-07
5.22738e-07
-2.02278e-08
5.03016e-07
-1.76775e-08
4.66007e-07
-2.46742e-07
3.80876e-07
-2.24586e-07
2.18505e-07
-4.31586e-07
-2.68825e-08
-6.57769e-07
-2.70088e-06
2.19066e-09
2.25923e-06
3.04859e-08
1.27599e-06
9.68065e-08
9.85624e-07
7.94423e-08
1.25291e-06
5.5757e-08
1.28718e-06
1.51909e-07
8.98517e-07
2.97498e-07
3.07397e-07
4.06323e-07
-3.89166e-07
4.67587e-07
-8.64558e-07
4.52637e-07
-1.29662e-06
3.8861e-07
-1.08305e-06
2.20793e-07
-2.06805e-07
-3.08288e-08
-9.63322e-08
-1.56305e-07
1.05249e-07
-1.53656e-07
-2.03267e-08
-2.65971e-07
-1.34427e-07
-1.10814e-07
-3.79744e-07
-4.63671e-08
-4.96033e-07
2.56701e-08
-7.29807e-07
-2.67521e-06
1.24433e-07
2.13479e-06
2.47346e-07
1.15307e-06
2.62004e-07
9.70967e-07
4.98465e-07
1.01645e-06
6.94983e-07
1.09066e-06
8.50354e-07
7.43145e-07
1.01115e-06
1.46605e-07
9.18284e-07
-2.96304e-07
9.68742e-07
-9.15016e-07
7.97889e-07
-1.12577e-06
4.43671e-07
-7.28835e-07
3.78761e-07
-1.41895e-07
3.06737e-07
-2.43085e-08
-1.17367e-08
4.23722e-07
-1.09017e-07
7.69535e-08
-1.61414e-07
-8.20295e-08
-5.76963e-09
-5.35388e-07
-1.08136e-07
-3.93667e-07
-1.59568e-07
-6.78375e-07
-2.83478e-06
1.6653e-07
1.96826e-06
3.30046e-07
9.89557e-07
5.60875e-07
7.40137e-07
7.72997e-07
8.04326e-07
9.9325e-07
8.70409e-07
1.26587e-06
4.70527e-07
1.30572e-06
1.06756e-07
1.38458e-06
-3.75168e-07
1.32053e-06
-8.50966e-07
8.39679e-07
-6.44919e-07
3.88189e-07
-2.77345e-07
3.92428e-07
-1.46134e-07
5.2401e-07
-1.5589e-07
7.25197e-07
2.22535e-07
9.64265e-07
-1.62115e-07
7.33434e-07
1.48802e-07
2.65655e-07
-6.76092e-08
-5.9707e-08
-6.83045e-08
7.90886e-08
-8.17171e-07
-2.75569e-06
1.62562e-07
1.8057e-06
1.67844e-07
9.84275e-07
3.8951e-07
5.18472e-07
6.46294e-07
5.47541e-07
9.75723e-07
5.40981e-07
1.23778e-06
2.0847e-07
1.38947e-06
-4.49369e-08
1.60303e-06
-5.88729e-07
1.42749e-06
-6.75424e-07
8.05418e-07
-2.28454e-08
1.58633e-07
3.69441e-07
-2.42084e-07
2.54583e-07
-5.84216e-07
1.86242e-07
-4.06416e-07
4.47345e-08
-1.85173e-07
-3.83358e-07
-2.92438e-07
2.56067e-07
1.1198e-07
-4.72027e-07
1.43183e-07
-9.95069e-08
-5.64765e-08
-6.17512e-07
-2.81217e-06
4.09003e-07
1.3967e-06
6.31637e-07
7.61641e-07
9.05784e-07
2.44325e-07
1.25206e-06
2.01261e-07
1.53018e-06
2.62866e-07
1.60954e-06
1.29107e-07
1.87942e-06
-3.14816e-07
1.83683e-06
-5.4614e-07
1.55176e-06
-3.90347e-07
1.57243e-06
-4.35161e-08
1.69476e-06
2.47106e-07
1.85256e-06
9.67863e-08
1.88823e-06
1.50569e-07
1.67948e-06
2.53489e-07
1.32007e-06
-2.39526e-08
9.60042e-07
6.16096e-07
6.45868e-07
-1.57853e-07
4.4844e-07
9.79211e-08
3.36185e-07
-5.05256e-07
-2.47598e-06
4.48035e-07
9.48661e-07
6.99843e-07
5.09833e-07
7.98983e-07
1.45185e-07
8.83564e-07
1.1668e-07
8.7579e-07
2.7064e-07
7.53001e-07
2.51896e-07
2.90894e-07
1.47291e-07
-4.07729e-07
1.52482e-07
-9.21837e-07
1.23761e-07
-1.05049e-06
8.51398e-08
-8.03915e-07
5.28358e-10
-6.81226e-07
-2.5903e-08
-4.89311e-07
-4.13456e-08
-2.54083e-07
1.82612e-08
-3.29374e-07
5.13385e-08
1.4664e-07
1.40081e-07
-1.48718e-07
1.37505e-07
1.5433e-07
-2.05127e-07
8.27894e-07
-1.17882e-06
-1.64809e-06
9.48661e-07
1.45849e-06
1.60368e-06
1.72036e-06
1.991e-06
2.2429e-06
2.39019e-06
2.54267e-06
2.66643e-06
2.75157e-06
2.7521e-06
2.7262e-06
2.68485e-06
2.70311e-06
2.75445e-06
2.89453e-06
3.03203e-06
2.82691e-06
1.64809e-06
)
;

boundaryField
{
    movingWall
    {
        type            calculated;
        value           uniform 0;
    }
    fixedWalls
    {
        type            calculated;
        value           uniform 0;
    }
    frontAndBack
    {
        type            empty;
        value           nonuniform 0();
    }
}


// ************************************************************************* //
