/*--------------------------------*- C++ -*----------------------------------*\
| =========                 |                                                 |
| \\      /  F ield         | OpenFOAM: The Open Source CFD Toolbox           |
|  \\    /   O peration     | Version:  5.x                                   |
|   \\  /    A nd           | Web:      www.OpenFOAM.org                      |
|    \\/     M anipulation  |                                                 |
\*---------------------------------------------------------------------------*/
FoamFile
{
    version     2.0;
    format      ascii;
    class       volScalarField;
    location    "11.1";
    object      p;
}
// * * * * * * * * * * * * * * * * * * * * * * * * * * * * * * * * * * * * * //

dimensions      [0 2 -2 0 0 0 0];

internalField   nonuniform List<scalar> 
400
(
6.05094e-09
-0.000505218
-0.000843255
-0.00105726
-0.0011533
-0.0011814
-0.00120766
-0.00122145
-0.00121346
-0.00121761
-0.00122137
-0.00121552
-0.00120113
-0.00117211
-0.0011702
-0.00112459
-0.000999277
-0.000770393
-0.000586553
0.000354992
-0.000603124
-0.000887179
-0.00106892
-0.00114801
-0.00119966
-0.00120113
-0.00121601
-0.00123002
-0.00122098
-0.00121706
-0.00122287
-0.00121837
-0.00121039
-0.00117303
-0.00118057
-0.00116001
-0.00116251
-0.00111061
-0.00103988
-0.000383397
-0.000838714
-0.00109428
-0.00116368
-0.00119056
-0.0012105
-0.00121239
-0.001218
-0.00121968
-0.00122324
-0.00121283
-0.00122725
-0.00120649
-0.00121419
-0.00118764
-0.00119308
-0.0011773
-0.00119364
-0.00115729
-0.00108867
-0.000812438
-0.00104245
-0.00117306
-0.0011811
-0.00118992
-0.00120211
-0.00120997
-0.00121688
-0.0012195
-0.0012232
-0.00121544
-0.00121682
-0.00120514
-0.00120559
-0.0011823
-0.00119454
-0.00117263
-0.00118191
-0.00118168
-0.00122448
-0.00107196
-0.00110785
-0.00114242
-0.00116136
-0.00118363
-0.00119892
-0.001211
-0.0012197
-0.00121975
-0.00122587
-0.00121362
-0.00122362
-0.00120344
-0.00121504
-0.00119285
-0.00120754
-0.00119894
-0.00121026
-0.00120252
-0.00118995
-0.00113419
-0.00115406
-0.00118145
-0.00117199
-0.00119415
-0.00120994
-0.00122181
-0.00123
-0.00122813
-0.00123117
-0.00121885
-0.00121923
-0.00120441
-0.00120498
-0.00118866
-0.0011938
-0.00117861
-0.00119835
-0.00116793
-0.00120663
-0.00117126
-0.00114935
-0.00115507
-0.00115025
-0.00119482
-0.00122327
-0.00124023
-0.00124476
-0.00124082
-0.00124107
-0.00122513
-0.00122817
-0.00120888
-0.00121723
-0.00119794
-0.00121225
-0.00119729
-0.00121256
-0.00120102
-0.00121439
-0.00117773
-0.00118156
-0.00119754
-0.00122207
-0.0012611
-0.00128527
-0.001294
-0.00128244
-0.00126623
-0.00125474
-0.00123304
-0.00122633
-0.00120712
-0.00120587
-0.00118974
-0.00119555
-0.0011763
-0.00119476
-0.00116574
-0.00118421
-0.00118394
-0.00125706
-0.00126546
-0.00128354
-0.00134483
-0.00138677
-0.00138134
-0.00134191
-0.00130545
-0.00127731
-0.0012498
-0.00123912
-0.00121596
-0.00121827
-0.00119677
-0.00120882
-0.0011862
-0.00120941
-0.00118782
-0.00122259
-0.00117848
-0.00130211
-0.00132394
-0.00141156
-0.00153257
-0.00160408
-0.00159268
-0.00147299
-0.00136461
-0.00129882
-0.00125256
-0.00123463
-0.00120385
-0.00120369
-0.00118234
-0.00119493
-0.00116789
-0.00118517
-0.00115184
-0.00116556
-0.00116273
-0.00140295
-0.00149976
-0.00163144
-0.00179738
-0.00189129
-0.00187905
-0.00168957
-0.00146005
-0.00134125
-0.00127211
-0.00124924
-0.00121239
-0.00122155
-0.00118872
-0.00119954
-0.00116202
-0.00120665
-0.00115974
-0.00121623
-0.00114442
-0.00143325
-0.00155269
-0.0017347
-0.00196822
-0.00212271
-0.00212938
-0.00184651
-0.00148482
-0.00133337
-0.00125772
-0.00123405
-0.00118755
-0.00119169
-0.00118077
-0.0011858
-0.00112902
-0.00116349
-0.00112418
-0.00113586
-0.00111593
-0.00132234
-0.00149029
-0.00171552
-0.00194947
-0.00213372
-0.00211181
-0.00183942
-0.00151003
-0.00130001
-0.00122183
-0.00118697
-0.00118886
-0.00120961
-0.0012032
-0.0012123
-0.00111946
-0.00118821
-0.00114633
-0.00118595
-0.00113688
-0.00108017
-0.00126866
-0.0015626
-0.00177134
-0.00196455
-0.00196859
-0.00166332
-0.00140066
-0.00132937
-0.00131908
-0.00126758
-0.00124293
-0.00120863
-0.00117583
-0.00112963
-0.00107085
-0.00114439
-0.00108919
-0.00115325
-0.00113549
-0.000746401
-0.00100911
-0.00124524
-0.00145621
-0.00159492
-0.00159645
-0.00139899
-0.00121739
-0.00124453
-0.00122807
-0.0012267
-0.00124461
-0.00114907
-0.001251
-0.00114003
-0.00117562
-0.00122866
-0.00115023
-0.00129238
-0.00115304
-0.000689452
-0.000938169
-0.00105868
-0.00116319
-0.00120888
-0.00121106
-0.00122941
-0.00120159
-0.00119147
-0.00114352
-0.00109619
-0.00108654
-0.00108393
-0.00109468
-0.00109317
-0.00104389
-0.00108616
-0.00111977
-0.0011029
-0.00108506
-0.000891346
-0.00100513
-0.00105299
-0.00109193
-0.00108225
-0.00109772
-0.00114024
-0.00112029
-0.00117308
-0.00113323
-0.00115764
-0.00115915
-0.00112742
-0.00120281
-0.00113587
-0.00120099
-0.00133774
-0.00109254
-0.00124843
-0.000995084
-0.000930613
-0.00112775
-0.00102884
-0.00105508
-0.00107364
-0.00109587
-0.0011364
-0.00114893
-0.00114591
-0.00113017
-0.00113047
-0.00109585
-0.00110542
-0.00111272
-0.00110258
-0.00125291
-0.00118547
-0.000944604
-0.000989691
-0.000748301
-0.000913808
-0.00104456
-0.00105298
-0.00105529
-0.00102596
-0.0010185
-0.00106848
-0.00108642
-0.00112176
-0.00113439
-0.00114289
-0.00111846
-0.00118397
-0.00108316
-0.00119822
-0.001186
-0.00106104
-0.00129364
-0.00096102
-0.000555489
-0.0010682
-0.00101608
-0.0009686
-0.00105472
-0.00104113
-0.00106922
-0.00109571
-0.00111041
-0.00111095
-0.0011105
-0.00110285
-0.00109627
-0.00108272
-0.00107101
-0.00111312
-0.00116187
-0.00109136
-0.000828984
-0.000389863
0.000937487
)
;

boundaryField
{
    movingWall
    {
        type            zeroGradient;
    }
    fixedWalls
    {
        type            zeroGradient;
    }
    frontAndBack
    {
        type            empty;
    }
}


// ************************************************************************* //
