/*--------------------------------*- C++ -*----------------------------------*\
| =========                 |                                                 |
| \\      /  F ield         | OpenFOAM: The Open Source CFD Toolbox           |
|  \\    /   O peration     | Version:  5.x                                   |
|   \\  /    A nd           | Web:      www.OpenFOAM.org                      |
|    \\/     M anipulation  |                                                 |
\*---------------------------------------------------------------------------*/
FoamFile
{
    version     2.0;
    format      ascii;
    class       surfaceScalarField;
    location    "11.1";
    object      phi;
}
// * * * * * * * * * * * * * * * * * * * * * * * * * * * * * * * * * * * * * //

dimensions      [0 3 -1 0 0 0 0];

internalField   nonuniform List<scalar> 
760
(
-1.02818e-06
1.02818e-06
-1.80937e-06
7.81189e-07
-2.09408e-06
2.84709e-07
-2.26598e-06
1.71896e-07
-2.31072e-06
4.47432e-08
-2.32163e-06
1.09139e-08
-2.36728e-06
4.56493e-08
-2.36938e-06
2.10009e-09
-2.36698e-06
-2.40769e-09
-2.38859e-06
2.16173e-08
-2.41661e-06
2.80178e-08
-2.40423e-06
-1.23843e-08
-2.4023e-06
-1.92814e-09
-2.35569e-06
-4.66049e-08
-2.35859e-06
2.89298e-09
-2.2659e-06
-9.26838e-08
-2.21828e-06
-4.76252e-08
-1.91567e-06
-3.02612e-07
-1.23007e-06
-6.85599e-07
-1.23007e-06
-6.26175e-07
1.65436e-06
-8.62117e-07
1.01713e-06
-9.40457e-07
3.6305e-07
-9.87641e-07
2.1908e-07
-1.00632e-06
6.34226e-08
-1.04402e-06
4.86149e-08
-1.02426e-06
2.58842e-08
-1.03221e-06
1.00545e-08
-1.04332e-06
8.70222e-09
-1.0091e-06
-1.26077e-08
-9.84008e-07
2.93021e-09
-9.49257e-07
-4.71351e-08
-9.40577e-07
-1.06086e-08
-9.17553e-07
-6.96283e-08
-9.44203e-07
2.95426e-08
-1.00377e-06
-3.31181e-08
-1.06324e-06
1.18477e-08
-1.04768e-06
-3.1817e-07
-9.35465e-07
-7.97816e-07
-2.16553e-06
-3.1465e-07
1.96901e-06
-3.72504e-07
1.07498e-06
-3.43137e-07
3.33683e-07
-3.11924e-07
1.87866e-07
-3.22272e-07
7.37707e-08
-3.29353e-07
5.56966e-08
-3.05989e-07
2.51939e-09
-2.91944e-07
-3.98983e-09
-2.71966e-07
-1.12759e-08
-2.47542e-07
-3.70316e-08
-2.09345e-07
-3.52667e-08
-2.09231e-07
-4.72491e-08
-1.86471e-07
-3.33691e-08
-2.04823e-07
-5.12761e-08
-2.1313e-07
3.78498e-08
-2.36475e-07
-9.77288e-09
-2.22257e-07
-2.37112e-09
-1.34125e-07
-4.06302e-07
-2.26632e-07
-7.05308e-07
-2.39216e-06
-7.19169e-08
2.04093e-06
-5.71414e-08
1.06021e-06
-7.23607e-08
3.48902e-07
-1.0376e-07
2.19265e-07
-1.65916e-07
1.35927e-07
-2.03661e-07
9.34412e-08
-2.05906e-07
4.76441e-09
-2.1004e-07
1.44208e-10
-1.9259e-07
-2.87259e-08
-1.84845e-07
-4.47766e-08
-1.80128e-07
-3.99834e-08
-1.76456e-07
-5.09207e-08
-2.01125e-07
-8.70069e-09
-2.04319e-07
-4.8082e-08
-2.24035e-07
5.75656e-08
-1.55281e-07
-7.85268e-08
-1.22882e-07
-3.47697e-08
-2.387e-07
-2.90484e-07
-2.09823e-07
-7.34185e-07
-2.60199e-06
-7.33326e-09
2.04826e-06
7.19418e-09
1.04568e-06
-8.18574e-08
4.37954e-07
-1.50807e-07
2.88215e-07
-2.11069e-07
1.96189e-07
-2.42525e-07
1.24897e-07
-2.53236e-07
1.54756e-08
-2.39142e-07
-1.395e-08
-2.08305e-07
-5.95632e-08
-1.79553e-07
-7.3528e-08
-1.42229e-07
-7.73073e-08
-1.0474e-07
-8.84103e-08
-6.28251e-08
-5.06153e-08
-1.21084e-08
-9.87987e-08
4.5226e-08
2.3125e-10
1.20128e-07
-1.53428e-07
1.1133e-07
-2.59716e-08
5.93134e-08
-2.38468e-07
9.2762e-10
-6.758e-07
-2.60106e-06
-2.30302e-08
2.07129e-06
-1.70466e-08
1.0397e-06
-1.51724e-07
5.72631e-07
-2.23988e-07
3.60479e-07
-2.69778e-07
2.4198e-07
-2.83494e-07
1.38613e-07
-2.7907e-07
1.10508e-08
-2.49597e-07
-4.34221e-08
-2.14494e-07
-9.46669e-08
-1.81424e-07
-1.06598e-07
-1.61426e-07
-9.73046e-08
-1.34528e-07
-1.15309e-07
-1.26905e-07
-5.8238e-08
-1.09016e-07
-1.16687e-07
-9.22292e-08
-1.65557e-08
-1.09717e-07
-1.3594e-07
-7.57572e-08
-5.99317e-08
-5.89214e-08
-2.55304e-07
-4.75442e-08
-6.87177e-07
-2.64861e-06
3.38607e-08
2.03743e-06
-4.39853e-08
1.11754e-06
-2.03282e-07
7.31928e-07
-3.48077e-07
5.05274e-07
-4.00734e-07
2.94637e-07
-3.93946e-07
1.31825e-07
-3.55147e-07
-2.77484e-08
-3.01184e-07
-9.73848e-08
-2.37576e-07
-1.58275e-07
-1.84006e-07
-1.60169e-07
-1.24746e-07
-1.56564e-07
-8.21667e-08
-1.57888e-07
-3.21637e-08
-1.08241e-07
1.27288e-08
-1.6158e-07
4.8258e-08
-5.20849e-08
9.25252e-08
-1.80208e-07
8.52474e-08
-5.26539e-08
3.09514e-08
-2.01008e-07
-7.98416e-09
-6.48241e-07
-2.65659e-06
-4.89218e-08
2.08635e-06
-2.63879e-07
1.3325e-06
-4.54044e-07
9.22093e-07
-5.55479e-07
6.06709e-07
-5.98369e-07
3.37527e-07
-5.4669e-07
8.01451e-08
-4.30729e-07
-1.43709e-07
-3.40645e-07
-1.87469e-07
-2.67837e-07
-2.31083e-07
-2.05199e-07
-2.22806e-07
-1.59781e-07
-2.01982e-07
-1.28236e-07
-1.89434e-07
-9.55077e-08
-1.40969e-07
-8.423e-08
-1.72858e-07
-5.34062e-08
-8.29087e-08
-6.01063e-08
-1.73508e-07
-5.75835e-08
-5.51767e-08
-1.0954e-08
-2.47637e-07
9.56051e-09
-6.68756e-07
-2.64703e-06
-8.42319e-09
2.09477e-06
-2.17795e-07
1.54187e-06
-5.15803e-07
1.2201e-06
-7.09165e-07
8.00071e-07
-7.99844e-07
4.28206e-07
-7.22919e-07
3.22027e-09
-5.02104e-07
-3.64525e-07
-3.31942e-07
-3.57631e-07
-2.25034e-07
-3.3799e-07
-1.62849e-07
-2.84992e-07
-9.32619e-08
-2.71569e-07
-6.46162e-08
-2.18079e-07
-1.84032e-08
-1.87182e-07
-1.09152e-08
-1.80346e-07
4.36845e-08
-1.37508e-07
9.59498e-08
-2.25773e-07
8.57484e-08
-4.49754e-08
4.35385e-08
-2.05427e-07
-2.52526e-08
-5.99965e-07
-2.67228e-06
-1.27361e-07
2.22213e-06
-3.49271e-07
1.76378e-06
-6.46171e-07
1.517e-06
-8.90536e-07
1.04444e-06
-9.74495e-07
5.12165e-07
-8.85091e-07
-8.61832e-08
-6.26285e-07
-6.23331e-07
-3.61694e-07
-6.22222e-07
-1.90461e-07
-5.09223e-07
-1.46562e-07
-3.28891e-07
-1.05185e-07
-3.12945e-07
-9.69366e-08
-2.26328e-07
-5.85112e-08
-2.25607e-07
-6.78627e-08
-1.70994e-07
5.96775e-10
-2.05968e-07
2.95199e-08
-2.54696e-07
-6.15652e-09
-9.29898e-09
1.07934e-08
-2.22377e-07
3.09584e-08
-6.2013e-07
-2.64132e-06
-1.68977e-07
2.39111e-06
-3.3522e-07
1.93003e-06
-5.29651e-07
1.71143e-06
-6.24619e-07
1.1394e-06
-7.13631e-07
6.01177e-07
-6.92652e-07
-1.07162e-07
-5.4524e-07
-7.70743e-07
-3.0417e-07
-8.63292e-07
-6.72225e-08
-7.46171e-07
-9.99322e-09
-3.86121e-07
3.32656e-08
-3.56204e-07
2.33318e-08
-2.16394e-07
-2.54967e-09
-1.99726e-07
-5.87542e-08
-1.14789e-07
2.7967e-09
-2.67519e-07
-3.11868e-08
-2.20712e-07
4.7521e-08
-8.80068e-08
1.071e-07
-2.81956e-07
-3.08499e-08
-4.8218e-07
-2.67217e-06
1.3398e-07
2.25713e-06
-4.6969e-09
2.0687e-06
-3.105e-09
1.70984e-06
-5.79038e-08
1.1942e-06
-1.79496e-07
7.22769e-07
-1.38462e-07
-1.48196e-07
1.41126e-10
-9.09346e-07
2.03678e-08
-8.83519e-07
-2.63981e-08
-6.99405e-07
-2.07875e-08
-3.91731e-07
9.90506e-10
-3.77982e-07
-4.31675e-08
-1.72236e-07
-8.90113e-08
-1.53882e-07
-1.94449e-07
-9.35177e-09
-5.63032e-08
-4.05665e-07
-8.22775e-08
-1.94738e-07
-3.83397e-08
-1.31945e-07
9.32379e-08
-4.13534e-07
4.74675e-08
-4.36409e-07
-2.62471e-06
1.34865e-07
2.12227e-06
3.38286e-07
1.86528e-06
4.84877e-07
1.56325e-06
5.34282e-07
1.1448e-06
5.9219e-07
6.64861e-07
5.64076e-07
-1.20082e-07
5.98648e-07
-9.43918e-07
7.57142e-07
-1.04201e-06
7.20379e-07
-6.62642e-07
5.00988e-07
-1.7234e-07
3.81026e-07
-2.5802e-07
2.01017e-07
7.77257e-09
2.06882e-07
-1.59748e-07
1.98653e-07
-1.12245e-09
7.41826e-08
-2.81194e-07
-1.18047e-08
-1.08751e-07
-4.7399e-08
-9.63503e-08
-8.70762e-08
-3.73857e-07
-6.16042e-08
-4.61881e-07
-2.68631e-06
5.49802e-07
1.57246e-06
8.54226e-07
1.56086e-06
1.06825e-06
1.34923e-06
1.13431e-06
1.07873e-06
1.2159e-06
5.83273e-07
1.21878e-06
-1.22958e-07
9.09301e-07
-6.34444e-07
6.64517e-07
-7.97228e-07
7.50893e-07
-7.49018e-07
8.98432e-07
-3.19879e-07
9.28689e-07
-2.88278e-07
9.55945e-07
-1.94826e-08
8.65246e-07
-6.90489e-08
7.82969e-07
8.11541e-08
3.23149e-07
1.78626e-07
-1.33566e-07
3.47964e-07
-1.21964e-07
-1.07952e-07
-1.30829e-07
-3.64992e-07
4.54536e-08
-6.38164e-07
-2.64086e-06
7.7248e-07
7.99984e-07
1.27486e-06
1.05848e-06
1.62222e-06
1.00187e-06
1.84719e-06
8.53765e-07
1.82888e-06
6.01588e-07
1.69035e-06
1.55678e-08
1.18615e-06
-1.30239e-07
5.09142e-07
-1.20224e-07
-1.27066e-08
-2.27169e-07
-1.11129e-07
-2.21457e-07
-2.35015e-07
-1.64391e-07
-1.71755e-07
-8.27428e-08
-1.23056e-07
-1.17748e-07
-1.27384e-07
8.54819e-08
1.07049e-07
-5.58069e-08
1.70784e-07
2.84229e-07
2.83965e-07
-2.21133e-07
-1.62898e-08
-6.47367e-08
-6.31248e-08
-5.91329e-07
-2.70398e-06
7.36372e-07
6.36123e-08
1.26467e-06
5.30182e-07
1.6068e-06
6.5973e-07
1.88656e-06
5.74007e-07
1.96748e-06
5.20671e-07
1.91368e-06
6.93655e-08
1.72203e-06
6.14065e-08
1.61083e-06
-9.01587e-09
1.35952e-06
2.41341e-08
1.00782e-06
1.30244e-07
7.68484e-07
7.4946e-08
4.97329e-07
1.88412e-07
3.90854e-07
-1.12735e-08
2.75279e-07
2.01058e-07
1.16949e-07
1.02523e-07
2.22607e-07
1.78571e-07
3.76555e-07
-3.75081e-07
1.63182e-07
1.48637e-07
1.12851e-07
-5.40999e-07
-2.59113e-06
4.02736e-07
-3.39124e-07
4.3546e-07
4.97458e-07
6.13797e-07
4.81393e-07
7.25824e-07
4.6198e-07
6.89782e-07
5.56713e-07
4.89874e-07
2.69274e-07
3.83737e-07
1.67544e-07
2.64731e-07
1.0999e-07
2.01269e-07
8.75956e-08
1.96305e-07
1.35207e-07
1.01775e-07
1.69476e-07
1.79835e-07
1.10353e-07
-2.72141e-09
1.71283e-07
-8.20903e-09
2.06545e-07
3.44621e-09
9.08678e-08
-2.3068e-07
4.12697e-07
2.40196e-08
-6.29781e-07
1.43154e-07
2.95028e-08
1.04557e-08
-4.08301e-07
-2.58067e-06
-3.40508e-08
-3.05073e-07
3.15089e-07
1.48319e-07
4.36691e-07
3.59791e-07
5.97141e-07
3.0153e-07
8.17203e-07
3.36651e-07
8.45306e-07
2.41171e-07
8.56812e-07
1.56037e-07
8.29472e-07
1.3733e-07
7.95186e-07
1.21882e-07
8.09511e-07
1.20882e-07
7.79418e-07
1.9957e-07
7.66456e-07
1.23315e-07
7.96621e-07
1.41118e-07
6.78527e-07
3.24639e-07
8.30422e-07
-6.10271e-08
8.45462e-07
3.97657e-07
5.83161e-07
-3.67481e-07
3.51877e-07
2.60787e-07
2.94225e-07
-3.50649e-07
-2.28645e-06
-6.72337e-07
3.67264e-07
-7.80913e-07
2.56894e-07
-6.79495e-07
2.58373e-07
-5.57643e-07
1.79678e-07
-4.33705e-07
2.12712e-07
-3.64398e-07
1.71864e-07
-3.82696e-07
1.74336e-07
-3.69932e-07
1.24566e-07
-3.83553e-07
1.35504e-07
-3.68983e-07
1.06312e-07
-2.84124e-07
1.1471e-07
-2.6732e-07
1.06511e-07
-1.91135e-07
6.4933e-08
-4.21486e-08
1.75653e-07
-2.33404e-07
1.30229e-07
8.53988e-08
7.88542e-08
-2.3635e-07
-4.57319e-08
6.36193e-08
-3.91818e-08
7.35599e-07
-1.02263e-06
-1.55085e-06
3.67264e-07
6.24158e-07
8.82531e-07
1.06221e-06
1.27492e-06
1.44679e-06
1.62112e-06
1.74569e-06
1.88119e-06
1.9875e-06
2.10221e-06
2.20872e-06
2.27366e-06
2.44931e-06
2.57954e-06
2.65839e-06
2.61266e-06
2.57348e-06
1.55085e-06
)
;

boundaryField
{
    movingWall
    {
        type            calculated;
        value           uniform 0;
    }
    fixedWalls
    {
        type            calculated;
        value           uniform 0;
    }
    frontAndBack
    {
        type            empty;
        value           nonuniform 0();
    }
}


// ************************************************************************* //
