/*--------------------------------*- C++ -*----------------------------------*\
| =========                 |                                                 |
| \\      /  F ield         | OpenFOAM: The Open Source CFD Toolbox           |
|  \\    /   O peration     | Version:  5.x                                   |
|   \\  /    A nd           | Web:      www.OpenFOAM.org                      |
|    \\/     M anipulation  |                                                 |
\*---------------------------------------------------------------------------*/
FoamFile
{
    version     2.0;
    format      ascii;
    class       volVectorField;
    location    "11.1";
    object      U;
}
// * * * * * * * * * * * * * * * * * * * * * * * * * * * * * * * * * * * * * //

dimensions      [0 1 -1 0 0 0 0];

internalField   nonuniform List<vector> 
400
(
(-0.0125323 -2.67409e-05 0)
(-0.032307 0.00516726 0)
(-0.0391376 0.000393717 0)
(-0.0434996 0.00026351 0)
(-0.045952 -0.000852628 0)
(-0.0451074 -0.00162376 0)
(-0.0467666 0.000123443 0)
(-0.0480175 -0.00146221 0)
(-0.0464741 -0.00143867 0)
(-0.0478192 -0.00068985 0)
(-0.0481021 -0.000354489 0)
(-0.0481345 -0.00128925 0)
(-0.0487155 -0.0016416 0)
(-0.0464385 -0.00119251 0)
(-0.0492142 -0.00108541 0)
(-0.0463054 -0.00262177 0)
(-0.0456163 -0.000475782 0)
(-0.0404674 -0.00321735 0)
(-0.0417044 -0.00930004 0)
(-0.00103726 -0.0157529 0)
(-0.00858088 0.0366978 0)
(-0.018658 0.0231431 0)
(-0.0158918 0.009571 0)
(-0.0204816 0.00592453 0)
(-0.0193146 0.00236413 0)
(-0.0203854 0.00199319 0)
(-0.0208823 0.00159985 0)
(-0.0203049 0.0015022 0)
(-0.0210031 0.00131213 0)
(-0.0205083 0.00152822 0)
(-0.0201228 0.00153224 0)
(-0.0187725 0.000737236 0)
(-0.0200999 0.00154046 0)
(-0.0163135 -0.000576225 0)
(-0.0213655 0.00117183 0)
(-0.0156931 -0.00141541 0)
(-0.02561 -0.00197262 0)
(-0.0158369 -0.0108306 0)
(-0.0295472 -0.0215369 0)
(-0.00306077 -0.0385197 0)
(-0.00669086 0.0327394 0)
(-0.00755677 0.0184317 0)
(-0.0063164 0.00556325 0)
(-0.00691515 0.00297547 0)
(-0.00580796 0.000320692 0)
(-0.00692285 -4.5481e-06 0)
(-0.00610297 -0.000570593 0)
(-0.00596999 -0.00102279 0)
(-0.00604238 -0.000938545 0)
(-0.00435651 -0.00198225 0)
(-0.00609265 -0.0014503 0)
(-0.00176669 -0.00247423 0)
(-0.00712043 -0.00196672 0)
(0.000157811 -0.00242278 0)
(-0.00880438 -7.07688e-05 0)
(0.000742506 0.000145261 0)
(-0.0108236 0.00259082 0)
(0.00215224 -0.000610592 0)
(-0.00819887 -0.00757082 0)
(0.000614362 -0.0456595 0)
(-0.0026069 0.0444539 0)
(-0.000859385 0.0255899 0)
(-0.00106225 0.00834862 0)
(-0.00187365 0.00493024 0)
(-0.00234358 0.00282717 0)
(-0.00435645 0.00236622 0)
(-0.00381975 0.000691222 0)
(-0.00424649 0.000836892 0)
(-0.004402 0.000514123 0)
(-0.00301475 0.000406601 0)
(-0.00465835 0.000190888 0)
(-0.00224886 0.000491113 0)
(-0.00516572 0.000772527 0)
(-0.00239885 0.000564571 0)
(-0.00629586 0.00171098 0)
(-0.00213203 -0.000431452 0)
(-0.00443762 -0.00262409 0)
(-0.000106378 -0.0152044 0)
(-0.0105137 -0.0225666 0)
(0.00332854 -0.051125 0)
(-0.00189585 0.0391676 0)
(0.00151076 0.0185861 0)
(-0.00117441 0.00626358 0)
(-0.00227821 0.0041244 0)
(-0.0036119 0.00275491 0)
(-0.00487499 0.00148366 0)
(-0.00497734 -0.000481025 0)
(-0.00486569 -0.000826462 0)
(-0.00505072 -0.0016458 0)
(-0.00286733 -0.00209249 0)
(-0.00474691 -0.00194045 0)
(-0.000524528 -0.00247481 0)
(-0.00403434 -0.0012016 0)
(0.00181752 -0.00265972 0)
(-0.00242152 0.00038244 0)
(0.00442921 -0.00305662 0)
(6.70983e-05 0.000999284 0)
(0.00457437 0.00304085 0)
(-0.00241548 -0.00498186 0)
(0.00250204 -0.0499727 0)
(-0.00327085 0.0424764 0)
(0.00218062 0.021738 0)
(-0.00270199 0.0106066 0)
(-0.00373865 0.00721914 0)
(-0.00515966 0.00497814 0)
(-0.00552035 0.00346932 0)
(-0.00602262 0.0010702 0)
(-0.00482937 0.000232842 0)
(-0.00548064 -0.000731062 0)
(-0.00275123 -0.000946477 0)
(-0.00482127 -0.000957683 0)
(-0.00132514 -0.00101271 0)
(-0.00434712 -0.000616859 0)
(-0.000421899 -0.001056 0)
(-0.00423635 -0.000343739 0)
(0.000863808 -0.00257108 0)
(-0.0056824 -0.00185361 0)
(0.00307654 -0.011818 0)
(-0.00584265 -0.0227596 0)
(0.00426421 -0.0544962 0)
(-2.15332e-05 0.0424339 0)
(0.00137149 0.021624 0)
(-0.00289606 0.0134873 0)
(-0.00575972 0.00793348 0)
(-0.0079453 0.00516703 0)
(-0.00799209 0.00234356 0)
(-0.00769715 -0.000567862 0)
(-0.00618503 -0.00188218 0)
(-0.00622018 -0.00310739 0)
(-0.00287562 -0.0033526 0)
(-0.00487043 -0.00315048 0)
(0.000229797 -0.00375322 0)
(-0.00381506 -0.00194459 0)
(0.00272514 -0.00388083 0)
(-0.00234353 -0.000468303 0)
(0.00451463 -0.00332655 0)
(-0.00114157 -0.000807058 0)
(0.0048546 0.000777031 0)
(-0.00383322 -0.00552062 0)
(0.0036295 -0.0502598 0)
(-0.000271519 0.037893 0)
(-0.0017521 0.0217566 0)
(-0.00879513 0.0145422 0)
(-0.00991651 0.0116046 0)
(-0.0121764 0.00657665 0)
(-0.0115716 0.00298631 0)
(-0.00996735 -0.000557793 0)
(-0.00693178 -0.00198747 0)
(-0.00703149 -0.00309018 0)
(-0.0033162 -0.00289464 0)
(-0.00522356 -0.0028299 0)
(-0.000861869 -0.00232766 0)
(-0.00455295 -0.00206458 0)
(0.000993472 -0.00225822 0)
(-0.0046394 -0.00135432 0)
(0.00275897 -0.00338157 0)
(-0.00548135 -0.00103902 0)
(0.00350674 -0.00810863 0)
(-0.00406607 -0.0191676 0)
(0.0045058 -0.0555949 0)
(-0.00018095 0.0451223 0)
(-0.000157508 0.0321304 0)
(-0.00829422 0.0236666 0)
(-0.0131522 0.0137372 0)
(-0.015778 0.00762429 0)
(-0.0156736 0.000578422 0)
(-0.0124846 -0.00481442 0)
(-0.00729721 -0.00557906 0)
(-0.00626043 -0.00639873 0)
(-0.00247277 -0.00635021 0)
(-0.00434456 -0.00560895 0)
(0.000872832 -0.00559715 0)
(-0.00370445 -0.00395082 0)
(0.00310968 -0.00501227 0)
(-0.00366525 -0.00227029 0)
(0.00567891 -0.00400628 0)
(-0.00225631 -0.00144751 0)
(0.00610163 -0.00255118 0)
(-0.00470141 -0.00910109 0)
(0.00394163 -0.0510169 0)
(-0.00146992 0.0391974 0)
(-0.00344494 0.0300681 0)
(-0.0110921 0.0242098 0)
(-0.0157975 0.0172409 0)
(-0.0198047 0.00881456 0)
(-0.0192087 -0.000474096 0)
(-0.0147357 -0.00981992 0)
(-0.00973204 -0.00835526 0)
(-0.00515896 -0.00671451 0)
(-0.00226453 -0.00461487 0)
(-0.00394544 -0.00480405 0)
(3.57954e-05 -0.00269785 0)
(-0.00422793 -0.00306401 0)
(0.00214084 -0.00181813 0)
(-0.00516756 -0.00287818 0)
(0.00523339 -0.00460265 0)
(-0.00429214 -7.7331e-05 0)
(0.0041529 -0.00502091 0)
(-0.00383823 -0.0133209 0)
(0.00518629 -0.054953 0)
(-0.00409323 0.047093 0)
(-0.00311827 0.037528 0)
(-0.0105633 0.034123 0)
(-0.0115874 0.0227629 0)
(-0.0140618 0.0106038 0)
(-0.0152706 -0.00344675 0)
(-0.0110409 -0.0165067 0)
(-0.00958328 -0.0176877 0)
(-0.00315245 -0.0144914 0)
(0.000466431 -0.00912417 0)
(-0.000962343 -0.00829065 0)
(0.00250287 -0.00685415 0)
(-0.00178262 -0.00657439 0)
(0.00173758 -0.00535242 0)
(-0.00441251 -0.00573947 0)
(0.004614 -0.00602486 0)
(-0.00618684 -0.000435053 0)
(0.00851621 -0.00449014 0)
(-0.00492858 -0.0132044 0)
(0.00404821 -0.0517411 0)
(0.00407162 0.0476993 0)
(0.000915955 0.040821 0)
(-0.00112583 0.0338508 0)
(0.000936372 0.0217836 0)
(-0.00354145 0.0120921 0)
(-0.00426658 -0.00156601 0)
(-0.000556734 -0.0150578 0)
(0.000706868 -0.016166 0)
(-0.000129482 -0.0157472 0)
(-0.00103362 -0.00608423 0)
(2.7042e-05 -0.00573659 0)
(5.32022e-05 -0.0012941 0)
(-0.00201468 -0.000783818 0)
(-0.00130396 0.00107478 0)
(-0.00701501 -0.00441414 0)
(0.00516783 -0.00235611 0)
(-0.00897303 -0.00261351 0)
(0.00774235 -0.00605522 0)
(-0.00441349 -0.00450319 0)
(0.00653586 -0.0533425 0)
(0.00130701 0.0435557 0)
(0.00351714 0.0409891 0)
(0.00932732 0.034566 0)
(0.00935786 0.0252772 0)
(0.0106287 0.0173733 0)
(0.0131743 -0.00371324 0)
(0.0109938 -0.0220569 0)
(0.0142226 -0.0201614 0)
(0.0169229 -0.0109134 0)
(0.01074 -0.00843393 0)
(0.00897507 -0.00830227 0)
(0.00611477 -0.00547173 0)
(0.00152262 -0.00583584 0)
(0.0071813 -0.00157431 0)
(9.35422e-05 -0.0129114 0)
(0.00349316 -0.00588958 0)
(-0.00421828 -0.00324819 0)
(0.00274261 -0.0115234 0)
(-0.00675647 -0.0142866 0)
(0.00470071 -0.0532967 0)
(0.00784006 0.0434001 0)
(0.0130295 0.0360345 0)
(0.0192897 0.0288206 0)
(0.0240241 0.0216105 0)
(0.0193076 0.00956588 0)
(0.0294267 -0.00142554 0)
(0.0222765 -0.0143228 0)
(0.0153803 -0.0208459 0)
(0.00983387 -0.0171379 0)
(0.0189656 0.000503197 0)
(0.0181887 -0.00314489 0)
(0.0181228 0.00565883 0)
(0.0198543 -0.000692233 0)
(0.0148861 0.00160556 0)
(0.0168669 0.00273913 0)
(-0.00303739 0.00217584 0)
(-0.00315569 4.16703e-06 0)
(-0.000933281 -0.00222161 0)
(-0.00503365 -0.0026959 0)
(0.00715255 -0.0529833 0)
(0.00364022 0.0228049 0)
(0.0250825 0.028951 0)
(0.0266043 0.0279695 0)
(0.0370863 0.0234602 0)
(0.0363665 0.0152593 0)
(0.037541 -0.00272836 0)
(0.0325501 -0.00951101 0)
(0.0166285 -0.0091908 0)
(0.00219859 -0.0115668 0)
(-0.00256133 -0.0122418 0)
(-0.00176452 -0.00798751 0)
(-0.0084267 -0.0066299 0)
(0.00258491 -0.00181467 0)
(-0.00851288 0.000892143 0)
(0.00437893 0.00366002 0)
(-0.000625999 0.0101025 0)
(0.00675431 -0.00520315 0)
(0.00600059 -0.0136177 0)
(-0.00707048 -0.0253249 0)
(0.00527428 -0.0549739 0)
(0.00430953 0.0082544 0)
(0.0228024 0.0120653 0)
(0.0293489 0.0116386 0)
(0.0351055 0.0124102 0)
(0.0407947 0.0105373 0)
(0.038913 0.00366079 0)
(0.0364314 0.00403119 0)
(0.0335102 0.00363242 0)
(0.0298592 0.00291287 0)
(0.0255425 0.00395539 0)
(0.01466 0.0023402 0)
(0.0157336 0.00410009 0)
(0.00449414 -0.00240388 0)
(0.010675 0.0034603 0)
(4.54087e-05 -0.00549912 0)
(0.00520148 0.002985 0)
(0.00303458 -0.0019899 0)
(0.0114181 0.0113697 0)
(-0.00448729 0.00445726 0)
(0.00921832 -0.0515592 0)
(0.00741755 -0.00636548 0)
(0.0075651 0.00822036 0)
(0.0103519 0.0131127 0)
(0.0142732 0.00906678 0)
(0.0156561 0.00906527 0)
(0.0119289 -0.00137433 0)
(0.00679316 -0.00137088 0)
(0.0095586 -0.00383188 0)
(8.62001e-05 -0.00211124 0)
(0.00875825 0.000809264 0)
(-0.00148679 1.03256e-05 0)
(0.00542634 0.00226833 0)
(0.00248101 0.00175378 0)
(-0.00271455 0.0032158 0)
(0.00259085 0.0090269 0)
(-0.00251928 0.00298845 0)
(-0.00815794 -0.0154524 0)
(0.00973236 -0.00604039 0)
(-0.0055383 -0.0289165 0)
(0.00633202 -0.0545532 0)
(-0.00729026 -0.00625376 0)
(0.0053283 0.0101678 0)
(0.00885705 0.00705044 0)
(0.00758838 0.00961039 0)
(0.0167467 0.0118983 0)
(0.015792 0.0111201 0)
(0.0172668 0.00733323 0)
(0.017368 0.00754375 0)
(0.0155284 0.00577394 0)
(0.01694 0.00449519 0)
(0.0145114 0.0074165 0)
(0.0177937 0.00284276 0)
(0.0120036 0.00583927 0)
(0.0195541 0.00607758 0)
(0.00914816 -0.004782 0)
(0.021556 0.0130943 0)
(0.0131802 -0.00740301 0)
(0.012451 0.0078307 0)
(-0.000378813 0.0148536 0)
(0.0139079 -0.0454741 0)
(-0.0176329 -0.00475869 0)
(-0.0111138 -0.00337705 0)
(-0.0187791 0.00627803 0)
(-0.00887684 0.00197098 0)
(-0.0126378 0.00239462 0)
(-0.00421161 -0.000479582 0)
(-0.0111599 -0.000378869 0)
(-0.00354454 -0.00134626 0)
(-0.01181 -0.000773251 0)
(-0.00310846 8.1303e-05 0)
(-0.0121489 -2.51349e-05 0)
(0.00161647 0.0015233 0)
(-0.01347 -0.00107681 0)
(0.00702708 0.00636762 0)
(-0.00924973 0.00173047 0)
(-4.53155e-05 0.00395161 0)
(0.00435802 -0.00635419 0)
(-0.0158947 -1.38791e-05 0)
(0.0192328 -0.0312098 0)
(0.0128558 -0.053833 0)
(0.000795803 0.0178946 0)
(0.0144948 0.0133231 0)
(0.0117561 0.00505277 0)
(0.0215374 0.0053892 0)
(0.0226538 0.00554477 0)
(0.0273438 0.0065754 0)
(0.0306172 0.00670511 0)
(0.0337891 0.00580738 0)
(0.0363419 0.00621423 0)
(0.0386276 0.00449089 0)
(0.0412422 0.00506793 0)
(0.0427389 0.0031099 0)
(0.0455592 0.00427633 0)
(0.046891 0.000726971 0)
(0.0494888 0.00430524 0)
(0.0512666 -0.00097374 0)
(0.0531316 0.00411647 0)
(0.0508465 -0.000553816 0)
(0.0460401 -0.00492375 0)
(0.0242768 0.0010958 0)
)
;

boundaryField
{
    movingWall
    {
        type            fixedValue;
        value           uniform (1 0 0);
    }
    fixedWalls
    {
        type            noSlip;
    }
    frontAndBack
    {
        type            empty;
    }
}


// ************************************************************************* //
