/*--------------------------------*- C++ -*----------------------------------*\
| =========                 |                                                 |
| \\      /  F ield         | OpenFOAM: The Open Source CFD Toolbox           |
|  \\    /   O peration     | Version:  5.x                                   |
|   \\  /    A nd           | Web:      www.OpenFOAM.org                      |
|    \\/     M anipulation  |                                                 |
\*---------------------------------------------------------------------------*/
FoamFile
{
    version     2.0;
    format      ascii;
    class       volScalarField;
    location    "15.1";
    object      p;
}
// * * * * * * * * * * * * * * * * * * * * * * * * * * * * * * * * * * * * * //

dimensions      [0 2 -2 0 0 0 0];

internalField   nonuniform List<scalar> 
400
(
2.92139e-09
-0.000474842
-0.000815898
-0.00103521
-0.00112958
-0.00117979
-0.00120557
-0.00121716
-0.00122689
-0.0012299
-0.00124227
-0.00124672
-0.00125535
-0.0012546
-0.00124722
-0.00120953
-0.00104477
-0.000754954
-0.000495798
0.000786237
-0.000518175
-0.000846016
-0.0010443
-0.00115054
-0.00117956
-0.00119263
-0.00121058
-0.0012183
-0.00122902
-0.00124045
-0.00124003
-0.00127104
-0.00126611
-0.00127207
-0.00127463
-0.00126402
-0.00132195
-0.00114277
-0.00114831
-0.000211735
-0.000837077
-0.00106498
-0.00114323
-0.00118974
-0.00120503
-0.00121188
-0.00122362
-0.00122981
-0.00123935
-0.00124305
-0.00125231
-0.00126192
-0.00127636
-0.00126624
-0.0012856
-0.00124273
-0.00129043
-0.00120028
-0.00115709
-0.000776911
-0.00101519
-0.00114987
-0.00116472
-0.00119385
-0.00120559
-0.00121411
-0.00122728
-0.00123736
-0.00124696
-0.00125451
-0.00126109
-0.00126705
-0.00128209
-0.0012664
-0.00129058
-0.00125058
-0.00129771
-0.00121024
-0.00132433
-0.00108675
-0.001115
-0.00118012
-0.00119407
-0.00120675
-0.00121629
-0.00122677
-0.00123705
-0.00124692
-0.00125839
-0.00126123
-0.00127856
-0.00127269
-0.00128802
-0.00127569
-0.00129038
-0.00125132
-0.00128824
-0.00123081
-0.00125291
-0.00115328
-0.00117633
-0.00121821
-0.00121661
-0.00122337
-0.0012293
-0.00123835
-0.0012489
-0.00125931
-0.00127191
-0.00127317
-0.00128565
-0.00127435
-0.00129271
-0.00127633
-0.001295
-0.00125872
-0.00129116
-0.00124103
-0.00127578
-0.00121589
-0.00120998
-0.00125026
-0.00122613
-0.00123561
-0.0012353
-0.00124682
-0.00125737
-0.00126908
-0.00128994
-0.00129051
-0.00134085
-0.0012933
-0.00130396
-0.00129308
-0.001301
-0.00128428
-0.00128556
-0.0012581
-0.00126351
-0.00125847
-0.00124626
-0.00124991
-0.00125383
-0.0012426
-0.00125167
-0.0012609
-0.00127626
-0.00129121
-0.00130772
-0.00132369
-0.00133917
-0.00132218
-0.00130834
-0.00129645
-0.00129061
-0.00128643
-0.0013061
-0.00128392
-0.00126737
-0.00133058
-0.00125568
-0.00128926
-0.00125936
-0.00126103
-0.00125828
-0.00127233
-0.00128833
-0.00130798
-0.00133948
-0.0013973
-0.00142839
-0.00135588
-0.00133067
-0.00133152
-0.00134801
-0.00134726
-0.00136987
-0.00134979
-0.00133146
-0.00136385
-0.00125493
-0.0012562
-0.00125127
-0.00125398
-0.00127006
-0.0012888
-0.00131614
-0.00134424
-0.00137658
-0.00143248
-0.0014363
-0.00139861
-0.00134869
-0.00129711
-0.00132268
-0.00130711
-0.00134257
-0.00133667
-0.00136369
-0.00132459
-0.00124829
-0.00124685
-0.00125285
-0.00127742
-0.00129718
-0.00131146
-0.00138003
-0.00144587
-0.00150633
-0.00147374
-0.001417
-0.00138453
-0.00135451
-0.00132475
-0.00136867
-0.00135996
-0.00134101
-0.00132769
-0.00131079
-0.00125868
-0.00122935
-0.00125405
-0.0012514
-0.00126972
-0.00129512
-0.001335
-0.00145904
-0.00157975
-0.00169796
-0.00161107
-0.00149179
-0.0013407
-0.00129783
-0.00129424
-0.00130103
-0.00130369
-0.00129393
-0.00126798
-0.00125865
-0.00125686
-0.00123962
-0.00126233
-0.00126281
-0.00128021
-0.00131149
-0.00136857
-0.00154904
-0.00172628
-0.00187779
-0.00175262
-0.00159614
-0.00146769
-0.00143233
-0.00136302
-0.00137703
-0.00133764
-0.00130938
-0.00130752
-0.0013335
-0.00128251
-0.00121704
-0.00122986
-0.00123379
-0.00123841
-0.00128087
-0.00134714
-0.0015495
-0.00173318
-0.00189564
-0.00178856
-0.00164666
-0.00152512
-0.0012163
-0.00133381
-0.00128094
-0.00134611
-0.00137057
-0.00123149
-0.00136153
-0.00126905
-0.00116254
-0.00119628
-0.00120478
-0.00121023
-0.00123782
-0.00129534
-0.0014697
-0.00162192
-0.00180709
-0.00176041
-0.00163954
-0.00150786
-0.00121043
-0.00130365
-0.00133534
-0.00132337
-0.00150523
-0.00137587
-0.00145281
-0.00122312
-0.00112464
-0.00115947
-0.00117439
-0.00116284
-0.00119112
-0.00121439
-0.0013316
-0.00146196
-0.00158612
-0.00161492
-0.00158283
-0.00147913
-0.00141127
-0.00146908
-0.00130285
-0.00118844
-0.00120226
-0.00112093
-0.00116024
-0.00107336
-0.000986147
-0.00108206
-0.00109673
-0.00111047
-0.00114349
-0.00114419
-0.00119795
-0.00131981
-0.0014225
-0.00149742
-0.00149361
-0.00122871
-0.00149847
-0.0015644
-0.00127763
-0.00128938
-0.00141028
-0.00129554
-0.00137235
-0.000975209
-0.000822722
-0.000958735
-0.00104713
-0.0010607
-0.00109183
-0.00112752
-0.00113565
-0.0012161
-0.00135448
-0.00161723
-0.00174818
-0.00164054
-0.00148093
-0.00129148
-0.00125705
-0.00135589
-0.00123072
-0.0010865
-0.00107547
-0.000703109
-0.000560159
-0.000803401
-0.000959265
-0.00100628
-0.00104853
-0.00104555
-0.00110708
-0.00108298
-0.00137193
-0.00182192
-0.00213573
-0.00168231
-0.00134902
-0.001169
-0.00121639
-0.00133326
-0.00121041
-0.00137866
-0.00112634
-0.000478141
-0.000286926
-0.000563173
-0.000848031
-0.000966735
-0.00103873
-0.00112086
-0.0012264
-0.00139079
-0.00148025
-0.00145937
-0.00137348
-0.00129328
-0.00115262
-0.00115185
-0.00125272
-0.00132595
-0.00134892
-0.000959455
1.36732e-05
0.00197507
)
;

boundaryField
{
    movingWall
    {
        type            zeroGradient;
    }
    fixedWalls
    {
        type            zeroGradient;
    }
    frontAndBack
    {
        type            empty;
    }
}


// ************************************************************************* //
