/*--------------------------------*- C++ -*----------------------------------*\
| =========                 |                                                 |
| \\      /  F ield         | OpenFOAM: The Open Source CFD Toolbox           |
|  \\    /   O peration     | Version:  5.x                                   |
|   \\  /    A nd           | Web:      www.OpenFOAM.org                      |
|    \\/     M anipulation  |                                                 |
\*---------------------------------------------------------------------------*/
FoamFile
{
    version     2.0;
    format      ascii;
    class       surfaceScalarField;
    location    "15.1";
    object      phi;
}
// * * * * * * * * * * * * * * * * * * * * * * * * * * * * * * * * * * * * * //

dimensions      [0 3 -1 0 0 0 0];

internalField   nonuniform List<scalar> 
760
(
-1.03661e-06
1.03661e-06
-1.76924e-06
7.32631e-07
-2.07994e-06
3.10694e-07
-2.25155e-06
1.7161e-07
-2.30883e-06
5.7282e-08
-2.34243e-06
3.35964e-08
-2.37554e-06
3.31116e-08
-2.39657e-06
2.10307e-08
-2.43547e-06
3.89032e-08
-2.46207e-06
2.65958e-08
-2.50933e-06
4.72651e-08
-2.5603e-06
5.09637e-08
-2.59857e-06
3.82756e-08
-2.61764e-06
1.90685e-08
-2.64523e-06
2.75914e-08
-2.62009e-06
-2.51427e-08
-2.57326e-06
-4.68244e-08
-2.19417e-06
-3.79099e-07
-1.4768e-06
-7.17361e-07
-1.4768e-06
-6.26517e-07
1.66313e-06
-9.29624e-07
1.03574e-06
-1.01021e-06
3.91279e-07
-1.06275e-06
2.24151e-07
-1.02386e-06
1.83968e-08
-1.06085e-06
7.05797e-08
-1.05562e-06
2.78801e-08
-1.07271e-06
3.8122e-08
-1.07796e-06
4.4156e-08
-1.08542e-06
3.40537e-08
-1.10611e-06
6.79608e-08
-1.09376e-06
3.86139e-08
-1.09801e-06
4.25197e-08
-1.07453e-06
-4.41128e-09
-1.09991e-06
5.29686e-08
-1.12618e-06
1.12905e-09
-1.17962e-06
6.61871e-09
-1.21756e-06
-3.4116e-07
-1.05353e-06
-8.81388e-07
-2.53034e-06
-2.77399e-07
1.94053e-06
-3.88932e-07
1.14727e-06
-3.31618e-07
3.33965e-07
-2.7661e-07
1.69143e-07
-2.98119e-07
3.9906e-08
-2.84647e-07
5.71071e-08
-3.15009e-07
5.82425e-08
-3.32984e-07
5.60971e-08
-3.46413e-07
5.75849e-08
-3.78523e-07
6.61639e-08
-3.89817e-07
7.92547e-08
-4.45101e-07
9.38976e-08
-4.53125e-07
5.05444e-08
-4.8576e-07
2.82237e-08
-4.24995e-07
-7.79715e-09
-3.99078e-07
-2.4788e-08
-2.66872e-07
-1.25587e-07
-1.20101e-07
-4.8793e-07
-2.40617e-07
-7.60872e-07
-2.77095e-06
-1.41192e-07
2.08172e-06
-1.53681e-07
1.15976e-06
-1.36035e-07
3.16319e-07
-1.25223e-07
1.58331e-07
-1.86302e-07
1.00986e-07
-2.36428e-07
1.07233e-07
-2.66537e-07
8.83515e-08
-2.97435e-07
8.69952e-08
-2.8397e-07
4.41202e-08
-2.80015e-07
6.22089e-08
-2.23119e-07
2.23582e-08
-2.3721e-07
1.07989e-07
-2.16e-07
2.93343e-08
-2.21626e-07
3.38499e-08
-1.92913e-07
-3.65106e-08
-1.124e-07
-1.05301e-07
-1.63256e-07
-7.4731e-08
-2.12384e-07
-4.38802e-07
-2.16785e-07
-7.56471e-07
-2.98774e-06
-8.80255e-08
2.16974e-06
-1.22467e-07
1.1942e-06
-1.45456e-07
3.39308e-07
-1.53132e-07
1.66006e-07
-1.89262e-07
1.37116e-07
-2.28715e-07
1.46686e-07
-2.52087e-07
1.11724e-07
-2.62411e-07
9.73197e-08
-2.51981e-07
3.36897e-08
-1.94321e-07
4.54881e-09
-1.20035e-07
-5.19281e-08
-1.38226e-07
1.2618e-07
-1.05835e-07
-3.05658e-09
-1.10834e-07
3.88495e-08
-1.62357e-07
1.50119e-08
-1.65515e-07
-1.02143e-07
-6.16757e-08
-1.78571e-07
6.40486e-08
-5.64526e-07
3.3278e-08
-7.257e-07
-2.95446e-06
-4.70107e-08
2.21676e-06
-7.83716e-08
1.22556e-06
-1.01084e-07
3.62021e-07
-1.69007e-07
2.33929e-07
-2.23093e-07
1.91202e-07
-2.65892e-07
1.89484e-07
-3.077e-07
1.53532e-07
-3.13479e-07
1.03099e-07
-2.99118e-07
1.93289e-08
-2.11343e-07
-8.32268e-08
-1.37056e-07
-1.26214e-07
-1.69732e-07
1.58856e-07
-1.50905e-07
-2.18837e-08
-1.50046e-07
3.79903e-08
-1.82375e-07
4.73404e-08
-1.63771e-07
-1.20747e-07
-1.61812e-07
-1.80529e-07
-1.71133e-07
-5.55205e-07
-1.11582e-07
-7.85252e-07
-3.06604e-06
-3.95378e-08
2.25629e-06
-5.00926e-08
1.23612e-06
-7.69039e-08
3.88832e-07
-1.28654e-07
2.85679e-07
-1.80069e-07
2.42617e-07
-2.39968e-07
2.49383e-07
-3.08841e-07
2.22405e-07
-3.23392e-07
1.1765e-07
-2.25164e-07
-7.88991e-08
-8.3422e-08
-2.24969e-07
-7.79542e-08
-1.31682e-07
-1.68358e-07
2.4926e-07
-1.30084e-07
-6.0158e-08
-1.34595e-07
4.25013e-08
-8.19577e-08
-5.29658e-09
-6.06249e-08
-1.42079e-07
-1.0497e-07
-1.36184e-07
-5.15636e-08
-6.08612e-07
6.60103e-09
-8.43416e-07
-3.05944e-06
-3.20533e-08
2.28835e-06
-7.28065e-08
1.27687e-06
-9.12804e-08
4.07306e-07
-1.47745e-07
3.42143e-07
-2.82834e-07
3.77706e-07
-3.5855e-07
3.25099e-07
-3.82042e-07
2.45897e-07
-3.78468e-07
1.14076e-07
-2.55786e-07
-2.01581e-07
-1.11791e-07
-3.68964e-07
-2.22557e-07
-2.09155e-08
-3.55988e-07
3.82691e-07
-3.39987e-07
-7.61586e-08
-3.13e-07
1.55143e-08
-3.10522e-07
-7.77523e-09
-3.95897e-07
-5.67039e-08
-3.05075e-07
-2.27006e-07
-2.03258e-07
-7.10429e-07
-6.20952e-08
-9.84579e-07
-3.12154e-06
-1.5305e-09
2.28988e-06
3.15357e-08
1.2438e-06
-3.16346e-08
4.70477e-07
-1.2003e-07
4.30538e-07
-2.26019e-07
4.83696e-07
-3.52724e-07
4.51803e-07
-4.13891e-07
3.07064e-07
-3.71667e-07
7.18522e-08
-2.67097e-07
-3.06151e-07
-2.13634e-07
-4.22427e-07
-3.06227e-07
7.16775e-08
-3.411e-07
4.17564e-07
-2.40677e-07
-1.76582e-07
-2.6753e-07
4.23672e-08
-3.26754e-07
5.14494e-08
-2.52666e-07
-1.30792e-07
-2.15799e-07
-2.63873e-07
-1.76916e-07
-7.49312e-07
-3.07324e-08
-1.13076e-06
-3.15227e-06
4.35331e-08
2.24634e-06
7.98442e-09
1.27935e-06
-5.03516e-08
5.28813e-07
-2.51746e-07
6.31933e-07
-3.32687e-07
5.64636e-07
-4.01056e-07
5.20173e-07
-5.93461e-07
4.9947e-07
-6.79698e-07
1.58089e-07
-7.14494e-07
-2.71355e-07
-6.53732e-07
-4.8319e-07
-5.57942e-07
-2.41123e-08
-5.26998e-07
3.86621e-07
-3.83496e-07
-3.20084e-07
-2.75241e-07
-6.58878e-08
-2.17785e-07
-6.00674e-09
-9.23311e-08
-2.56246e-07
1.21515e-07
-4.77719e-07
5.29233e-08
-6.80721e-07
-3.48081e-08
-1.04303e-06
-3.18708e-06
1.31272e-08
2.23322e-06
3.85879e-08
1.25389e-06
-1.2111e-07
6.8851e-07
-1.67642e-07
6.78465e-07
-1.81127e-07
5.78122e-07
-3.01695e-07
6.4074e-07
-5.78436e-07
7.76211e-07
-8.05568e-07
3.85221e-07
-9.62552e-07
-1.1437e-07
-8.8414e-07
-5.61603e-07
-4.67836e-07
-4.40416e-07
-4.19026e-08
-3.93123e-08
1.29418e-07
-4.91404e-07
9.82926e-08
-3.47627e-08
8.7105e-08
5.18092e-09
-1.73882e-08
-1.51753e-07
7.45333e-08
-5.6964e-07
1.50872e-07
-7.57059e-07
2.51431e-08
-9.17303e-07
-3.16193e-06
8.59344e-09
2.22462e-06
-5.03647e-08
1.31285e-06
2.14854e-08
6.1666e-07
1.51357e-07
5.48593e-07
2.98927e-08
6.99586e-07
-2.50122e-07
9.20754e-07
-4.64067e-07
9.90157e-07
-6.45956e-07
5.6711e-07
-8.24193e-07
6.38671e-08
-8.5734e-07
-5.28457e-07
-6.27958e-07
-6.69797e-07
-6.85324e-08
-5.98738e-07
1.46219e-07
-7.06155e-07
1.79679e-07
-6.82233e-08
3.21714e-07
-1.36854e-07
1.89318e-07
-1.93563e-08
-6.10524e-08
-3.1927e-07
-9.33429e-08
-7.24769e-07
1.24021e-08
-1.02305e-06
-3.14953e-06
2.08151e-08
2.20381e-06
3.07553e-08
1.30291e-06
1.04398e-07
5.43018e-07
1.32991e-07
5.2e-07
3.70533e-08
7.95524e-07
-3.32355e-08
9.91043e-07
-7.47331e-08
1.03165e-06
-1.86218e-07
6.78595e-07
-2.31532e-07
1.09181e-07
-1.86549e-07
-5.73439e-07
-2.77683e-07
-5.78663e-07
-6.16217e-08
-8.148e-07
1.83143e-07
-9.5092e-07
2.05323e-07
-9.04038e-08
2.61389e-07
-1.9292e-07
1.07299e-07
1.34734e-07
-1.91297e-07
-2.0674e-08
-1.84084e-07
-7.31983e-07
-5.98454e-08
-1.14729e-06
-3.20938e-06
4.4955e-08
2.15885e-06
1.14854e-07
1.23301e-06
1.26359e-07
5.31513e-07
1.0156e-07
5.44798e-07
2.92508e-07
6.04576e-07
4.48035e-07
8.35517e-07
4.20502e-07
1.05919e-06
4.05854e-07
6.93243e-07
3.5643e-07
1.58605e-07
2.65282e-07
-4.82292e-07
9.26292e-08
-4.0601e-07
1.32616e-07
-8.54787e-07
-6.79374e-08
-7.50366e-07
-2.20012e-07
6.16706e-08
-2.32438e-07
-1.80494e-07
-3.2651e-07
2.28806e-07
-4.43829e-08
-3.02801e-07
-5.06136e-08
-7.25752e-07
1.46731e-08
-1.21257e-06
-3.1947e-06
-1.11296e-08
2.16998e-06
3.58977e-08
1.18598e-06
1.09184e-07
4.58227e-07
3.39148e-07
3.14833e-07
5.09222e-07
4.34503e-07
6.44592e-07
7.00147e-07
8.41709e-07
8.62069e-07
1.02041e-06
5.14539e-07
1.06066e-06
1.18361e-07
9.89242e-07
-4.10876e-07
1.07922e-06
-4.95983e-07
1.04669e-06
-8.22267e-07
9.57584e-07
-6.61255e-07
8.48341e-07
1.70914e-07
6.4376e-07
2.40873e-08
6.91772e-07
1.80794e-07
6.20382e-07
-2.31412e-07
1.31322e-07
-2.36691e-07
-7.76075e-08
-1.00364e-06
-3.27231e-06
1.68496e-07
2.00149e-06
2.22886e-07
1.13159e-06
2.97071e-07
3.84043e-07
2.76144e-07
3.3576e-07
5.2547e-07
1.85177e-07
7.57617e-07
4.68e-07
1.0405e-06
5.79181e-07
1.32848e-06
2.26564e-07
1.44449e-06
2.34564e-09
1.51695e-06
-4.83332e-07
1.55883e-06
-5.37863e-07
1.15326e-06
-4.16695e-07
8.86667e-07
-3.94664e-07
8.24558e-07
2.33022e-07
4.45791e-07
4.02854e-07
3.81524e-07
2.45061e-07
2.81849e-07
-1.31737e-07
1.82984e-07
-1.37826e-07
1.66356e-07
-9.87015e-07
-3.10596e-06
1.09202e-07
1.89228e-06
2.63464e-07
9.77331e-07
3.84633e-07
2.62874e-07
3.96652e-07
3.23742e-07
5.56587e-07
2.52411e-08
8.95338e-07
1.29249e-07
1.10814e-06
3.66376e-07
1.39182e-06
-5.71128e-08
1.62396e-06
-2.29797e-07
1.60713e-06
-4.665e-07
1.13607e-06
-6.67981e-08
2.0679e-07
5.12582e-07
-5.75033e-07
3.87159e-07
-4.75118e-07
1.33108e-07
-4.20337e-08
-3.02304e-08
-1.01352e-07
3.0438e-07
3.35882e-07
-5.68971e-07
3.41114e-07
-1.43059e-07
-9.04549e-08
-5.55446e-07
-3.19641e-06
3.71049e-07
1.52124e-06
4.34177e-07
9.14203e-07
4.84727e-07
2.12324e-07
6.46895e-07
1.61573e-07
5.81043e-07
9.10935e-08
7.51936e-07
-4.16442e-08
1.01784e-06
1.00469e-07
1.19009e-06
-2.29358e-07
1.42898e-06
-4.68684e-07
1.37052e-06
-4.08044e-07
1.30551e-06
-1.78731e-09
1.35876e-06
4.59328e-07
1.14146e-06
6.04465e-07
8.0565e-07
4.68914e-07
8.63257e-07
-8.78376e-08
6.57556e-07
5.10081e-07
3.37318e-07
-2.48734e-07
1.16275e-07
7.79839e-08
3.26273e-07
-7.65444e-07
-2.87014e-06
4.80293e-07
1.04094e-06
7.42545e-07
6.51951e-07
6.64657e-07
2.90212e-07
6.21107e-07
2.05123e-07
5.20033e-07
1.92168e-07
3.09338e-07
1.69051e-07
1.60912e-07
2.48895e-07
-1.85275e-07
1.16829e-07
-7.7944e-07
1.25482e-07
-1.17081e-06
-1.66748e-08
-1.23319e-06
6.05972e-08
-7.24863e-07
-4.90038e-08
-2.33458e-07
1.13061e-07
1.13485e-07
1.21971e-07
-7.76633e-08
1.0331e-07
2.78357e-07
1.54061e-07
6.57067e-08
-3.60837e-08
3.51133e-07
-2.07443e-07
9.68775e-07
-1.38309e-06
-1.90136e-06
1.04094e-06
1.69289e-06
1.98311e-06
2.18823e-06
2.3804e-06
2.54945e-06
2.79834e-06
2.91517e-06
3.04065e-06
3.02398e-06
3.08458e-06
3.03557e-06
3.14863e-06
3.2706e-06
3.37391e-06
3.52797e-06
3.49189e-06
3.28445e-06
1.90136e-06
)
;

boundaryField
{
    movingWall
    {
        type            calculated;
        value           uniform 0;
    }
    fixedWalls
    {
        type            calculated;
        value           uniform 0;
    }
    frontAndBack
    {
        type            empty;
        value           nonuniform 0();
    }
}


// ************************************************************************* //
